# Experiment IPTS-34347 Run 218397
# Reduction 2.2.0.dev47+d202502071725
# Run title: CuPt_d8-THF-fullQ_OCV_after-218397-1.
# Run start time: 2025-04-20T20:11:46.981319667
# Reduction time: Sun Apr 20 16:14:27 2025
# Q summing: False
# TOF weighted: False
# Bck in Q: False
# Theta offset: 0
# DataRun   NormRun   TwoTheta(deg)  LambdaMin(A)   LambdaMax(A) Qmin(1/A)    Qmax(1/A)    SF_A         SF_B
# 218397    218274    0.898077       2.74977        9.49868      0.0103       0.0358       4.0          0           
# 218398    218275    2.39948        2.74977        9.49869      0.0276       0.0956       16.0         0           
# 218399    218338    7.0002         2.74975        9.4987       0.0807       0.2789       196.0        0           
# Q [1/Angstrom]        R                     dR                    dQ [FWHM]            
  0.0104865232866460    0.8862552314438270    0.0309564771169927    0.0002855827369178
  0.0105389559030792    1.0106920701817186    0.0335459474689657    0.0002870106506024
  0.0105916506825946    1.0543883464309860    0.0349678296415774    0.0002884457038554
  0.0106446089360076    0.9638599239892747    0.0316326209229457    0.0002898879323747
  0.0106978319806876    1.0682162775253856    0.0343485367024611    0.0002913373720366
  0.0107513211405911    1.0186698229943796    0.0317916918405409    0.0002927940588967
  0.0108050777462940    0.9984388643240760    0.0312699461426528    0.0002942580291912
  0.0108591031350255    1.0745559098382806    0.0327333021138329    0.0002957293193372
  0.0109133986507006    1.2082889393377170    0.0358402424206887    0.0002972079659339
  0.0109679656439541    1.0458255332433437    0.0315878744570397    0.0002986940057635
  0.0110228054721739    1.0044314937245780    0.0298051591670192    0.0003001874757924
  0.0110779194995348    1.1286203836889015    0.0328502443389344    0.0003016884131713
  0.0111333090970324    0.9973267621055442    0.0281766145185548    0.0003031968552372
  0.0111889756425176    0.9720952615316091    0.0276067280581593    0.0003047128395134
  0.0112449205207302    1.1245665735960677    0.0312238037802627    0.0003062364037109
  0.0113011451233338    1.0060648750782271    0.0278978660187442    0.0003077675857295
  0.0113576508489505    1.1381867822708933    0.0306141400754957    0.0003093064236581
  0.0114144391031953    1.0668182956020933    0.0290641751916291    0.0003108529557764
  0.0114715112987112    1.0145195206185800    0.0266685312067266    0.0003124072205553
  0.0115288688552048    1.0913602335777417    0.0281950448197382    0.0003139692566581
  0.0115865131994808    1.0440841644650845    0.0270411825400045    0.0003155391029414
  0.0116444457654782    1.0194027606653471    0.0264652264004351    0.0003171167984561
  0.0117026679943056    1.0172091792830680    0.0262319802139288    0.0003187023824484
  0.0117611813342771    1.0024681420182331    0.0255101890690548    0.0003202958943606
  0.0118199872409485    1.1188489793754903    0.0274301750913943    0.0003218973738324
  0.0118790871771533    1.0032828909579097    0.0247092409485472    0.0003235068607016
  0.0119384826130390    0.9247136392530459    0.0225071723779554    0.0003251243950051
  0.0119981750261042    1.0415544709318816    0.0250638917660479    0.0003267500169801
  0.0120581659012347    1.0662328111722943    0.0251915718790694    0.0003283837670650
  0.0121184567307409    0.9833323691837953    0.0235670599057238    0.0003300256859003
  0.0121790490143946    1.0415992747688678    0.0238307271811628    0.0003316758143298
  0.0122399442594666    0.9795329982627478    0.0225440614424304    0.0003333341934015
  0.0123011439807639    0.9476935125007415    0.0219576775319708    0.0003350008643685
  0.0123626497006677    1.0287834422353661    0.0225515439292379    0.0003366758686903
  0.0124244629491711    1.0581161124330922    0.0229843412532303    0.0003383592480338
  0.0124865852639169    0.9970766892738254    0.0219204755288243    0.0003400510442739
  0.0125490181902365    1.0325689259908566    0.0226232197792258    0.0003417512994953
  0.0126117632811877    0.9725078503538426    0.0211527272376884    0.0003434600559928
  0.0126748220975936    1.0182759100835697    0.0214358373875570    0.0003451773562728
  0.0127381962080816    1.0352558266631464    0.0216009975652420    0.0003469032430541
  0.0128018871891220    0.9889910534910655    0.0205753381363444    0.0003486377592694
  0.0128658966250676    0.9700814936271946    0.0197947846444950    0.0003503809480657
  0.0129302261081930    1.0008620360845788    0.0204463284469737    0.0003521328528061
  0.0129948772387339    1.0279189743072719    0.0206644535296121    0.0003538935170701
  0.0130598516249276    1.0193584746245263    0.0202197345581886    0.0003556629846554
  0.0131251508830522    1.0053115888880684    0.0197651000982114    0.0003574412995787
  0.0131907766374675    1.0167510244433571    0.0198532517737300    0.0003592285060766
  0.0132567305206548    1.0003708352573519    0.0194688906360993    0.0003610246486070
  0.0133230141732581    1.0456527925735053    0.0197413917538379    0.0003628297718500
  0.0133896292441244    0.9993933978281567    0.0191350936568709    0.0003646439207093
  0.0134565773903450    0.9617838092459355    0.0186311929254312    0.0003664671403128
  0.0135238602772967    0.9606461043300708    0.0178584933727885    0.0003682994760144
  0.0135914795786832    0.9278069145509927    0.0176781031324633    0.0003701409733945
  0.0136594369765766    0.9015048443714153    0.0173064040912816    0.0003719916782614
  0.0137277341614595    0.8653757334827727    0.0164802680729293    0.0003738516366527
  0.0137963728322668    0.8344480460094477    0.0163336069381290    0.0003757208948360
  0.0138653546964281    0.8076324294255928    0.0154348064845572    0.0003775994993102
  0.0139346814699103    0.8357765852644704    0.0158886977871531    0.0003794874968067
  0.0140043548772598    0.8403564359250781    0.0164105875252861    0.0003813849342908
  0.0140743766516461    0.7849983233070494    0.0151474569725324    0.0003832918589622
  0.0141447485349043    0.7496024980690135    0.0146413738544166    0.0003852083182570
  0.0142154722775789    0.6531211079047654    0.0131406067017358    0.0003871343598483
  0.0142865496389668    0.6951632641422310    0.0138043967317476    0.0003890700316476
  0.0143579823871616    0.6394159368741958    0.0130645052704098    0.0003910153818058
  0.0144297722990974    0.6371289667976020    0.0127693604781446    0.0003929704587148
  0.0145019211605929    0.6226839871585929    0.0126714770310164    0.0003949353110084
  0.0145744307663958    0.5658642503713986    0.0119216134264780    0.0003969099875634
  0.0146473029202278    0.5626647357456369    0.0118840027549540    0.0003988945375013
  0.0147205394348290    0.5437538275967080    0.0114725546896875    0.0004008890101888
  0.0147941421320031    0.5282426143443261    0.0114581746777945    0.0004028934552397
  0.0148681128426631    0.4942480435124142    0.0107574197678389    0.0004049079225159
  0.0149424534068764    0.5069859845047141    0.0108672317903272    0.0004069324621285
  0.0150171656739108    0.4445428302495244    0.0097863979708207    0.0004089671244391
  0.0150922515022804    0.4451518169873266    0.0099047461693657    0.0004110119600613
  0.0151677127597918    0.4486044419253785    0.0098351741013955    0.0004130670198616
  0.0152435513235907    0.4165302653553954    0.0093272084201582    0.0004151323549609
  0.0153197690802087    0.3980446798180858    0.0091672704386324    0.0004172080167357
  0.0153963679256097    0.3876747653095663    0.0088273952015800    0.0004192940568194
  0.0154733497652378    0.3462346544728980    0.0082445363260783    0.0004213905271035
  0.0155507165140639    0.3506147888818852    0.0081192697840695    0.0004234974797390
  0.0156284700966343    0.3615376438207864    0.0085788645370920    0.0004256149671377
  0.0157066124471174    0.3248678967381638    0.0078233819171586    0.0004277430419734
  0.0157851455093530    0.3058859018638927    0.0075082903826227    0.0004298817571833
  0.0158640712368998    0.3009362572908375    0.0072759951464492    0.0004320311659692
  0.0159433915930843    0.3109486059145738    0.0074794254777755    0.0004341913217991
  0.0160231085510497    0.2781074576149060    0.0068804416340661    0.0004363622784081
  0.0161032240938049    0.2693139226761541    0.0067907724912745    0.0004385440898001
  0.0161837402142740    0.2595283511043216    0.0065414034556535    0.0004407368102491
  0.0162646589153453    0.2601971470383979    0.0067017091405873    0.0004429404943003
  0.0163459822099221    0.2225829792841802    0.0059147138846334    0.0004451551967718
  0.0164277121209717    0.2301780559727468    0.0060927245117691    0.0004473809727557
  0.0165098506815765    0.2225213016672923    0.0059500674810451    0.0004496178776195
  0.0165923999349844    0.2063931907643327    0.0056708342754633    0.0004518659670076
  0.0166753619346593    0.1956297778946606    0.0054421249918251    0.0004541252968426
  0.0167587387443326    0.1972127312451172    0.0053314232420149    0.0004563959233268
  0.0168425324380543    0.1882628163785117    0.0052810244227785    0.0004586779029435
  0.0169267451002446    0.1709235907799616    0.0048870194175886    0.0004609712924582
  0.0170113788257458    0.1678885353290329    0.0048802030826922    0.0004632761489205
  0.0170964357198745    0.1610746168905015    0.0047738057479413    0.0004655925296651
  0.0171819178984739    0.1540157410091588    0.0046866948119817    0.0004679204923134
  0.0172678274879662    0.1405840233221828    0.0044042697359786    0.0004702600947750
  0.0173541666254061    0.1371847018908936    0.0043137750334289    0.0004726113952488
  0.0174409374585331    0.1259130984313741    0.0040655647910234    0.0004749744522251
  0.0175281421458258    0.1259659656255597    0.0040795468539843    0.0004773493244862
  0.0176157828565549    0.1140006621762843    0.0037844803275243    0.0004797360711086
  0.0177038617708377    0.1092219969956422    0.0037224514177702    0.0004821347514642
  0.0177923810796918    0.1021875698893915    0.0034478372498112    0.0004845454252215
  0.0178813429850903    0.0999328173844800    0.0034632101793876    0.0004869681523476
  0.0179707497000158    0.0970800162005824    0.0035095737874064    0.0004894029931093
  0.0180606034485158    0.0960107749908845    0.0033638953029888    0.0004918500080749
  0.0181509064657584    0.0839155492938435    0.0030945472973976    0.0004943092581153
  0.0182416609980872    0.0782572351945713    0.0029974391873752    0.0004967808044058
  0.0183328693030776    0.0760929966236495    0.0029821423145176    0.0004992647084279
  0.0184245336495930    0.0703684910985305    0.0028980103603049    0.0005017610319700
  0.0185166563178410    0.0713445960700020    0.0030060336584961    0.0005042698371299
  0.0186092395994302    0.0651009561357292    0.0028183744351515    0.0005067911863155
  0.0187022857974273    0.0636728081937421    0.0026235799601414    0.0005093251422471
  0.0187957972264145    0.0609350162380167    0.0025128364248115    0.0005118717679583
  0.0188897762125465    0.0542019470716969    0.0023759457044354    0.0005144311267981
  0.0189842250936093    0.0526816943275577    0.0023013667178206    0.0005170032824321
  0.0190791462190773    0.0495048067446691    0.0022401490126499    0.0005195882988443
  0.0191745419501727    0.0509218989479999    0.0021865245985599    0.0005221862403385
  0.0192704146599236    0.0452087204700763    0.0021710090683443    0.0005247971715402
  0.0193667667332232    0.0468212140493519    0.0021118985273677    0.0005274211573979
  0.0194636005668893    0.0441806473499397    0.0020690435743800    0.0005300582631849
  0.0195609185697237    0.0429462542745817    0.0020139604326754    0.0005327085545008
  0.0196587231625724    0.0457686807452941    0.0020267804590585    0.0005353720972733
  0.0197570167783852    0.0391190025739916    0.0019077620659088    0.0005380489577597
  0.0198558018622771    0.0385912298175307    0.0018898431739837    0.0005407392025485
  0.0199550808715885    0.0434945360220177    0.0019615175691036    0.0005434428985612
  0.0200548562759465    0.0402416798260211    0.0019709132683478    0.0005461601130540
  0.0201551305573262    0.0352569875034558    0.0018942962135150    0.0005488909136193
  0.0202559062101128    0.0335440021647806    0.0017749780722689    0.0005516353681874
  0.0203571857411634    0.0347859780338330    0.0017223791130192    0.0005543935450283
  0.0204589716698692    0.0354491309891545    0.0017156358878521    0.0005571655127535
  0.0205612665282185    0.0332388846754522    0.0016310852721303    0.0005599513403172
  0.0206640728608596    0.0335937851085097    0.0016415829512350    0.0005627510970188
  0.0207673932251639    0.0346159346750212    0.0016919128353063    0.0005655648525039
  0.0208712301912897    0.0320593713378423    0.0015806480920398    0.0005683926767664
  0.0209755863422462    0.0340872294654662    0.0016424263588485    0.0005712346401503
  0.0210804642739574    0.0332336384865224    0.0016060967723494    0.0005740908133510
  0.0211858665953272    0.0319850364313610    0.0015789963173338    0.0005769612674178
  0.0212917959283038    0.0327909743281833    0.0016010576764546    0.0005798460737548
  0.0213982549079454    0.0329240678565977    0.0016151377035266    0.0005827453041236
  0.0215052461824851    0.0342298143057478    0.0016215332407691    0.0005856590306442
  0.0216127724133975    0.0309717426279144    0.0015325549883464    0.0005885873257975
  0.0217208362754645    0.0334736181015890    0.0015972272468198    0.0005915302624265
  0.0218294404568418    0.0317474530290542    0.0015382336544487    0.0005944879137386
  0.0219385876591260    0.0295446561646339    0.0014638303987824    0.0005974603533073
  0.0220482805974216    0.0330642400979971    0.0015735870911652    0.0006004476550738
  0.0221585220004087    0.0356891426735439    0.0015891048515229    0.0006034498933492
  0.0222693146104108    0.0309490253098615    0.0014934572654764    0.0006064671428159
  0.0223806611834628    0.0344972189369390    0.0015949719295075    0.0006094994785300
  0.0224925644893802    0.0303548351195112    0.0014857088192939    0.0006125469759227
  0.0226050273118271    0.0327288921556963    0.0015031098570645    0.0006156097108023
  0.0227180524483862    0.0331461247770689    0.0015274323937374    0.0006186877593563
  0.0228316427106281    0.0317354096587349    0.0014849005456751    0.0006217811981531
  0.0229458009241813    0.0319844330765091    0.0015106639658945    0.0006248901041438
  0.0230605299288022    0.0323853975081400    0.0015005584767580    0.0006280145546645
  0.0231758325784462    0.0314018420453243    0.0014571309512667    0.0006311546274379
  0.0232917117413384    0.0317173014874660    0.0014761074942964    0.0006343104005751
  0.0234081703000451    0.0308939841872601    0.0014626645323563    0.0006374819525779
  0.0235252111515453    0.0326030989471306    0.0014799242991363    0.0006406693623408
  0.0236428372073030    0.0291810263701619    0.0013998993361076    0.0006438727091525
  0.0237610513933395    0.0286275541740500    0.0013801652762914    0.0006470920726983
  0.0238798566503062    0.0305780017495184    0.0014334271499037    0.0006503275330618
  0.0239992559335578    0.0286997262941906    0.0014086455933114    0.0006535791707271
  0.0241192522132255    0.0309549576117669    0.0014146946420298    0.0006568470665807
  0.0242398484742917    0.0280957167079471    0.0013808746042705    0.0006601313019136
  0.0243610477166631    0.0283238307784780    0.0014482657598684    0.0006634319584232
  0.0244828529552464    0.0297036168364822    0.0014815905144945    0.0006667491182153
  0.0246052672200227    0.0295049108749246    0.0014747957190799    0.0006700828638064
  0.0247282935561228    0.0283667716276654    0.0014305512667592    0.0006734332781254
  0.0248519350239034    0.0296692154380441    0.0014397515873342    0.0006768004445160
  0.0249761946990229    0.0251858177984040    0.0013144628715253    0.0006801844467386
  0.0251010756725180    0.0252431425092637    0.0012929811267970    0.0006835853689723
  0.0252265810508806    0.0276384259017036    0.0013309673034543    0.0006870032958172
  0.0253527139561350    0.0248093238787252    0.0012630604365363    0.0006904383122963
  0.0254794775259157    0.0228270629896645    0.0012579975212572    0.0006938905038577
  0.0256068749135453    0.0231567043821518    0.0012322351534896    0.0006973599563770
  0.0257349092881130    0.0234740518487360    0.0012500797041499    0.0007008467561589
  0.0258635838345535    0.0199917652520832    0.0011223742909201    0.0007043509899397
  0.0259929017537263    0.0205560585554038    0.0011474268613305    0.0007078727448894
  0.0261228662624949    0.0215717035487567    0.0011406559891363    0.0007114121086139
  0.0262534805938074    0.0195469167966834    0.0010864963844795    0.0007149691691569
  0.0263847479967764    0.0200220741140500    0.0010811513764006    0.0007185440150027
  0.0265166717367603    0.0187633133883867    0.0010651278780098    0.0007221367350777
  0.0266492550954441    0.0186852497132614    0.0010529335088752    0.0007257474187531
  0.0267825013709213    0.0178165692497949    0.0010132509042896    0.0007293761558469
  0.0269164138777759    0.0182672544919478    0.0010316191132229    0.0007330230366261
  0.0270509959471648    0.0144367375094396    0.0009349993373225    0.0007366881518092
  0.0271862509269006    0.0173905419739141    0.0009593151802624    0.0007403715925683
  0.0273221821815351    0.0135013765889750    0.0008699405748801    0.0007440734505311
  0.0274587930924428    0.0153223790001730    0.0008960038145276    0.0007477938177838
  0.0275960870579050    0.0140218866433229    0.0008656202776359    0.0007515327868727
  0.0277340674931945    0.0124145809586687    0.0008390038762157    0.0007552904508071
  0.0278727378306605    0.0130740091333599    0.0008422454388112    0.0007590669030611
  0.0280121015198138    0.0124509743380926    0.0007969993928823    0.0007628622375764
  0.0280121015198138    0.0134584070040200    0.0005860491955595    0.0007767061450209
  0.0281521620274129    0.0126872901650447    0.0005518614220956    0.0007805896757460
  0.0281521620274129    0.0123016337946562    0.0008311699414619    0.0007666765487643
  0.0282929228375499    0.0126658977665548    0.0008200941709838    0.0007705099315081
  0.0282929228375499    0.0115339221192675    0.0005258485816768    0.0007844926241247
  0.0284343874517377    0.0121828645651650    0.0005221033913596    0.0007884150872453
  0.0284343874517377    0.0111185421394384    0.0007447497022829    0.0007743624811657
  0.0285765593889964    0.0122463262544051    0.0005400852611762    0.0007923571626816
  0.0285765593889964    0.0096499352238146    0.0007256483344330    0.0007782342935715
  0.0287194421859414    0.0106962561124917    0.0007437250538738    0.0007821254650393
  0.0287194421859414    0.0110060501256911    0.0005072635804016    0.0007963189484950
  0.0288630393968711    0.0107452686970125    0.0004788517242567    0.0008003005432375
  0.0288630393968711    0.0109345456900741    0.0007485273018245    0.0007860360923645
  0.0290073545938554    0.0095336738311442    0.0007294139591391    0.0007899662728264
  0.0290073545938554    0.0108371894394222    0.0004880449480622    0.0008043020459536
  0.0291523913668247    0.0099486816720998    0.0004509603290911    0.0008083235561834
  0.0291523913668247    0.0093558681793880    0.0006997533828703    0.0007939161041905
  0.0292981533236588    0.0089427301217704    0.0006545627629730    0.0007978856847114
  0.0292981533236588    0.0097582957025789    0.0004543769151612    0.0008123651739643
  0.0294446440902771    0.0090362865694028    0.0004189356971454    0.0008164269998341
  0.0294446440902771    0.0090685527776715    0.0006620150672774    0.0008018751131350
  0.0295918673107285    0.0087262870332246    0.0004176242634202    0.0008205091348333
  0.0295918673107285    0.0089673907360404    0.0006705560247173    0.0008058844887007
  0.0297398266472821    0.0089598433070325    0.0004173745894131    0.0008246116805075
  0.0297398266472821    0.0096299938757558    0.0006891380411278    0.0008099139111442
  0.0298885257805185    0.0078120636438408    0.0006485485398461    0.0008139634806999
  0.0298885257805185    0.0089684154406406    0.0004234316366307    0.0008287347389100
  0.0300379684094211    0.0084813134493729    0.0003806855248436    0.0008328784126046
  0.0300379684094211    0.0088722952879368    0.0006594679346559    0.0008180332981034
  0.0301881582514682    0.0086102078859296    0.0006301750154504    0.0008221234645939
  0.0301881582514682    0.0078107191594353    0.0003713570043578    0.0008370428046676
  0.0303390990427256    0.0072198654734980    0.0003485486990939    0.0008412280186909
  0.0303390990427256    0.0080484802260500    0.0006126171896361    0.0008262340819169
  0.0304907945379392    0.0083115830833824    0.0006546516921046    0.0008303652523265
  0.0304907945379392    0.0078572221457231    0.0003623258388026    0.0008454341587844
  0.0306432485106289    0.0084333971420538    0.0003882807658562    0.0008496613295783
  0.0306432485106289    0.0073532665705131    0.0005847477861561    0.0008345170785881
  0.0307964647531820    0.0075821532932520    0.0006294798788834    0.0008386896639810
  0.0307964647531820    0.0083327765474096    0.0003705089338792    0.0008539096362262
  0.0309504470769479    0.0075812988186548    0.0003453628122576    0.0008581791844073
  0.0309504470769479    0.0088473678957442    0.0006373413881542    0.0008428831123010
  0.0311051993123327    0.0085920486265342    0.0006425370831037    0.0008470975278625
  0.0311051993123327    0.0080439541873026    0.0003620527495452    0.0008624700803294
  0.0312607253088943    0.0080688079643551    0.0003587898012607    0.0008667824307310
  0.0312607253088943    0.0079036425803261    0.0006526331750277    0.0008513330155018
  0.0314170289354388    0.0085521881529024    0.0006448607209299    0.0008555896805793
  0.0314170289354388    0.0072940178966843    0.0003321030094751    0.0008711163428847
  0.0315741140801160    0.0078360116552291    0.0003332517831377    0.0008754719245991
  0.0315741140801160    0.0077240194533829    0.0005920655575463    0.0008598676289822
  0.0317319846505165    0.0077745939970504    0.0005816299776852    0.0008641669671271
  0.0317319846505165    0.0068925438246848    0.0003145343986100    0.0008798492842221
  0.0318906445737691    0.0077414953018586    0.0003316319716745    0.0008842485306432
  0.0318906445737691    0.0078458049782169    0.0006203192764035    0.0008684878019627
  0.0320500977966380    0.0085840464168541    0.0006225788683854    0.0008728302409725
  0.0320500977966380    0.0080776993268568    0.0003300534440819    0.0008886697732964
  0.0322103482856212    0.0078691425011512    0.0003251269215399    0.0008931131221629
  0.0322103482856212    0.0091702876674401    0.0006604104992412    0.0008771943921774
  0.0323714000270493    0.0077493128996536    0.0006144914053015    0.0008815803641383
  0.0323714000270493    0.0079136694552820    0.0003172057645506    0.0008975786877737
  0.0325332570271845    0.0073520932330259    0.0002986548809318    0.0009020665812126
  0.0325332570271845    0.0091158632864125    0.0006524234570897    0.0008859882659590
  0.0326959233123204    0.0081528291401087    0.0006476778651497    0.0008904182072888
  0.0326959233123204    0.0082076881874960    0.0003217559465994    0.0009065769141186
  0.0328594029288820    0.0087536282600843    0.0003297488319618    0.0009111097986892
  0.0328594029288820    0.0087813522742963    0.0006164993632570    0.0008948702983252
  0.0330236999435264    0.0087218747137689    0.0006342504794542    0.0008993446498168
  0.0330236999435264    0.0085688774976689    0.0003133219844187    0.0009156653476827
  0.0331888184432441    0.0079408692089853    0.0003012172225004    0.0009202436744211
  0.0331888184432441    0.0088184735890601    0.0006538918210400    0.0009038413730659
  0.0333547625354603    0.0074807406375386    0.0006176980155112    0.0009083605799313
  0.0333547625354603    0.0081252597385663    0.0003030770529613    0.0009248448927932
  0.0335215363481376    0.0085001557986233    0.0003083985171014    0.0009294691172572
  0.0335215363481376    0.0097124048655052    0.0006814547804140    0.0009129023828309
  0.0336891440298783    0.0090969959796221    0.0006482269629230    0.0009174668947451
  0.0336891440298783    0.0085045969485861    0.0002997056115102    0.0009341164628435
  0.0338575897500276    0.0079674259988111    0.0006140966758826    0.0009220542292188
  0.0338575897500276    0.0086556371656477    0.0003060708128138    0.0009387870451577
  0.0340268776987778    0.0082977666143771    0.0002910269482611    0.0009434809803835
  0.0340268776987778    0.0087973644890445    0.0006167109317703    0.0009266645003649
  0.0341970120872717    0.0080111345328266    0.0006235816522706    0.0009312978228667
  0.0341970120872717    0.0082321887070575    0.0002865200098858    0.0009481983852854
  0.0343679971477080    0.0087938059314139    0.0002944646089928    0.0009529393772118
  0.0343679971477080    0.0086489261215758    0.0006257572831196    0.0009359543119810
  0.0345398371334466    0.0073504756830065    0.0006005817307575    0.0009406340835409
  0.0345398371334466    0.0081366785056681    0.0002795274845193    0.0009577040740979
  0.0347125363191138    0.0098495898504786    0.0007307469376855    0.0009453372539587
  0.0347125363191138    0.0088357095473523    0.0002896275290596    0.0009624925944684
  0.0348860990007094    0.0083880980361426    0.0002765744340855    0.0009673050574407
  0.0348860990007094    0.0076400393649840    0.0006445740952714    0.0009500639402284
  0.0350605294957129    0.0066108735375353    0.0005710302666375    0.0009548142599296
  0.0350605294957129    0.0083529534714232    0.0002754277068937    0.0009721415827279
  0.0352358321431915    0.0079729917536127    0.0002671869800403    0.0009770022906415
  0.0352358321431915    0.0085738415432506    0.0006335786791092    0.0009595883312292
  0.0354120113039074    0.0082720450217922    0.0002704099304373    0.0009818873020947
  0.0355890713604269    0.0078474639060034    0.0002577829167996    0.0009867967386052
  0.0357670167172291    0.0081541652278924    0.0002611610961228    0.0009917307222982
  0.0359458518008152    0.0079422287411893    0.0002561844396433    0.0009966893759097
  0.0361255810598193    0.0069614487307379    0.0002358086421538    0.0010016728227893
  0.0363062089651184    0.0076973218481601    0.0002508158950641    0.0010066811869032
  0.0364877400099440    0.0072436607285180    0.0002365998934606    0.0010117145928377
  0.0366701787099937    0.0066310275095542    0.0002266677877263    0.0010167731658019
  0.0368535296035436    0.0071372367292564    0.0002305894927771    0.0010218570316309
  0.0370377972515614    0.0064706597061798    0.0002196793200584    0.0010269663167891
  0.0372229862378192    0.0069022027219308    0.0002268689751681    0.0010321011483730
  0.0374091011690083    0.0063428177697192    0.0002140093915609    0.0010372616541149
  0.0375961466748533    0.0061496115756618    0.0002070850484383    0.0010424479623855
  0.0377841274082275    0.0058122667697445    0.0001990778125813    0.0010476602021974
  0.0379730480452687    0.0056885542481385    0.0001957802906638    0.0010528985032084
  0.0381629132854950    0.0048474623558238    0.0001744921973682    0.0010581629957244
  0.0383537278519225    0.0047860484893170    0.0001736153870440    0.0010634538107031
  0.0385454964911821    0.0049692554716172    0.0001750416740174    0.0010687710797566
  0.0387382239736380    0.0045777162610362    0.0001680971604369    0.0010741149351554
  0.0389319150935062    0.0048409379188723    0.0001733478099786    0.0010794855098311
  0.0391265746689737    0.0041280192658072    0.0001567243782228    0.0010848829373803
  0.0393222075423186    0.0037962756020704    0.0001483430667996    0.0010903073520672
  0.0395188185800302    0.0037336554501366    0.0001443967913018    0.0010957588888275
  0.0397164126729303    0.0037475464445374    0.0001434636539210    0.0011012376832717
  0.0399149947362950    0.0038045822174268    0.0001459496183841    0.0011067438716880
  0.0401145697099764    0.0034129673101580    0.0001345421036095    0.0011122775910465
  0.0403151425585263    0.0031517572757637    0.0001284327030074    0.0011178389790017
  0.0405167182713189    0.0031551507973584    0.0001295597128166    0.0011234281738967
  0.0407193018626755    0.0032175511588843    0.0001266699976883    0.0011290453147662
  0.0409228983719889    0.0028534274167017    0.0001205874989353    0.0011346905413400
  0.0411275128638489    0.0029962876213282    0.0001209057592622    0.0011403639940467
  0.0413331504281681    0.0029559581720803    0.0001190663387983    0.0011460658140170
  0.0415398161803089    0.0030390125532842    0.0001210874020255    0.0011517961430870
  0.0417475152612105    0.0030108847317723    0.0001173705859095    0.0011575551238025
  0.0419562528375165    0.0028797662628118    0.0001153157591008    0.0011633428994215
  0.0421660341017041    0.0030968110254239    0.0001183833504442    0.0011691596139186
  0.0423768642722126    0.0029180245290532    0.0001130051785533    0.0011750054119882
  0.0425887485935737    0.0030769631624070    0.0001164403499155    0.0011808804390481
  0.0428016923365415    0.0030183281398244    0.0001146589489718    0.0011867848412434
  0.0430157007982242    0.0030888670892085    0.0001144537450850    0.0011927187654496
  0.0432307793022154    0.0030749304272537    0.0001131580876541    0.0011986823592768
  0.0434469331987264    0.0032980738061036    0.0001157283848156    0.0012046757710732
  0.0436641678647200    0.0030566371477061    0.0001086740395556    0.0012106991499286
  0.0438824887040437    0.0031325903345340    0.0001109965495969    0.0012167526456782
  0.0441019011475639    0.0030396155554814    0.0001070863076489    0.0012228364089066
  0.0443224106533017    0.0032558294661661    0.0001099503534857    0.0012289505909511
  0.0445440227065682    0.0033542050972761    0.0001110726276681    0.0012350953439059
  0.0447667428201010    0.0032256246389088    0.0001097042395844    0.0012412708206254
  0.0449905765342015    0.0034261360781168    0.0001121607592526    0.0012474771747286
  0.0452155294168725    0.0034212363727415    0.0001096106516405    0.0012537145606022
  0.0454416070639569    0.0033252470680311    0.0001076112305016    0.0012599831334052
  0.0456688150992767    0.0033807328918999    0.0001081631857897    0.0012662830490722
  0.0458971591747730    0.0033646418930379    0.0001057699897915    0.0012726144643176
  0.0461266449706469    0.0033297452911193    0.0001061103364438    0.0012789775366392
  0.0463572781955001    0.0034264330718729    0.0001066928921772    0.0012853724243224
  0.0465890645864776    0.0031249325250363    0.0000989667974874    0.0012917992864440
  0.0468220099094100    0.0030179768330302    0.0000965680172832    0.0012982582828762
  0.0470561199589570    0.0032410921859331    0.0000992019421932    0.0013047495742906
  0.0472914005587518    0.0031163325637009    0.0000981891263276    0.0013112733221620
  0.0475278575615456    0.0028717804523302    0.0000926871877163    0.0013178296887729
  0.0477654968493533    0.0028315179194678    0.0000919608000406    0.0013244188372167
  0.0480043243336001    0.0027682806989112    0.0000897025194684    0.0013310409314028
  0.0482443459552681    0.0026613892194256    0.0000864607501282    0.0013376961360598
  0.0484855676850444    0.0027974550231544    0.0000902256713105    0.0013443846167401
  0.0487279955234696    0.0025755294940925    0.0000853465540938    0.0013511065398238
  0.0489716355010870    0.0022787348946726    0.0000793292671677    0.0013578620725229
  0.0492164936785924    0.0023265908163672    0.0000812463885258    0.0013646513828856
  0.0494625761469853    0.0022297451320127    0.0000821249344333    0.0013714746398000
  0.0497098890277203    0.0021771787230775    0.0000801258655020    0.0013783320129990
  0.0499584384728589    0.0020293599291868    0.0000728531297846    0.0013852236730640
  0.0502082306652232    0.0019875227901992    0.0000714694307256    0.0013921497914293
  0.0504592718185493    0.0018262829527637    0.0000679600609812    0.0013991105403864
  0.0507115681776420    0.0018045925689113    0.0000672253184752    0.0014061060930884
  0.0509651260185302    0.0017751756705850    0.0000673210553612    0.0014131366235538
  0.0512199516486228    0.0016699606475288    0.0000634391098186    0.0014202023066716
  0.0514760514068660    0.0015987882878437    0.0000618577034393    0.0014273033182049
  0.0517334316639003    0.0015777755356192    0.0000617664280594    0.0014344398347960
  0.0519920988222198    0.0015490801318628    0.0000602862023708    0.0014416120339699
  0.0522520593163309    0.0015002189461809    0.0000587685330043    0.0014488200941398
  0.0525133196129125    0.0014367152270608    0.0000574392170568    0.0014560641946105
  0.0527758862109771    0.0013960700433812    0.0000568008930013    0.0014633445155835
  0.0530397656420320    0.0013935489707755    0.0000563528665947    0.0014706612381615
  0.0533049644702421    0.0014688844064520    0.0000581235489392    0.0014780145443523
  0.0535714892925933    0.0014717036342308    0.0000584553528749    0.0014854046170740
  0.0538393467390563    0.0013284069679712    0.0000573369549566    0.0014928316401594
  0.0541085434727516    0.0014167143505250    0.0000579263364601    0.0015002957983602
  0.0543790861901153    0.0014393626448364    0.0000553644772600    0.0015077972773520
  0.0546509816210659    0.0015734841232479    0.0000575026119509    0.0015153362637388
  0.0549242365291712    0.0014662828481063    0.0000546617377484    0.0015229129450575
  0.0551988577118171    0.0014659467081988    0.0000537959316677    0.0015305275097827
  0.0554748520003761    0.0014764272730898    0.0000546039575865    0.0015381801473317
  0.0557522262603780    0.0014490069515657    0.0000531947046851    0.0015458710480683
  0.0560309873916799    0.0014716557094808    0.0000532807036761    0.0015536004033087
  0.0563111423286383    0.0016864682773475    0.0000570901042751    0.0015613684053252
  0.0565926980402815    0.0016639707541109    0.0000569427511493    0.0015691752473518
  0.0568756615304829    0.0015618186703862    0.0000560342916661    0.0015770211235886
  0.0571600398381353    0.0015594632789027    0.0000552816110386    0.0015849062292065
  0.0574458400373259    0.0016378666435281    0.0000560218470502    0.0015928307603526
  0.0577330692375126    0.0015268722332270    0.0000544290284269    0.0016007949141543
  0.0580217345837001    0.0014457727386547    0.0000526008206172    0.0016087988887251
  0.0583118432566186    0.0014882451381818    0.0000529831874229    0.0016168428831687
  0.0586034024729017    0.0014175041010290    0.0000512774017997    0.0016249270975846
  0.0588964194852662    0.0014199381624386    0.0000514314143950    0.0016330517330725
  0.0591909015826925    0.0014320171886233    0.0000509789954372    0.0016412169917378
  0.0594868560906060    0.0012837130238763    0.0000483487626572    0.0016494230766965
  0.0597842903710590    0.0013449274240511    0.0000496118689193    0.0016576701920800
  0.0600832118229143    0.0012897153346801    0.0000485905417599    0.0016659585430404
  0.0603836278820289    0.0013135292640981    0.0000487400402012    0.0016742883357556
  0.0606855460214390    0.0011864786564613    0.0000457364058960    0.0016826597774344
  0.0609889737515462    0.0010452327445326    0.0000432539091975    0.0016910730763216
  0.0612939186203039    0.0010902414545994    0.0000437973349137    0.0016995284417032
  0.0616003882134054    0.0009510629867312    0.0000408473251827    0.0017080260839117
  0.0619083901544725    0.0009922969044664    0.0000416168232448    0.0017165662143312
  0.0622179321052448    0.0009612412364790    0.0000412581102125    0.0017251490454029
  0.0625290217657710    0.0009822638002091    0.0000413197342968    0.0017337747906299
  0.0628416668745999    0.0008714682856689    0.0000393656956551    0.0017424436645831
  0.0631558752089729    0.0007843479403576    0.0000365719843779    0.0017511558829060
  0.0634716545850177    0.0008478647578083    0.0000383113085621    0.0017599116623205
  0.0637890128579428    0.0007499854217608    0.0000360339215488    0.0017687112206321
  0.0641079579222325    0.0007607714901234    0.0000365457063909    0.0017775547767353
  0.0644284977118437    0.0007811915620306    0.0000369676211289    0.0017864425506190
  0.0647506402004029    0.0007776425799686    0.0000367282804036    0.0017953747633720
  0.0650743934014049    0.0007869080037967    0.0000375607958348    0.0018043516371889
  0.0653997653684119    0.0007286259183054    0.0000377291180190    0.0018133733953748
  0.0657267641952540    0.0007052390370748    0.0000366235680263    0.0018224402623517
  0.0660553980162302    0.0007420148194519    0.0000371604836576    0.0018315524636635
  0.0663856750063114    0.0006752824158455    0.0000355621065784    0.0018407102259818
  0.0667176033813429    0.0007594209532504    0.0000371511938722    0.0018499137771117
  0.0670511913982496    0.0007207761095637    0.0000358496923472    0.0018591633459973
  0.0673864473552409    0.0007796123583773    0.0000360956241489    0.0018684591627273
  0.0677233795920171    0.0007708267244802    0.0000360324118568    0.0018778014585409
  0.0680619964899772    0.0007675642881913    0.0000354424837016    0.0018871904658336
  0.0684023064724270    0.0007523116314516    0.0000352725984223    0.0018966264181628
  0.0687443180047892    0.0007193979314328    0.0000345517977268    0.0019061095502536
  0.0690880395948131    0.0007148024614781    0.0000342930388382    0.0019156400980048
  0.0694334797927871    0.0007234059988528    0.0000340223738833    0.0019252182984949
  0.0697806471917511    0.0006942607820007    0.0000334913379938    0.0019348443899873
  0.0701295504277098    0.0008104407093278    0.0000349654492184    0.0019445186119373
  0.0704801981798484    0.0007222118261644    0.0000332352375958    0.0019542412049970
  0.0708325991707476    0.0007243391161575    0.0000331842945261    0.0019640124110219
  0.0711867621666013    0.0006474841219115    0.0000315620087668    0.0019738324730771
  0.0715426959774343    0.0005821205987260    0.0000294642632662    0.0019837016354424
  0.0719004094573215    0.0005586399910300    0.0000286556716076    0.0019936201436197
  0.0722599115046081    0.0005879996170203    0.0000295997297303    0.0020035882443378
  0.0726212110621311    0.0005375113131598    0.0000282245450225    0.0020136061855594
  0.0729843171174418    0.0005371632923080    0.0000278760712953    0.0020236742164872
  0.0733492387030290    0.0005194093852104    0.0000272616214788    0.0020337925875697
  0.0737159848965441    0.0005082987741235    0.0000271271667993    0.0020439615505075
  0.0740845648210268    0.0004758833644863    0.0000266229817134    0.0020541813582601
  0.0744549876451319    0.0004335053240384    0.0000249089843738    0.0020644522650514
  0.0748272625833576    0.0004678026313866    0.0000256179528016    0.0020747745263766
  0.0752013988962744    0.0004146105725712    0.0000245715742244    0.0020851483990085
  0.0755774058907557    0.0004474335651472    0.0000252740138191    0.0020955741410035
  0.0759552929202095    0.0004008340031335    0.0000236072389059    0.0021060520117086
  0.0763350693848105    0.0004268250811922    0.0000244616676946    0.0021165822717671
  0.0767167447317346    0.0004074487071290    0.0000238067934107    0.0021271651831259
  0.0771003284553933    0.0004044180801489    0.0000236230437433    0.0021378010090416
  0.0774858300976702    0.0003879345951417    0.0000230406412427    0.0021484900140868
  0.0778732592481586    0.0004346175255424    0.0000245984448678    0.0021592324641572
  0.0782626255443993    0.0003857776601357    0.0000228819455833    0.0021700286264780
  0.0786539386721213    0.0004129668080148    0.0000232891875885    0.0021808787696104
  0.0790472083654819    0.0003626223746921    0.0000224651962346    0.0021917831634584
  0.0794424444073093    0.0003957885282912    0.0000232131734267    0.0022027420792757
  0.0798396566293459    0.0003899857605210    0.0000232346098046    0.0022137557896721
  0.0802388549124926    0.0004226559023551    0.0000241123982405    0.0022248245686205
  0.0806400491870551    0.0003583446907822    0.0000217892257382    0.0022359486914636
  0.0810432494329903    0.0003660040581926    0.0000218817403140    0.0022471284349209
  0.0814484656801553    0.0003808363176632    0.0000225628952229    0.0022583640770955
  0.0818557080085560    0.0003600262922099    0.0000221547215654    0.0022696558974810
  0.0818557080085560    0.0003263665819028    0.0000178624486490    0.0022619309172225
  0.0822649865485988    0.0003114486485697    0.0000169237785460    0.0022732405718086
  0.0822649865485988    0.0003299762507560    0.0000209915526551    0.0022810041769684
  0.0826763114813418    0.0003392724038613    0.0000209383678146    0.0022924091978532
  0.0826763114813418    0.0003172678153407    0.0000174576010117    0.0022846067746677
  0.0830896930387485    0.0003611392602734    0.0000184225436841    0.0022960298085410
  0.0830896930387485    0.0003184801722423    0.0000205488057139    0.0023038712438425
  0.0835051415039422    0.0003142017572698    0.0000167843856413    0.0023075099575837
  0.0835051415039422    0.0003071737028427    0.0000203449028810    0.0023153906000617
  0.0839226672114619    0.0003029061556418    0.0000199791840388    0.0023269675530620
  0.0839226672114619    0.0002848355134525    0.0000162800504673    0.0023190475073716
  0.0843422805475192    0.0002740582140823    0.0000158807790888    0.0023306427449085
  0.0843422805475192    0.0002773418610034    0.0000192176758369    0.0023386023908273
  0.0847639919502568    0.0002562642788629    0.0000146992758788    0.0023422959586330
  0.0847639919502568    0.0002716256582581    0.0000187834252084    0.0023502954027814
  0.0851878119100081    0.0002684290413761    0.0000158926822293    0.0023540074384262
  0.0851878119100081    0.0002667872275714    0.0000186454818213    0.0023620468797954
  0.0856137509695581    0.0002516163993090    0.0000179990228441    0.0023738571141943
  0.0856137509695581    0.0002689441181608    0.0000153656618754    0.0023657774756183
  0.0860418197244059    0.0002339268554035    0.0000136111328407    0.0023776063629964
  0.0860418197244059    0.0002459860851668    0.0000181283000203    0.0023857263997653
  0.0864720288230279    0.0002386140070031    0.0000171847461774    0.0023976550317641
  0.0864720288230279    0.0002429421453380    0.0000139388775641    0.0023894943948114
  0.0869043889671431    0.0002023752366383    0.0000128455591564    0.0024014418667855
  0.0869043889671431    0.0002342879379023    0.0000171335946214    0.0024096433069229
  0.0873389109119788    0.0002033195191376    0.0000119085515638    0.0024134490761194
  0.0873389109119788    0.0002403886251413    0.0000173274030545    0.0024216915234576
  0.0877756054665386    0.0001824231835328    0.0000115916261160    0.0024255163215000
  0.0877756054665386    0.0002365733961647    0.0000179635993252    0.0024337999810748
  0.0882144834938713    0.0001916174597638    0.0000160498679778    0.0024459689809802
  0.0882144834938713    0.0002303933983639    0.0000133244709456    0.0024376439031075
  0.0886555559113407    0.0001936587947175    0.0000111120165189    0.0024498321226230
  0.0886555559113407    0.0002349138223086    0.0000170538319665    0.0024581988258851
  0.0890988336908974    0.0001804137079883    0.0000113069921747    0.0024620812832361
  0.0890988336908974    0.0002321610347172    0.0000176178780450    0.0024704898200145
  0.0895443278593518    0.0002427417430355    0.0000178671751251    0.0024828422691146
  0.0895443278593518    0.0001929710389511    0.0000115411173055    0.0024743916896523
  0.0899920494986486    0.0002307857013204    0.0000173992587448    0.0024952564804602
  0.0899920494986486    0.0002048376334571    0.0000119176563395    0.0024867636481006
  0.0904420097461418    0.0001925158319736    0.0000117143716620    0.0024991974663411
  0.0904420097461418    0.0002341921629501    0.0000174620830032    0.0025077327628625
  0.0908942197948725    0.0001981453736592    0.0000121154115281    0.0025116934536728
  0.0908942197948725    0.0002016389185213    0.0000162397512542    0.0025202714266768
  0.0913486908938469    0.0001757403766876    0.0000107027115517    0.0025242519209411
  0.0913486908938469    0.0002328063675736    0.0000175521575238    0.0025328727838102
  0.0918054343483161    0.0001910501756387    0.0000160604746679    0.0025455371477292
  0.0918054343483161    0.0001774601101488    0.0000100881895099    0.0025368731805459
  0.0922644615200577    0.0001881117386061    0.0000105670238987    0.0025495575464486
  0.0922644615200577    0.0002050138783561    0.0000169583123815    0.0025582648334679
  0.0927257838276579    0.0002079825985279    0.0000169853115629    0.0025710561576352
  0.0927257838276579    0.0001773059481120    0.0000103956866194    0.0025623053341808
  0.0931894127467962    0.0001802599999833    0.0000102040766613    0.0025751168608517
  0.0931894127467962    0.0001885267176797    0.0000166236064264    0.0025839114384234
  0.0936553598105302    0.0001688570697589    0.0000097381039039    0.0025879924451560
  0.0936553598105302    0.0001765434730939    0.0000162004599679    0.0025968309956155
  0.0941236366095829    0.0001585968633580    0.0000091405281596    0.0026009324073818
  0.0941236366095829    0.0002244757052747    0.0000172923179440    0.0026098151505936
  0.0945942547926308    0.0001590923583889    0.0000093515151763    0.0026139370694187
  0.0950672260665939    0.0001546311462435    0.0000088480397695    0.0026270067547658
  0.0955425621969268    0.0001545062319661    0.0000089405441986    0.0026401417885396
  0.0960202750079115    0.0001508558055871    0.0000090729400775    0.0026533424974823
  0.0965003763829510    0.0001394584119502    0.0000082103680927    0.0026666092099697
  0.0969828782648658    0.0001465029123833    0.0000082010211406    0.0026799422560196
  0.0974677926561901    0.0001139181355228    0.0000074221474425    0.0026933419672997
  0.0979551316194710    0.0001163259676152    0.0000073844012680    0.0027068086771362
  0.0984449072775684    0.0001142272711678    0.0000073289445277    0.0027203427205218
  0.0989371318139562    0.0001165316878803    0.0000068844243341    0.0027339444341244
  0.0994318174730260    0.0001181205228004    0.0000074762656358    0.0027476141562951
  0.0999289765603911    0.0001034434874802    0.0000068841914644    0.0027613522270765
  0.1004286214431930    0.0001148783060173    0.0000070310228415    0.0027751589882119
  0.1009307645504090    0.0001064220571074    0.0000069448210678    0.0027890347831530
  0.1014354183731610    0.0001010158982956    0.0000062830665376    0.0028029799570687
  0.1019425954650268    0.0000899332090289    0.0000057688066577    0.0028169948568541
  0.1024523084423520    0.0000945875812479    0.0000062562207028    0.0028310798311384
  0.1029645699845637    0.0000932325930760    0.0000060363381266    0.0028452352302940
  0.1034793928344865    0.0000979737318715    0.0000060868990892    0.0028594614064455
  0.1039967897986589    0.0000892097797143    0.0000059777674739    0.0028737587134777
  0.1045167737476522    0.0000833500246714    0.0000055209052342    0.0028881275070451
  0.1050393576163905    0.0000864558194278    0.0000054379754816    0.0029025681445804
  0.1055645544044724    0.0000780078150804    0.0000052825048100    0.0029170809853033
  0.1060923771764948    0.0000804669745119    0.0000052542869760    0.0029316663902298
  0.1066228390623772    0.0000846860931915    0.0000054003540818    0.0029463247221809
  0.1071559532576891    0.0000668924326683    0.0000046939427745    0.0029610563457918
  0.1076917330239775    0.0000716574800451    0.0000049104083125    0.0029758616275208
  0.1082301916890974    0.0000672291348775    0.0000047500098748    0.0029907409356584
  0.1087713426475429    0.0000632150806553    0.0000045867528288    0.0030056946403367
  0.1093151993607806    0.0000640287863828    0.0000045580800911    0.0030207231135384
  0.1098617753575845    0.0000536904638906    0.0000042448729087    0.0030358267291061
  0.1104110842343724    0.0000625400927089    0.0000042760202583    0.0030510058627516
  0.1109631396555442    0.0000516782063596    0.0000041719736094    0.0030662608920653
  0.1115179553538219    0.0000477332196873    0.0000038202251242    0.0030815921965257
  0.1120755451305910    0.0000593187360203    0.0000041366196306    0.0030970001575083
  0.1126359228562440    0.0000570655945677    0.0000041069134082    0.0031124851582958
  0.1131991024705252    0.0000446312292626    0.0000036517126856    0.0031280475840873
  0.1137650979828778    0.0000465444364470    0.0000038606987549    0.0031436878220078
  0.1143339234727922    0.0000354525208067    0.0000035263154542    0.0031594062611178
  0.1149055930901561    0.0000437660518323    0.0000035570456903    0.0031752032924234
  0.1154801210556069    0.0000438331399641    0.0000034539084103    0.0031910793088855
  0.1160575216608849    0.0000441440812160    0.0000033132745526    0.0032070347054299
  0.1166378092691893    0.0000395989966209    0.0000031427587480    0.0032230698789571
  0.1172209983155353    0.0000354106529692    0.0000032145226607    0.0032391852283519
  0.1178071033071129    0.0000413691538906    0.0000032856568401    0.0032553811544936
  0.1183961388236485    0.0000347652089083    0.0000031571258680    0.0032716580602661
  0.1189881195177667    0.0000330768259448    0.0000030433421933    0.0032880163505674
  0.1195830601153555    0.0000321074306137    0.0000028574349319    0.0033044564323203
  0.1201809754159323    0.0000312194654866    0.0000028863412712    0.0033209787144819
  0.1207818802930119    0.0000313490140721    0.0000028169744170    0.0033375836080543
  0.1213857896944770    0.0000278757168525    0.0000026243944583    0.0033542715260945
  0.1219927186429494    0.0000322237032370    0.0000028415188716    0.0033710428837250
  0.1226026822361641    0.0000304022849198    0.0000025752071916    0.0033878980981436
  0.1232156956473449    0.0000281429600576    0.0000026092582029    0.0034048375886344
  0.1238317741255816    0.0000262691427592    0.0000024687249210    0.0034218617765775
  0.1244509329962095    0.0000240105299554    0.0000024265277814    0.0034389710854604
  0.1250731876611905    0.0000216404460505    0.0000023284525209    0.0034561659408877
  0.1256985535994965    0.0000236755112551    0.0000023480616234    0.0034734467705921
  0.1263270463674940    0.0000201735863680    0.0000022039692332    0.0034908140044451
  0.1269586815993314    0.0000229231886662    0.0000023552804696    0.0035082680744673
  0.1275934750073280    0.0000193268086165    0.0000022142780370    0.0035258094148397
  0.1282314423823647    0.0000158804263909    0.0000020263873570    0.0035434384619139
  0.1288725995942765    0.0000192631910523    0.0000021008235826    0.0035611556542234
  0.1295169625922478    0.0000219116692667    0.0000021707782402    0.0035789614324946
  0.1301645474052091    0.0000167399439465    0.0000020763077581    0.0035968562396570
  0.1308153701422351    0.0000186652564199    0.0000020298976722    0.0036148405208553
  0.1314694469929463    0.0000173162754603    0.0000019328811802    0.0036329147234596
  0.1321267942279110    0.0000175161157203    0.0000018748582638    0.0036510792970769
  0.1327874281990505    0.0000149999540353    0.0000018201774299    0.0036693346935623
  0.1334513653400458    0.0000160761518868    0.0000019479101159    0.0036876813670301
  0.1341186221667460    0.0000170274522833    0.0000018197315717    0.0037061197738652
  0.1347892152775797    0.0000162081095637    0.0000018392181199    0.0037246503727346
  0.1354631613539676    0.0000134878971679    0.0000017139958891    0.0037432736245982
  0.1361404771607374    0.0000137712358496    0.0000017079955958    0.0037619899927212
  0.1368211795465411    0.0000143943860090    0.0000018133933809    0.0037807999426848
  0.1375052854442738    0.0000100547293686    0.0000015542345604    0.0037997039423982
  0.1381928118714951    0.0000116256597584    0.0000015435265579    0.0038187024621102
  0.1388837759308526    0.0000128974387384    0.0000016417403176    0.0038377959744208
  0.1395781948105068    0.0000132994285853    0.0000016318389367    0.0038569849542929
  0.1402760857845594    0.0000111020201508    0.0000015229877467    0.0038762698790644
  0.1409774662134821    0.0000128518025944    0.0000015411131434    0.0038956512284597
  0.1416823535445495    0.0000125076788754    0.0000015089521761    0.0039151294846020
  0.1423907653122723    0.0000120901319889    0.0000015102897634    0.0039347051320250
  0.1431027191388336    0.0000076270363028    0.0000013208013023    0.0039543786576851
  0.1438182327345278    0.0000108382069413    0.0000014648832154    0.0039741505509735
  0.1445373238982004    0.0000094669871458    0.0000014351616041    0.0039940213037284
  0.1452600105176914    0.0000079699878937    0.0000013526728462    0.0040139914102470
  0.1459863105702798    0.0000088373987134    0.0000013315801457    0.0040340613672983
  0.1467162421231312    0.0000098534369602    0.0000012546342904    0.0040542316741348
  0.1474498233337468    0.0000059116719487    0.0000012553240646    0.0040745028325054
  0.1481870724504156    0.0000067573027164    0.0000012086624621    0.0040948753466680
  0.1489280078126676    0.0000075572702385    0.0000012439946990    0.0041153497234013
  0.1496726478517310    0.0000057140905330    0.0000012403380966    0.0041359264720183
  0.1504210110909896    0.0000063340034503    0.0000011648638846    0.0041566061043784
  0.1511731161464445    0.0000061972298579    0.0000012576579145    0.0041773891349003
  0.1519289817271767    0.0000080952908520    0.0000011547997104    0.0041982760805748
  0.1526886266358126    0.0000082108792518    0.0000012125180925    0.0042192674609777
  0.1534520697689916    0.0000043194134832    0.0000011347900512    0.0042403637982826
  0.1542193301178366    0.0000056495969770    0.0000011008660653    0.0042615656172740
  0.1549904267684257    0.0000066594703024    0.0000011650021774    0.0042828734453603
  0.1557653789022678    0.0000050580160336    0.0000010822182234    0.0043042878125871
  0.1565442057967792    0.0000066132341640    0.0000011807933964    0.0043258092516501
  0.1573269268257630    0.0000058608820322    0.0000012139366235    0.0043474382979083
  0.1581135614598919    0.0000044621551410    0.0000010587456367    0.0043691754893979
  0.1589041292671913    0.0000036615643726    0.0000010167525700    0.0043910213668449
  0.1596986499135272    0.0000056728961748    0.0000010251368114    0.0044129764736791
  0.1604971431630948    0.0000072892915181    0.0000010432016203    0.0044350413560475
  0.1612996288789103    0.0000046971148634    0.0000009829985503    0.0044572165628277
  0.1621061270233048    0.0000056335363542    0.0000009679565352    0.0044795026456419
  0.1629166576584213    0.0000051147403925    0.0000009849333744    0.0045019001588701
  0.1637312409467134    0.0000048452075099    0.0000009589084047    0.0045244096596644
  0.1645498971514470    0.0000032046519249    0.0000009624637633    0.0045470317079627
  0.1653726466372042    0.0000051923719016    0.0000009683848714    0.0045697668665025
  0.1661995098703902    0.0000062355741025    0.0000010017564428    0.0045926157008351
  0.1670305074197421    0.0000049676309316    0.0000009335032743    0.0046155787793392
  0.1678656599568408    0.0000037046350026    0.0000009193521788    0.0046386566732359
  0.1687049882566250    0.0000058953976310    0.0000009879427325    0.0046618499566021
  0.1695485131979081    0.0000052461219789    0.0000009364806628    0.0046851592063851
  0.1703962557638976    0.0000041833189638    0.0000008698146843    0.0047085850024170
  0.1712482370427171    0.0000059762119293    0.0000009366281976    0.0047321279274291
  0.1721044782279307    0.0000035382100531    0.0000008671649471    0.0047557885670663
  0.1729650006190703    0.0000053118401432    0.0000008868238916    0.0047795675099016
  0.1738298256221656    0.0000045985654212    0.0000009000663358    0.0048034653474511
  0.1746989747502765    0.0000063504584737    0.0000008948952200    0.0048274826741884
  0.1755724696240278    0.0000041575665043    0.0000009174307522    0.0048516200875593
  0.1764503319721480    0.0000057280113956    0.0000009093602820    0.0048758781879971
  0.1773325836320087    0.0000037202549193    0.0000008978975096    0.0049002575789371
  0.1782192465501687    0.0000037914660175    0.0000008834452281    0.0049247588668318
  0.1791103427829195    0.0000037774342280    0.0000008451269979    0.0049493826611659
  0.1800058944968341    0.0000036930210304    0.0000007870185213    0.0049741295744718
  0.1809059239693183    0.0000040052219695    0.0000008484900809    0.0049990002223441
  0.1818104535891648    0.0000041492223809    0.0000007991536237    0.0050239952234558
  0.1827195058571106    0.0000023523794494    0.0000008400229310    0.0050491151995731
  0.1836331033863962    0.0000039865510096    0.0000007302390773    0.0050743607755710
  0.1845512689033281    0.0000050914143803    0.0000008300000457    0.0050997325794488
  0.1854740252478447    0.0000036812793165    0.0000007716019709    0.0051252312423461
  0.1864013953740840    0.0000034789441819    0.0000008323980883    0.0051508573985578
  0.1873334023509544    0.0000017001700244    0.0000007633223344    0.0051766116855506
  0.1882700693627091    0.0000024947270935    0.0000007725785904    0.0052024947439784
  0.1892114197095226    0.0000034290898317    0.0000008280168967    0.0052285072176982
  0.1901574768080702    0.0000024350893707    0.0000008595962614    0.0052546497537867
  0.1911082641921105    0.0000035079107428    0.0000008123566081    0.0052809230025557
  0.1920638055130711    0.0000033650626122    0.0000008631959731    0.0053073276175684
  0.1930241245406364    0.0000036893207647    0.0000008911166015    0.0053338642556563
  0.1939892451633396    0.0000031298594039    0.0000008511111634    0.0053605335769346
  0.1949591913891562    0.0000020206241405    0.0000007761174732    0.0053873362448192
  0.1959339873461020    0.0000017820866141    0.0000007556425767    0.0054142729260433
  0.1969136572828325    0.0000036322246729    0.0000008095725592    0.0054413442906736
  0.1978982255692466    0.0000024802782000    0.0000007587536607    0.0054685510121269
  0.1988877166970929    0.0000028722416923    0.0000007457339982    0.0054958937671876
  0.1998821552805783    0.0000029218113622    0.0000007697695520    0.0055233732360235
  0.2008815660569812    0.0000027035841923    0.0000007594886783    0.0055509901022036
  0.2018859738872660    0.0000023819896349    0.0000007384549885    0.0055787450527146
  0.2028954037567023    0.0000025490444410    0.0000007354992028    0.0056066387779782
  0.2039098807754859    0.0000021961534279    0.0000006815160730    0.0056346719718681
  0.2049294301793633    0.0000000855071856    0.0000007364602002    0.0056628453317274
  0.2059540773302601    0.0000016446577104    0.0000007195873777    0.0056911595583861
  0.2069838477169113    0.0000021927806540    0.0000006961630805    0.0057196153561780
  0.2080187669554959    0.0000019089216837    0.0000006754692904    0.0057482134329589
  0.2090588607902733    0.0000010354267220    0.0000006483761751    0.0057769545001237
  0.2101041550942246    0.0000021023782471    0.0000007099945112    0.0058058392726243
  0.2111546758696958    0.0000023011729812    0.0000006627138063    0.0058348684689874
  0.2122104492490442    0.0000015972049127    0.0000006954787004    0.0058640428113324
  0.2132715014952894    0.0000017837448859    0.0000006380868744    0.0058933630253890
  0.2143378590027659    0.0000017985004758    0.0000006737486483    0.0059228298405160
  0.2154095482977796    0.0000007558593481    0.0000006634961253    0.0059524439897185
  0.2164865960392685    0.0000025293049022    0.0000006973913004    0.0059822062096671
  0.2175690290194648    0.0000009780693540    0.0000006096672642    0.0060121172407155
  0.2186568741645621    0.0000017424706223    0.0000006172544190    0.0060421778269190
  0.2197501585353849    0.0000012311795045    0.0000006342152133    0.0060723887160536
  0.2208489093280618    0.0000013418833703    0.0000006409117959    0.0061027506596339
  0.2219531538747021    0.0000006249298324    0.0000006146208021    0.0061332644129321
  0.2230629196440756    0.0000009698218657    0.0000005968611438    0.0061639307349967
  0.2241782342422960    0.0000014847767633    0.0000006001274469    0.0061947503886717
  0.2252991254135074    0.0000008284990625    0.0000006371125619    0.0062257241406151
  0.2264256210405749    0.0000019633630353    0.0000006640459829    0.0062568527613181
  0.2275577491457778    0.0000010633066850    0.0000006478892523    0.0062881370251247
  0.2286955378915067    0.0000011747007702    0.0000005790404600    0.0063195777102504
  0.2298390155809641   -0.0000002797765859    0.0000005877059235    0.0063511755988016
  0.2309882106588690    0.0000008860862769    0.0000006276396238    0.0063829314767956
  0.2321431517121633    0.0000025312351859    0.0000006137307109    0.0064148461341796
  0.2333038674707241    0.0000000107833010    0.0000006246430213    0.0064469203648505
  0.2344703868080777    0.0000007286886054    0.0000006175037070    0.0064791549666747
  0.2356427387421181   -0.0000001184316182    0.0000006315459249    0.0065115507415081
  0.2368209524358286    0.0000003190942586    0.0000006128094430    0.0065441084952157
  0.2380050571980077    0.0000005056910849    0.0000006213107321    0.0065768290376917
  0.2391950824839977    0.0000017166939468    0.0000006088103141    0.0066097131828802
  0.2403910578964177   -0.0000003259214975    0.0000006252358924    0.0066427617487946
  0.2415930131858998   -0.0000000000123819    0.0000006265134874    0.0066759755575386
  0.2428009782518292   -0.0000003060151578    0.0000005879099060    0.0067093554353263
  0.2440149831430883   -0.0000005735352448    0.0000005804250712    0.0067429022125029
  0.2452350580588037    0.0000004536831560    0.0000006282610266    0.0067766167235654
  0.2464612333490978    0.0000012060878175    0.0000006198275775    0.0068104998071832
  0.2476935395158432   -0.0000000051901521    0.0000006015098330    0.0068445523062191
  0.2489320072134224    0.0000005441632164    0.0000005974051347    0.0068787750677502
  0.2501766672494895    0.0000003538923806    0.0000005942849460    0.0069131689430890
  0.2514275505857369    0.0000006855550662    0.0000005891331615    0.0069477347878044
  0.2526846883386655    0.0000003143126483    0.0000006034874203    0.0069824734617435
  0.2539481117803589    0.0000002110477179    0.0000006187184748    0.0070173858290522
  0.2552178523392606    0.0000004128539826    0.0000005909902058    0.0070524727581974
  0.2564939416009570   -0.0000005941895108    0.0000005596486654    0.0070877351219884
  0.2577764113089617    0.0000005620595816    0.0000006134226031    0.0071231737975984
  0.2590652933655064    0.0000005394269871    0.0000005886677724    0.0071587896665864
  0.2603606198323339   -0.0000002936984913    0.0000005892849437    0.0071945836149193
  0.2616624229314956   -0.0000006298638059    0.0000006093764567    0.0072305565329939
  0.2629707350461531    0.0000007843732197    0.0000006184405553    0.0072667093156588
  0.2642855887213838   -0.0000007726848008    0.0000006293503686    0.0073030428622371
  0.2656070166649907    0.0000009988206779    0.0000005902213790    0.0073395580765483
  0.2669350517483157    0.0000010155621507    0.0000006174985282    0.0073762558669311
  0.2682697270070572    0.0000004788280267    0.0000005972988899    0.0074131371462657
  0.2696110756420924    0.0000011184486331    0.0000006514336574    0.0074502028319970
  0.2709591310203028    0.0000010704846568    0.0000006642219392    0.0074874538461570
  0.2723139266754043    0.0000014076136491    0.0000006287396354    0.0075248911153878
  0.2736754963087813   -0.0000008576408702    0.0000006171696514    0.0075625155709648
  0.2750438737903252   -0.0000008554968374    0.0000006267074996    0.0076003281488196
