# Experiment IPTS-35338 Run 224010
# Reduction 2.3.0
# Run title: Sample9_CuOx_NaHCO3-224008-3.
# Run start time: 2025-10-29T05:52:48.656093667
# Reduction time: Wed Oct 29 02:41:02 2025
# Q summing: False
# TOF weighted: False
# Bck in Q: False
# Theta offset: 0
# Meta:{"wl_min": 2.749748071586166, "wl_max": 9.498705705977628, "q_min": 0.08076221258285245, "q_max": 0.2789842812929416, "theta": 0.061084763165162426, "start_time": "2025-10-29T05:52:48.656093667", "experiment": "IPTS-35338", "run_number": "224010", "run_title": "Sample9_CuOx_NaHCO3-224008-3.", "norm_run": 223816, "time": "Wed Oct 29 02:41:02 2025", "dq0": 0, "dq_over_q": 0.026278690908303527, "sequence_number": 3, "sequence_id": 224008, "q_summing": false, "scaling_factors": {"a": 144.0, "err_a": 0, "b": 0, "err_b": 0}, "tof_weighted": false, "bck_in_q": false, "theta_offset": 0}
# DataRun   NormRun   TwoTheta(deg)  LambdaMin(A)   LambdaMax(A) Qmin(1/A)    Qmax(1/A)    SF_A         SF_B
# 224010    223816    6.9998         2.74975        9.49871      0.0807       0.2789       144.0        0           
# Q [1/Angstrom]        R                     dR                    dQ [FWHM]            
  0.0823080094967131    0.0005592878819990    0.0000160609692172    0.0021629467408418
  0.0831310895916802    0.0005310821605972    0.0000150253940123    0.0021845762082503
  0.0839624004875970    0.0005208388904796    0.0000145442888149    0.0022064219703328
  0.0848020244924730    0.0004991781617224    0.0000137482323936    0.0022284861900361
  0.0856500447373977    0.0004826111923207    0.0000132929347117    0.0022507710519364
  0.0865065451847717    0.0004202500850868    0.0000120401567776    0.0022732787624558
  0.0873716106366194    0.0004327973579803    0.0000120197775347    0.0022960115500804
  0.0882453267429856    0.0004003062062523    0.0000111634635939    0.0023189716655812
  0.0891277800104155    0.0003542098692626    0.0000103567957095    0.0023421613822370
  0.0900190578105197    0.0003640322725866    0.0000105330643593    0.0023655829960594
  0.0909192483886248    0.0003561657196444    0.0000103276231273    0.0023892388260199
  0.0918284408725111    0.0003424140530334    0.0000096041894004    0.0024131312142801
  0.0927467252812362    0.0003344222277037    0.0000094993726944    0.0024372625264229
  0.0936741925340486    0.0003176023709780    0.0000090587197014    0.0024616351516872
  0.0946109344593891    0.0003076229948928    0.0000088071556446    0.0024862515032040
  0.0955570438039829    0.0002846647223667    0.0000083474753373    0.0025111140182361
  0.0965126142420228    0.0002575265036415    0.0000077570852337    0.0025362251584184
  0.0974777403844430    0.0002640393802652    0.0000074707679237    0.0025615874100026
  0.0984525177882875    0.0002424847211239    0.0000070399740150    0.0025872032841027
  0.0994370429661703    0.0002408019835903    0.0000069291597984    0.0026130753169437
  0.1004314133958320    0.0002228080939721    0.0000065236466223    0.0026392060701131
  0.1014357275297903    0.0002184954200837    0.0000063002592298    0.0026655981308143
  0.1024500848050882    0.0001927870839725    0.0000058223714550    0.0026922541121224
  0.1034745856531391    0.0001749294861308    0.0000055979254916    0.0027191766532436
  0.1045093315096705    0.0001706352287918    0.0000052598103970    0.0027463684197761
  0.1055544248247672    0.0001696856839270    0.0000052487996851    0.0027738321039738
  0.1066099690730149    0.0001593774237327    0.0000050357268722    0.0028015704250136
  0.1076760687637451    0.0001547374380002    0.0000047313707827    0.0028295861292637
  0.1087528294513825    0.0001419237763797    0.0000044709974919    0.0028578819905563
  0.1098403577458963    0.0001471081379208    0.0000045231811986    0.0028864608104619
  0.1109387613233553    0.0001314330958432    0.0000043140387494    0.0029153254185665
  0.1120481489365888    0.0001121329601011    0.0000039127749641    0.0029444786727522
  0.1131686304259547    0.0001059706741069    0.0000037291688057    0.0029739234594797
  0.1143003167302143    0.0000992266659789    0.0000035904795522    0.0030036626940745
  0.1154433198975164    0.0000904828329707    0.0000032928484986    0.0030336993210152
  0.1165977530964916    0.0000867173763582    0.0000032411178667    0.0030640363142254
  0.1177637306274565    0.0000839182891651    0.0000030447253159    0.0030946766773676
  0.1189413679337311    0.0000699612616239    0.0000029672581245    0.0031256234441413
  0.1201307816130684    0.0000671573633188    0.0000027636400552    0.0031568796785827
  0.1213320894291991    0.0000657643069712    0.0000026850090891    0.0031884484753686
  0.1225454103234911    0.0000591528267485    0.0000026012539440    0.0032203329601222
  0.1237708644267260    0.0000574927916545    0.0000024105887725    0.0032525362897235
  0.1250085730709932    0.0000470962292451    0.0000023642218687    0.0032850616526207
  0.1262586588017032    0.0000518690716323    0.0000022644628670    0.0033179122691469
  0.1275212453897202    0.0000395528181592    0.0000020838883412    0.0033510913918384
  0.1287964578436174    0.0000393829477185    0.0000020472788423    0.0033846023057568
  0.1300844224220536    0.0000348717539521    0.0000020134454674    0.0034184483288143
  0.1313852666462741    0.0000366866189369    0.0000019145740201    0.0034526328121025
  0.1326991193127369    0.0000306450633860    0.0000017525505189    0.0034871591402235
  0.1340261105058642    0.0000283303649775    0.0000017467513858    0.0035220307316257
  0.1353663716109229    0.0000259541379796    0.0000015873672487    0.0035572510389420
  0.1367200353270321    0.0000205343045480    0.0000015378891809    0.0035928235493314
  0.1380872356803025    0.0000210237484053    0.0000015190438178    0.0036287517848247
  0.1394681080371055    0.0000169697201984    0.0000014473228486    0.0036650393026730
  0.1408627891174765    0.0000130937178860    0.0000013650251410    0.0037016896956997
  0.1422714170086513    0.0000150865524613    0.0000013532611342    0.0037387065926567
  0.1436941311787378    0.0000119249000119    0.0000013384297215    0.0037760936585833
  0.1451310724905251    0.0000091661188815    0.0000012647777033    0.0038138545951691
  0.1465823832154304    0.0000085632612909    0.0000011737704487    0.0038519931411208
  0.1480482070475847    0.0000080627743815    0.0000011187170621    0.0038905130725320
  0.1495286891180606    0.0000064659859407    0.0000010963721396    0.0039294182032573
  0.1510239760092412    0.0000068774146192    0.0000010483538929    0.0039687123852899
  0.1525342157693336    0.0000064409529411    0.0000009696779695    0.0040083995091428
  0.1540595579270269    0.0000047139176409    0.0000010089611167    0.0040484835042342
  0.1556001535062972    0.0000034567849726    0.0000009970996042    0.0040889683392766
  0.1571561550413602    0.0000048219873386    0.0000010238722307    0.0041298580226693
  0.1587277165917738    0.0000014385066467    0.0000009677958425    0.0041711566028960
  0.1603149937576915    0.0000013493915887    0.0000009361635371    0.0042128681689250
  0.1619181436952684    0.0000011806440216    0.0000008548266786    0.0042549968506142
  0.1635373251322211    0.0000008836977062    0.0000008875136896    0.0042975468191204
  0.1651726983835433    0.0000010142786884    0.0000009096191136    0.0043405222873116
  0.1668244253673788    0.0000008886879909    0.0000008686398122    0.0043839275101847
  0.1684926696210526    0.0000003756171215    0.0000008798119085    0.0044277667852865
  0.1701775963172631   -0.0000004853061151    0.0000008324931446    0.0044720444531394
  0.1718793722804357   -0.0000001668172463    0.0000007953449853    0.0045167648976708
  0.1735981660032401    0.0000000622746350    0.0000008095268179    0.0045619325466475
  0.1753341476632725    0.0000002535188740    0.0000008190322603    0.0046075518721140
  0.1770874891399052    0.0000022993464346    0.0000008373343236    0.0046536273908351
  0.1788583640313043    0.0000007965805685    0.0000008278786728    0.0047001636647435
  0.1806469476716173   -0.0000004417198373    0.0000008138711719    0.0047471653013909
  0.1824534171483335    0.0000010181972691    0.0000008097432963    0.0047946369544048
  0.1842779513198168    0.0000016733254081    0.0000007921835258    0.0048425833239489
  0.1861207308330150   -0.0000004586643002    0.0000008193893096    0.0048910091571884
  0.1879819381413451    0.0000003345532574    0.0000008394469285    0.0049399192487602
  0.1898617575227586    0.0000004241228744    0.0000008562799181    0.0049893184412478
  0.1917603750979862    0.0000002909351733    0.0000008840395330    0.0050392116256603
  0.1936779788489660    0.0000018050064905    0.0000008860942584    0.0050896037419169
  0.1956147586374557    0.0000032469431557    0.0000008714254477    0.0051404997793361
  0.1975709062238303    0.0000009297665923    0.0000008459049933    0.0051919047771295
  0.1995466152860686    0.0000007757974723    0.0000008429786123    0.0052438238249008
  0.2015420814389293    0.0000020006762691    0.0000007975670551    0.0052962620631498
  0.2035575022533185    0.0000020008047147    0.0000008066154298    0.0053492246837813
  0.2055930772758517    0.0000009533620211    0.0000008233967207    0.0054027169306191
  0.2076490080486103    0.0000028768710124    0.0000008097449175    0.0054567440999253
  0.2097254981290964    0.0000016466828929    0.0000007769151603    0.0055113115409245
  0.2118227531103873    0.0000013084501655    0.0000007520803919    0.0055664246563338
  0.2139409806414912    0.0000031758683462    0.0000007920033088    0.0056220889028971
  0.2160803904479061    0.0000019800980436    0.0000007860532670    0.0056783097919261
  0.2182411943523852    0.0000031277368815    0.0000007647062614    0.0057350928898453
  0.2204236062959090    0.0000027427009441    0.0000007476508762    0.0057924438187438
  0.2226278423588681    0.0000020798796171    0.0000007556361115    0.0058503682569312
  0.2248541207824568    0.0000020518196768    0.0000007417514746    0.0059088719395005
  0.2271026619902814    0.0000011726364003    0.0000007589074919    0.0059679606588955
  0.2293736886101842    0.0000021280810481    0.0000007631563702    0.0060276402654845
  0.2316674254962861    0.0000015366740050    0.0000007349884544    0.0060879166681393
  0.2339840997512489    0.0000009187574997    0.0000007312509134    0.0061487958348207
  0.2363239407487614    0.0000016728278764    0.0000007299946877    0.0062102837931689
  0.2386871801562490    0.0000012744860528    0.0000007343548387    0.0062723866311006
  0.2410740519578115    0.0000016987184348    0.0000007514617032    0.0063351104974116
  0.2434847924773896    0.0000024729877407    0.0000007158609882    0.0063984616023858
  0.2459196404021635    0.0000025063339323    0.0000007326577650    0.0064624462184096
  0.2483788368061852    0.0000023600942295    0.0000007288363238    0.0065270706805937
  0.2508626251742470    0.0000018347555928    0.0000007193376678    0.0065923413873996
  0.2533712514259895    0.0000007295671898    0.0000007489564353    0.0066582648012736
  0.2559049639402494    0.0000007927579478    0.0000007392566931    0.0067248474492864
  0.2584640135796519    0.0000019688904994    0.0000007291125258    0.0067920959237792
  0.2610486537154484    0.0000012437433513    0.0000007260491619    0.0068600168830170
  0.2636591402526028    0.0000002747779589    0.0000007286674051    0.0069286170518472
  0.2662957316551289   -0.0000005572647841    0.0000007403697420    0.0069979032223657
  0.2689586889716802    0.0000003200957731    0.0000007196924275    0.0070678822545893
  0.2716482758613970    0.0000006627354204    0.0000007826723247    0.0071385610771352
