# Experiment IPTS-35338 Run 224012
# Reduction 2.3.0
# Run title: Sample9_CuOx_NaHCO3-224011-2.
# Run start time: 2025-10-29T06:47:40.326374667
# Reduction time: Wed Oct 29 03:00:21 2025
# Q summing: False
# TOF weighted: False
# Bck in Q: False
# Theta offset: 0
# Meta:{"wl_min": 2.55214251324025, "wl_max": 9.570534424650939, "q_min": 0.027484162171956834, "q_max": 0.10306560814483814, "theta": 0.02093343736157984, "start_time": "2025-10-29T06:47:40.326374667", "experiment": "IPTS-35338", "run_number": "224012", "run_title": "Sample9_CuOx_NaHCO3-224011-2.", "norm_run": 223815, "time": "Wed Oct 29 03:00:21 2025", "dq0": 0, "dq_over_q": 0.026273815831370277, "sequence_number": 2, "sequence_id": 224011, "q_summing": false, "scaling_factors": {"a": 16.0, "err_a": 0, "b": 0, "err_b": 0}, "tof_weighted": false, "bck_in_q": false, "theta_offset": 0}
# DataRun   NormRun   TwoTheta(deg)  LambdaMin(A)   LambdaMax(A) Qmin(1/A)    Qmax(1/A)    SF_A         SF_B
# 224012    223815    2.3988         2.55214        9.57053      0.0274       0.1030       16.0         0           
# Q [1/Angstrom]        R                     dR                    dQ [FWHM]            
  0.0281017735931887    0.0184612944500013    0.0005256086363525    0.0007383408239223
  0.0283827913291205    0.0188617039389169    0.0005315289398898    0.0007457242321615
  0.0286666192424117    0.0176377580578878    0.0004979574119963    0.0007531814744831
  0.0289532854348359    0.0163185832192985    0.0004625672376693    0.0007607132892280
  0.0292428182891842    0.0149061848176096    0.0004313590637209    0.0007683204221203
  0.0295352464720761    0.0145467566482658    0.0004225901184111    0.0007760036263415
  0.0298305989367968    0.0129410653963345    0.0003846427163143    0.0007837636626049
  0.0301289049261648    0.0115816274762433    0.0003585538906815    0.0007916012992309
  0.0304301939754264    0.0122831040559909    0.0003617309480810    0.0007995173122232
  0.0307344959151807    0.0119465869653666    0.0003481991953151    0.0008075124853455
  0.0310418408743325    0.0098669203018714    0.0003158341229416    0.0008155876101989
  0.0313522592830758    0.0103718438075881    0.0003099574235776    0.0008237434863009
  0.0316657818759066    0.0093391190262722    0.0002879587033769    0.0008319809211639
  0.0319824396946657    0.0091373090365188    0.0002792662616195    0.0008403007303756
  0.0323022640916123    0.0090789849459064    0.0002744522076535    0.0008487037376793
  0.0326252867325284    0.0091123332237304    0.0002636051096435    0.0008571907750561
  0.0329515395998537    0.0089689826301656    0.0002567501903627    0.0008657626828067
  0.0332810549958523    0.0091209077725171    0.0002594485986950    0.0008744203096347
  0.0336138655458108    0.0090885243237004    0.0002506018491398    0.0008831645127311
  0.0339500042012689    0.0090944522159867    0.0002435193647608    0.0008919961578584
  0.0342895042432816    0.0090847856317927    0.0002398251681249    0.0009009161194370
  0.0346323992857144    0.0093173812569564    0.0002452588758949    0.0009099252806313
  0.0349787232785715    0.0091313219212350    0.0002282207953504    0.0009190245334377
  0.0353285105113573    0.0087534747341011    0.0002204853029177    0.0009282147787720
  0.0356817956164708    0.0088785737180103    0.0002148548265435    0.0009374969265597
  0.0360386135726355    0.0083850710385135    0.0002060123431315    0.0009468718958253
  0.0363989997083619    0.0083101784112101    0.0002019928781601    0.0009563406147836
  0.0367629897054455    0.0078755833208769    0.0001942963132963    0.0009659040209314
  0.0371306196025000    0.0079874937509891    0.0001917332131592    0.0009755630611408
  0.0375019257985250    0.0075639223780817    0.0001835041163505    0.0009853186917522
  0.0378769450565102    0.0075869163423401    0.0001802453411334    0.0009951718786697
  0.0382557145070753    0.0071104811029124    0.0001698297773999    0.0010051235974564
  0.0386382716521461    0.0070270775506156    0.0001656117001986    0.0010151748334309
  0.0390246543686675    0.0067183385492426    0.0001593009833561    0.0010253265817653
  0.0394149009123542    0.0059895881067449    0.0001476065906454    0.0010355798475829
  0.0398090499214778    0.0057874801117017    0.0001439709416237    0.0010459356460587
  0.0402071404206925    0.0056234483115786    0.0001398841728468    0.0010563950025193
  0.0406092118248995    0.0051268896364357    0.0001294364547968    0.0010669589525445
  0.0410153039431485    0.0049756031233885    0.0001256049481359    0.0010776285420700
  0.0414254569825799    0.0047818496760041    0.0001212101069539    0.0010884048274907
  0.0418397115524057    0.0045824627705508    0.0001155269533487    0.0010992888757656
  0.0422581086679298    0.0044750294816647    0.0001128427682291    0.0011102817645232
  0.0426806897546091    0.0044486764465041    0.0001104530651120    0.0011213845821685
  0.0431074966521552    0.0042235267871918    0.0001067972736530    0.0011325984279901
  0.0435385716186767    0.0041933661286303    0.0001051068785281    0.0011439244122700
  0.0439739573348635    0.0041103375564077    0.0001008192116956    0.0011553636563927
  0.0444136969082121    0.0040566731674313    0.0000979521316154    0.0011669172929567
  0.0448578338772943    0.0039780843573289    0.0000956449828032    0.0011785864658862
  0.0453064122160672    0.0037241900064579    0.0000907522015574    0.0011903723305451
  0.0457594763382279    0.0039615347542068    0.0000936636301503    0.0012022760538505
  0.0462170711016102    0.0036978807109947    0.0000883953944634    0.0012142988143891
  0.0466792418126263    0.0038660772140046    0.0000885117298938    0.0012264418025329
  0.0471460342307525    0.0035909834658140    0.0000828936935744    0.0012387062205583
  0.0476174945730601    0.0035229143530396    0.0000818922190245    0.0012510932827639
  0.0480936695187907    0.0036183376244157    0.0000824889374498    0.0012636042155915
  0.0485746062139786    0.0035755630637508    0.0000809577831087    0.0012762402577474
  0.0490603522761183    0.0032679015885377    0.0000774947144543    0.0012890026603249
  0.0495509557988795    0.0032073111123445    0.0000768757049945    0.0013018926869281
  0.0500464653568683    0.0030271292826851    0.0000708864695937    0.0013149116137974
  0.0505469300104370    0.0029512976166650    0.0000687822162211    0.0013280607299354
  0.0510523993105414    0.0028830570765818    0.0000668222300584    0.0013413413372347
  0.0515629233036468    0.0027143632435865    0.0000635652326812    0.0013547547506071
  0.0520785525366833    0.0025209427588855    0.0000613377598324    0.0013683022981132
  0.0525993380620501    0.0024672289680797    0.0000590083032046    0.0013819853210943
  0.0531253314426706    0.0023987700699283    0.0000595470721873    0.0013958051743052
  0.0536565847570973    0.0023441399696805    0.0000582783606924    0.0014097632260483
  0.0541931506046683    0.0022691662192854    0.0000583282073634    0.0014238608583088
  0.0547350821107150    0.0021761527260394    0.0000541417993172    0.0014380994668919
  0.0552824329318221    0.0020232870373477    0.0000504461844442    0.0014524804615608
  0.0558352572611403    0.0020293345131521    0.0000508700964313    0.0014670052661764
  0.0563936098337517    0.0020408372221047    0.0000506996855006    0.0014816753188381
  0.0569575459320893    0.0019904831496163    0.0000496440269595    0.0014964920720265
  0.0575271213914101    0.0018969198255672    0.0000482625777349    0.0015114569927468
  0.0581023926053242    0.0018523863938997    0.0000471010522229    0.0015265715626743
  0.0586834165313775    0.0017855078025293    0.0000461066603565    0.0015418372783010
  0.0592702506966913    0.0018241543252889    0.0000465441577620    0.0015572556510840
  0.0598629532036582    0.0017050135319898    0.0000440053504796    0.0015728282075949
  0.0604615827356948    0.0016895419734634    0.0000438059880786    0.0015885564896708
  0.0610661985630517    0.0016942413829413    0.0000438764489386    0.0016044420545675
  0.0616768605486822    0.0016297230347567    0.0000428236223164    0.0016204864751132
  0.0622936291541691    0.0015794198169212    0.0000415376822186    0.0016366913398643
  0.0629165654457108    0.0014979642938548    0.0000402809964479    0.0016530582532630
  0.0635457311001679    0.0013834496217260    0.0000387056292692    0.0016695888357956
  0.0641811884111695    0.0014041087572006    0.0000387918154870    0.0016862847241535
  0.0648230002952812    0.0013635835759428    0.0000384663154510    0.0017031475713951
  0.0654712302982340    0.0012781287810676    0.0000387743311639    0.0017201790471090
  0.0661259426012164    0.0011687916991579    0.0000373429381237    0.0017373808375801
  0.0667872020272285    0.0011503042507250    0.0000364111352962    0.0017547546459559
  0.0674550740475008    0.0010840342838287    0.0000346821640619    0.0017723021924155
  0.0681296247879758    0.0010433249184750    0.0000334231518244    0.0017900252143396
  0.0688109210358556    0.0010465030449340    0.0000336584124113    0.0018079254664830
  0.0694990302462141    0.0010214921761570    0.0000323369928047    0.0018260047211479
  0.0701940205486763    0.0009699545251119    0.0000311723010519    0.0018442647683593
  0.0708959607541631    0.0008681167022723    0.0000290975708101    0.0018627074160429
  0.0716049203617047    0.0009246306666702    0.0000296512140797    0.0018813344902034
  0.0723209695653217    0.0009281969873552    0.0000297014963778    0.0019001478351054
  0.0730441792609750    0.0008936126367068    0.0000288345392114    0.0019191493134565
  0.0737746210535847    0.0008445464270608    0.0000282942411640    0.0019383408065910
  0.0745123672641206    0.0008215181807516    0.0000277762860518    0.0019577242146569
  0.0752574909367618    0.0007632165997325    0.0000265352077999    0.0019773014568035
  0.0760100658461294    0.0007348183940663    0.0000254562003972    0.0019970744713715
  0.0767701665045907    0.0007219796659987    0.0000255218674827    0.0020170452160852
  0.0775378681696366    0.0007343862296738    0.0000252718381107    0.0020372156682461
  0.0783132468513330    0.0006686986005588    0.0000238355420876    0.0020575878249286
  0.0790963793198463    0.0006394328388010    0.0000232265464023    0.0020781637031778
  0.0798873431130447    0.0006361250900432    0.0000232746636688    0.0020989453402096
  0.0806862165441752    0.0005647193536899    0.0000217339795565    0.0021199347936117
  0.0814930787096169    0.0005964345642553    0.0000226116398657    0.0021411341415478
  0.0823080094967131    0.0005664765459926    0.0000214449492906    0.0021625454829633
  0.0831310895916802    0.0005435241921499    0.0000212450093598    0.0021841709377929
  0.0839624004875970    0.0005111940471168    0.0000208483336695    0.0022060126471709
  0.0848020244924730    0.0005058451506468    0.0000206595186095    0.0022280727736426
  0.0856500447373977    0.0004839869420220    0.0000201714167330    0.0022503535013790
  0.0865065451847717    0.0005066317834276    0.0000207315121864    0.0022728570363928
  0.0873716106366194    0.0004465547432534    0.0000191814464590    0.0022955856067567
  0.0882453267429856    0.0004016980140634    0.0000181396298407    0.0023185414628243
  0.0891277800104155    0.0003906624512748    0.0000180621258875    0.0023417268774525
  0.0900190578105197    0.0003780753315882    0.0000177536808726    0.0023651441462271
  0.0909192483886248    0.0003212269853963    0.0000165721206964    0.0023887955876893
  0.0918284408725111    0.0003322699112362    0.0000168176925369    0.0024126835435662
  0.0927467252812362    0.0003186347307985    0.0000168454748134    0.0024368103790019
  0.0936741925340486    0.0003017345651003    0.0000167235135902    0.0024611784827919
  0.0946109344593891    0.0002708177236011    0.0000156204464796    0.0024857902676198
  0.0955570438039829    0.0002905982060371    0.0000163496426922    0.0025106481702960
  0.0965126142420228    0.0002644820841772    0.0000154388521344    0.0025357546519990
  0.0974777403844430    0.0002781392797062    0.0000160585862852    0.0025611121985190
  0.0984525177882875    0.0002457377404150    0.0000153066577808    0.0025867233205042
  0.0994370429661703    0.0002281034056568    0.0000149232128747    0.0026125905537092
  0.1004314133958320    0.0002253800677968    0.0000139990062956    0.0026387164592463
