# Experiment IPTS-36897 Run 226673
# Reduction 2.9.0rc3
# Run title: Sample6_agapie-coating_D2O-bicarb-226673-1.
# Run start time: 2026-03-30T20:02:34.540984667
# Reduction time: Mon Mar 30 16:07:26 2026
# Q summing: False
# TOF weighted: False
# Bck in Q: False
# Theta offset: 0.0
# Stitching type: None
# DataRun   NormRun   TwoTheta(deg)  LambdaMin(A)   LambdaMax(A) Qmin(1/A)    Qmax(1/A)    SF_A         SF_B          SF
# 226673    226559    0.740008       2.74975        9.4987       0.0085       0.0295       4.0          0            1.0         
# 226674    226560    2.39994        2.74978        9.49867      0.0277       0.0957       25.0         0            1.0         
# 226675    226561    7.00072        2.74977        9.49868      0.0807       0.2790       196.0        0            1.0         
# Q [1/Angstrom]        R                     dR                    dQ [FWHM]            
  0.0085899187375132    1.0308610441254691    0.0781115791788800    0.0001884574685802
  0.0086328683312008    0.8462222809398451    0.0546218504339952    0.0001893997559231
  0.0086760326728568    0.8876292106149661    0.0575451817741273    0.0001903467547027
  0.0087194128362210    0.9393718662627959    0.0605755790657116    0.0001912984884762
  0.0087630099004021    0.8940880124424703    0.0567939054240553    0.0001922549809186
  0.0088068249499042    0.8658980788492351    0.0545330143684112    0.0001932162558232
  0.0088508590746537    0.8765335898648375    0.0536860322870799    0.0001941823371023
  0.0088951133700269    0.9280387485636973    0.0574063663341961    0.0001951532487878
  0.0089395889368771    0.9304584559311272    0.0576435968256173    0.0001961290150318
  0.0089842868815615    0.8763900582649774    0.0514401023667497    0.0001971096601069
  0.0090292083159693    0.9088121548074937    0.0538785539204903    0.0001980952084075
  0.0090743543575491    0.9629835677134633    0.0577972774039586    0.0001990856844495
  0.0091197261293369    0.9649483571858714    0.0574545459551875    0.0002000811128718
  0.0091653247599835    1.0558851829754943    0.0651702495883436    0.0002010815184361
  0.0092111513837835    0.8600766016537598    0.0479933362479200    0.0002020869260283
  0.0092572071407024    1.0010824736817348    0.0586493525105777    0.0002030973606584
  0.0093034931764059    1.0392287424378035    0.0615211863183494    0.0002041128474617
  0.0093500106422879    0.9302136354335798    0.0520850871310034    0.0002051334116990
  0.0093967606954993    0.9590981912007118    0.0528043154378576    0.0002061590787575
  0.0094437444989768    0.9109752577827034    0.0485096020200402    0.0002071898741513
  0.0094909632214717    0.9068417358356321    0.0481826309382174    0.0002082258235221
  0.0095384180375791    0.8890944581315239    0.0458286259636593    0.0002092669526397
  0.0095861101277670    0.8729382183063050    0.0436826298273016    0.0002103132874029
  0.0096340406784058    0.9786296707517276    0.0512534565690933    0.0002113648538399
  0.0096822108817978    0.8882040017267007    0.0440681813924058    0.0002124216781091
  0.0097306219362068    0.8990231465632487    0.0444284952049241    0.0002134837864997
  0.0097792750458879    0.9957707353809441    0.0515946233842847    0.0002145512054322
  0.0098281714211173    0.9123730998988996    0.0452894382643366    0.0002156239614593
  0.0098773122782229    0.9201421755515453    0.0456510113199844    0.0002167020812666
  0.0099266988396140    0.9211535207603758    0.0440511079229014    0.0002177855916729
  0.0099763323338121    0.9655469665639981    0.0471073080314003    0.0002188745196313
  0.0100262139954811    0.9484253965452342    0.0456442232431435    0.0002199688922295
  0.0100763450654585    0.9078813943849798    0.0419478826767338    0.0002210687366906
  0.0101267267907858    0.9803668831073157    0.0466617498171523    0.0002221740803741
  0.0101773604247398    0.9717053342639362    0.0449701727571301    0.0002232849507759
  0.0102282472268634    0.8362013602184606    0.0361942915354613    0.0002244013755298
  0.0102793884629978    0.9091594929506321    0.0398350438213495    0.0002255233824075
  0.0103307854053128    0.9127661540094472    0.0403311504389386    0.0002266509993195
  0.0103824393323393    0.9096009232535198    0.0397538063838837    0.0002277842543161
  0.0104343515290010    0.9281420431402279    0.0399762129003115    0.0002289231755877
  0.0104865232866460    0.9551157569313981    0.0408681353751724    0.0002300677914656
  0.0105389559030792    0.9010108247528723    0.0379768550097844    0.0002312181304229
  0.0105916506825946    0.9212036040055558    0.0381815884252270    0.0002323742210751
  0.0106446089360076    0.9813862988962690    0.0418895709152975    0.0002335360921804
  0.0106978319806876    0.8658603149148900    0.0345274840607640    0.0002347037726413
  0.0107513211405911    0.8858887975015775    0.0350047567684941    0.0002358772915045
  0.0108050777462940    0.8818627114976496    0.0348315517475612    0.0002370566779621
  0.0108591031350255    0.8415412688069370    0.0322859317823299    0.0002382419613519
  0.0109133986507006    0.9354641931584131    0.0367109073459854    0.0002394331711586
  0.0109679656439541    0.9179249473029824    0.0357732900370542    0.0002406303370144
  0.0110228054721739    0.9196715711901091    0.0356437273365112    0.0002418334886995
  0.0110779194995348    0.9669752699442354    0.0374900459751477    0.0002430426561430
  0.0111333090970324    0.9105655193906221    0.0339972397607312    0.0002442578694237
  0.0111889756425176    0.9267193965699766    0.0342030205692134    0.0002454791587708
  0.0112449205207302    0.9012244724806617    0.0331775762069040    0.0002467065545647
  0.0113011451233338    0.9743642117950283    0.0364516591058274    0.0002479400873375
  0.0113576508489505    0.8826521267228921    0.0316863958948445    0.0002491797877742
  0.0114144391031953    0.8686818907816117    0.0304582111922032    0.0002504256867131
  0.0114715112987112    0.8713057659583658    0.0304589380397541    0.0002516778151466
  0.0115288688552048    0.8919131901357559    0.0309834621901222    0.0002529362042224
  0.0115865131994808    0.8876809563727223    0.0306298980394844    0.0002542008852435
  0.0116444457654782    0.8657458703056579    0.0290589850481578    0.0002554718896697
  0.0117026679943056    0.8798920230548489    0.0296488111059605    0.0002567492491180
  0.0117611813342771    0.8594056841798361    0.0282268869503409    0.0002580329953636
  0.0118199872409485    0.9106201721907223    0.0305572834739063    0.0002593231603405
  0.0118790871771533    0.9068244899847325    0.0297686180540838    0.0002606197761422
  0.0119384826130390    0.8572092307033872    0.0271365729325818    0.0002619228750229
  0.0119981750261042    0.8523257598961329    0.0268952392315708    0.0002632324893980
  0.0120581659012347    0.8513294050006744    0.0263512313761162    0.0002645486518450
  0.0121184567307409    0.9031044411016856    0.0286705028596010    0.0002658713951042
  0.0121790490143946    0.8927223967840308    0.0278301059680675    0.0002672007520797
  0.0122399442594666    0.8671226563589199    0.0262499970650850    0.0002685367558401
  0.0123011439807639    0.8424450484973990    0.0253719009328626    0.0002698794396193
  0.0123626497006677    0.9061616084878111    0.0275831843002082    0.0002712288368174
  0.0124244629491711    0.8872002838761215    0.0266713641150062    0.0002725849810015
  0.0124865852639169    0.8420512402465690    0.0245773162122362    0.0002739479059065
  0.0125490181902365    0.8272770877007511    0.0235451343945022    0.0002753176454360
  0.0126117632811877    0.8850794195330525    0.0257101542485589    0.0002766942336632
  0.0126748220975936    0.9091826542453577    0.0268690747013030    0.0002780777048315
  0.0127381962080816    0.8786129014251212    0.0250893003522779    0.0002794680933557
  0.0128018871891220    0.9589251001628423    0.0281455915958362    0.0002808654338225
  0.0128658966250676    0.8868134397982977    0.0250120025560934    0.0002822697609916
  0.0129302261081930    0.8623780107161525    0.0238498942393694    0.0002836811097965
  0.0129948772387339    0.8935468110754834    0.0249223298499234    0.0002850995153455
  0.0130598516249276    0.8416011203747386    0.0227542598996726    0.0002865250129223
  0.0131251508830522    0.8920529301687566    0.0242629075148835    0.0002879576379869
  0.0131907766374675    0.9260919277272386    0.0252091593446656    0.0002893974261768
  0.0132567305206548    0.8476734827148238    0.0224402248126244    0.0002908444133077
  0.0133230141732581    0.8635673736681364    0.0226899840481316    0.0002922986353742
  0.0133896292441244    0.8896625840260981    0.0234915712171868    0.0002937601285511
  0.0134565773903450    0.8684617604291284    0.0226149627852827    0.0002952289291938
  0.0135238602772967    0.8704923069677946    0.0226140127412016    0.0002967050738398
  0.0135914795786832    0.8732570312076641    0.0225573931262397    0.0002981885992090
  0.0136594369765766    0.8766913920516207    0.0224905212744763    0.0002996795422051
  0.0137277341614595    0.8049946759061652    0.0199749573609755    0.0003011779399161
  0.0137963728322668    0.8271948237370718    0.0206744262815812    0.0003026838296157
  0.0138653546964281    0.8186426855898522    0.0202899333401722    0.0003041972487637
  0.0139346814699103    0.7929600533521921    0.0195077360274527    0.0003057182350076
  0.0140043548772598    0.7580217778160374    0.0185406143540634    0.0003072468261826
  0.0140743766516461    0.7083296551467319    0.0169932318727747    0.0003087830603135
  0.0141447485349043    0.6595190419390343    0.0156610945316262    0.0003103269756151
  0.0142154722775789    0.6323292456837720    0.0149973101197399    0.0003118786104932
  0.0142865496389668    0.5821109447552295    0.0138251838272780    0.0003134380035456
  0.0143579823871616    0.5338028973099207    0.0126827075555215    0.0003150051935633
  0.0144297722990974    0.5033571939053926    0.0121727546693140    0.0003165802195312
  0.0145019211605929    0.4418502038689852    0.0105568893115990    0.0003181631206288
  0.0145744307663958    0.4025132257203919    0.0097761110664582    0.0003197539362320
  0.0146473029202278    0.3492982106575366    0.0084873985948479    0.0003213527059131
  0.0147205394348290    0.3232025438936718    0.0079766278684744    0.0003229594694427
  0.0147941421320031    0.2796992717250781    0.0069378118782988    0.0003245742667899
  0.0148681128426631    0.2585048078662615    0.0065114678403945    0.0003261971381239
  0.0149424534068764    0.2287284510269045    0.0058486974259764    0.0003278281238145
  0.0150171656739108    0.1964549837865218    0.0050514238133036    0.0003294672644335
  0.0150922515022804    0.1809982428845484    0.0047543081591195    0.0003311146007557
  0.0151677127597918    0.1819419530908603    0.0049237206082283    0.0003327701737595
  0.0152435513235907    0.1604570636272802    0.0045106860029743    0.0003344340246283
  0.0153197690802087    0.1517012172551568    0.0040859515861389    0.0003361061947514
  0.0153963679256097    0.1417363349584498    0.0037076213610061    0.0003377867257252
  0.0154733497652378    0.1381833873696934    0.0036186020367447    0.0003394756593538
  0.0155507165140639    0.1449471004154764    0.0038172452958153    0.0003411730376506
  0.0156284700966343    0.1367556651752245    0.0035835216498782    0.0003428789028388
  0.0157066124471174    0.1339709034832655    0.0034725039824954    0.0003445932973530
  0.0157851455093530    0.1266470119466458    0.0033146391051323    0.0003463162638398
  0.0158640712368998    0.1222224828268808    0.0031980711062785    0.0003480478451590
  0.0159433915930843    0.1181722774791759    0.0031442504162507    0.0003497880843848
  0.0160231085510497    0.1146639781968841    0.0030410998499250    0.0003515370248067
  0.0161032240938049    0.1114700849974368    0.0029864341752229    0.0003532947099307
  0.0161837402142740    0.1069864337241240    0.0028257166685079    0.0003550611834804
  0.0162646589153453    0.1077751788068196    0.0028480493454567    0.0003568364893978
  0.0163459822099221    0.1081596694894572    0.0028852676886046    0.0003586206718448
  0.0164277121209717    0.1013245338515724    0.0027124951386487    0.0003604137752040
  0.0165098506815765    0.0987713642222145    0.0026477529148102    0.0003622158440800
  0.0165923999349844    0.0972011040901363    0.0026843039426015    0.0003640269233004
  0.0166753619346593    0.0969601034363109    0.0026868531495679    0.0003658470579169
  0.0167587387443326    0.0860098853400788    0.0023293125181085    0.0003676762932065
  0.0168425324380543    0.0900987624766890    0.0023510955697094    0.0003695146746726
  0.0169267451002446    0.0829475697220596    0.0021757369334374    0.0003713622480459
  0.0170113788257458    0.0843439389482917    0.0022309804512381    0.0003732190592861
  0.0170964357198745    0.0801636949112875    0.0021125896984249    0.0003750851545826
  0.0171819178984739    0.0784551284639368    0.0020902579958139    0.0003769605803555
  0.0172678274879662    0.0768286256205662    0.0020708181972049    0.0003788453832573
  0.0173541666254061    0.0732184933206749    0.0019950314519960    0.0003807396101736
  0.0174409374585331    0.0752981068739649    0.0020103631608596    0.0003826433082244
  0.0175281421458258    0.0722544972054589    0.0019958168914281    0.0003845565247655
  0.0176157828565549    0.0696031062955925    0.0019097380347004    0.0003864793073894
  0.0177038617708377    0.0690471902649985    0.0019174263539983    0.0003884117039263
  0.0177923810796918    0.0641191819871705    0.0017677103446577    0.0003903537624459
  0.0178813429850903    0.0631937563514111    0.0017505016067705    0.0003923055312582
  0.0179707497000158    0.0610959533075302    0.0017261610699165    0.0003942670589145
  0.0180606034485158    0.0600125798682015    0.0016827769226732    0.0003962383942090
  0.0181509064657584    0.0600539887278087    0.0016880745686206    0.0003982195861801
  0.0182416609980872    0.0588464158811184    0.0016440769875173    0.0004002106841110
  0.0183328693030776    0.0540033780556945    0.0015322048831763    0.0004022117375315
  0.0184245336495930    0.0569808655647418    0.0016123171438694    0.0004042227962192
  0.0185166563178410    0.0534283959360220    0.0015345934049838    0.0004062439102003
  0.0186092395994302    0.0549910045001784    0.0015852531711035    0.0004082751297513
  0.0187022857974273    0.0493221264974480    0.0014349487842512    0.0004103165054001
  0.0187957972264145    0.0492057032398223    0.0014307898244854    0.0004123680879271
  0.0188897762125465    0.0492416629070399    0.0014356153548221    0.0004144299283667
  0.0189842250936093    0.0475360322439719    0.0014008672440725    0.0004165020780085
  0.0190791462190773    0.0450680246203423    0.0013462386609604    0.0004185845883986
  0.0191745419501727    0.0460217544394719    0.0013593328237931    0.0004206775113406
  0.0192704146599236    0.0460474509168450    0.0013508855729313    0.0004227808988973
  0.0193667667332232    0.0416640890634556    0.0012722447178972    0.0004248948033917
  0.0194636005668893    0.0422414055044733    0.0012777774178704    0.0004270192774087
  0.0195609185697237    0.0396334928477934    0.0012123004346451    0.0004291543737957
  0.0196587231625724    0.0413226115748992    0.0012583142045330    0.0004313001456647
  0.0197570167783852    0.0398799077231281    0.0012195388150264    0.0004334566463931
  0.0198558018622771    0.0391167159690119    0.0012172360566375    0.0004356239296250
  0.0199550808715885    0.0370917572000212    0.0011741736875381    0.0004378020492731
  0.0200548562759465    0.0392297856204281    0.0012452373406170    0.0004399910595195
  0.0201551305573262    0.0370447457144854    0.0012241472188218    0.0004421910148171
  0.0202559062101128    0.0371483375658095    0.0012439920109799    0.0004444019698912
  0.0203571857411634    0.0330775579964173    0.0011249486847089    0.0004466239797406
  0.0204589716698692    0.0362666872278992    0.0011900634180796    0.0004488570996393
  0.0205612665282185    0.0353214054822778    0.0011659536444305    0.0004511013851375
  0.0206640728608596    0.0329643444165566    0.0011074740121281    0.0004533568920632
  0.0207673932251639    0.0336024913487299    0.0011046473801663    0.0004556236765235
  0.0208712301912897    0.0317186130885290    0.0010533538133506    0.0004579017949062
  0.0209755863422462    0.0337687696500443    0.0011077583775423    0.0004601913038807
  0.0210804642739574    0.0316901334914460    0.0010660445398017    0.0004624922604001
  0.0211858665953272    0.0301481152682901    0.0010069514690303    0.0004648047217021
  0.0212917959283038    0.0311621502861007    0.0010266996328697    0.0004671287453106
  0.0213982549079454    0.0290231271365746    0.0009756336506325    0.0004694643890372
  0.0215052461824851    0.0301292647848441    0.0009946178450818    0.0004718117109824
  0.0216127724133975    0.0285666294064093    0.0009513555889686    0.0004741707695373
  0.0217208362754645    0.0269667413752553    0.0009012088250740    0.0004765416233849
  0.0218294404568418    0.0270178791457033    0.0009081649862165    0.0004789243315019
  0.0219385876591260    0.0274307514205775    0.0009118432584492    0.0004813189531594
  0.0220482805974216    0.0256754855726669    0.0008683451239327    0.0004837255479252
  0.0221585220004087    0.0248370517488229    0.0008575548347107    0.0004861441756648
  0.0222693146104108    0.0270703499388804    0.0008874633359955    0.0004885748965431
  0.0223806611834628    0.0260391298927610    0.0008715583178635    0.0004910177710258
  0.0224925644893802    0.0239511890005587    0.0008350459805182    0.0004934728598810
  0.0226050273118271    0.0243675357591676    0.0008438766143047    0.0004959402241804
  0.0227180524483862    0.0253537995743270    0.0008512999380572    0.0004984199253013
  0.0228316427106281    0.0229382745232392    0.0008011479172894    0.0005009120249278
  0.0229458009241813    0.0239871560538545    0.0008205161911641    0.0005034165850524
  0.0230605299288022    0.0215093454336769    0.0007694380967938    0.0005059336679777
  0.0231758325784462    0.0241033437095654    0.0008227384875615    0.0005084633363176
  0.0232917117413384    0.0223664719376719    0.0007692471952649    0.0005110056529992
  0.0234081703000451    0.0233317643260287    0.0007915629324450    0.0005135606812642
  0.0235252111515453    0.0235735953492980    0.0007926349486332    0.0005161284846705
  0.0236428372073030    0.0221988572654634    0.0007660653737082    0.0005187091270938
  0.0237610513933395    0.0212059600964377    0.0007416686380283    0.0005213026727293
  0.0238798566503062    0.0215754199276078    0.0007480967064032    0.0005239091860929
  0.0239992559335578    0.0197614496196863    0.0007081763089516    0.0005265287320234
  0.0241192522132255    0.0215468174468853    0.0007394412267303    0.0005291613756835
  0.0242398484742917    0.0197699842797267    0.0007049873761296    0.0005318071825619
  0.0243610477166631    0.0203733486434475    0.0007208980828695    0.0005344662184748
  0.0244828529552464    0.0193525811989192    0.0006875922161555    0.0005371385495671
  0.0246052672200227    0.0195462111213802    0.0006887951897953    0.0005398242423150
  0.0247282935561228    0.0207878709347043    0.0007165599565155    0.0005425233635265
  0.0248519350239034    0.0197539857233866    0.0006891864760434    0.0005452359803442
  0.0249761946990229    0.0189682623857843    0.0006751624055094    0.0005479621602459
  0.0251010756725180    0.0203239145917000    0.0007012670806868    0.0005507019710471
  0.0252265810508806    0.0184236064386332    0.0006615904602203    0.0005534554809024
  0.0253527139561350    0.0179874106416930    0.0006527615497966    0.0005562227583069
  0.0254794775259157    0.0174066768859053    0.0006319411113317    0.0005590038720984
  0.0256068749135453    0.0180301686998693    0.0006488639242288    0.0005617988914589
  0.0257349092881130    0.0172141514351179    0.0006353174756695    0.0005646078859162
  0.0258635838345535    0.0168995584555674    0.0006196469394975    0.0005674309253458
  0.0259929017537263    0.0166433330936815    0.0006043483136651    0.0005702680799725
  0.0261228662624949    0.0163808594464568    0.0006058242460093    0.0005731194203724
  0.0262534805938074    0.0159073688097632    0.0005923988489584    0.0005759850174742
  0.0263847479967764    0.0149884732768321    0.0005755851935762    0.0005788649425616
  0.0265166717367603    0.0168620345157487    0.0006150300234452    0.0005817592672744
  0.0266492550954441    0.0150210672029377    0.0005753412051762    0.0005846680636108
  0.0267825013709213    0.0169194218310079    0.0006099606795545    0.0005875914039288
  0.0269164138777759    0.0157322492531137    0.0005879581675003    0.0005905293609485
  0.0270509959471648    0.0154728484477963    0.0005796197030705    0.0005934820077532
  0.0271862509269006    0.0147595291511674    0.0005618523541282    0.0005964494177920
  0.0273221821815351    0.0150570760032974    0.0005764383059100    0.0005994316648809
  0.0274587930924428    0.0142561619436579    0.0005560876769151    0.0006024288232053
  0.0275960870579050    0.0146987527335803    0.0005691961846225    0.0006054409673214
  0.0277340674931945    0.0148347645334801    0.0005674897422472    0.0006084681721580
  0.0278727378306605    0.0149058951147149    0.0005711009769173    0.0006115105130188
  0.0278727378306605    0.0079453058581123    0.0112269702950898    0.0006109359375302
  0.0280121015198138    0.0137094478509054    0.0008479867668563    0.0006139906172178
  0.0280121015198138    0.0141632588033921    0.0005553247941121    0.0006145680655839
  0.0281521620274129    0.0141472495812904    0.0005501738056946    0.0006176409059118
  0.0281521620274129    0.0139146093079746    0.0008401233942965    0.0006170605703039
  0.0282929228375499    0.0137473788586215    0.0008112761983106    0.0006201458731554
  0.0282929228375499    0.0137663500271498    0.0005502818995019    0.0006207291104413
  0.0284343874517377    0.0137031888458337    0.0008029490651623    0.0006232466025212
  0.0284343874517377    0.0133193304615115    0.0005464772198107    0.0006238327559936
  0.0285765593889964    0.0123428204575644    0.0005309919384879    0.0006269519197735
  0.0285765593889964    0.0134454674544685    0.0007904845080475    0.0006263628355338
  0.0287194421859414    0.0143589478331430    0.0008366616456449    0.0006294946497115
  0.0287194421859414    0.0139855213361106    0.0005770843807542    0.0006300866793724
  0.0288630393968711    0.0130190645158561    0.0005437194845712    0.0006332371127692
  0.0288630393968711    0.0134467944616188    0.0007709155936856    0.0006326421229600
  0.0290073545938554    0.0144036665263735    0.0008424141225539    0.0006358053335748
  0.0290073545938554    0.0131241726251721    0.0005312486288687    0.0006364032983331
  0.0291523913668247    0.0129785556736985    0.0005347418787028    0.0006395853148248
  0.0291523913668247    0.0138977421857013    0.0007924860493640    0.0006389843602427
  0.0292981533236588    0.0130169222866016    0.0007327657044151    0.0006421792820439
  0.0292981533236588    0.0122184033219730    0.0005112710157123    0.0006427832413989
  0.0294446440902771    0.0132248653432706    0.0007255363613046    0.0006453901784542
  0.0295918673107285    0.0125997277781748    0.0006891716836462    0.0006486171293464
  0.0297398266472821    0.0123284132422084    0.0006649182811918    0.0006518602149932
  0.0298885257805185    0.0127943369403817    0.0006924828606283    0.0006551195160681
  0.0300379684094211    0.0129643090463931    0.0006869948938730    0.0006583951136485
  0.0301881582514682    0.0126228670451210    0.0006657913377963    0.0006616870892167
  0.0303390990427256    0.0125069485493284    0.0006637371825068    0.0006649955246628
  0.0304907945379392    0.0122145571426356    0.0006291490535149    0.0006683205022861
  0.0306432485106289    0.0126260497132853    0.0006610145192374    0.0006716621047975
  0.0307964647531820    0.0113637278737462    0.0005731579638343    0.0006750204153215
  0.0309504470769479    0.0118950108817612    0.0006088491119511    0.0006783955173981
  0.0311051993123327    0.0106210850128416    0.0005250098846397    0.0006817874949851
  0.0312607253088943    0.0115290669975994    0.0005805645538389    0.0006851964324600
  0.0314170289354388    0.0122147887473151    0.0006045788131026    0.0006886224146223
  0.0315741140801160    0.0113130848635193    0.0005525865664588    0.0006920655266955
  0.0317319846505165    0.0112531631755247    0.0005370402098561    0.0006955258543289
  0.0318906445737691    0.0117077240446039    0.0005642376726441    0.0006990034836006
  0.0320500977966380    0.0107433622992962    0.0005288457063880    0.0007024985010186
  0.0322103482856212    0.0109288776294705    0.0005137943918713    0.0007060109935237
  0.0323714000270493    0.0113252308195645    0.0005268662148862    0.0007095410484913
  0.0325332570271845    0.0101531201213703    0.0004671265072809    0.0007130887537337
  0.0326959233123204    0.0111008344421503    0.0005100011202057    0.0007166541975024
  0.0328594029288820    0.0103454602699127    0.0004755443071033    0.0007202374684899
  0.0330236999435264    0.0093709917256099    0.0004241338321356    0.0007238386558324
  0.0331888184432441    0.0100148314746585    0.0004412933502570    0.0007274578491115
  0.0333547625354603    0.0097518586687556    0.0004353223098038    0.0007310951383571
  0.0335215363481376    0.0094824933819598    0.0004198216019013    0.0007347506140489
  0.0336891440298783    0.0096603356115820    0.0004297371795868    0.0007384243671191
  0.0338575897500276    0.0090242471406764    0.0003956093216947    0.0007421164889547
  0.0340268776987778    0.0092100124279401    0.0004048320307163    0.0007458270713995
  0.0341970120872717    0.0094751272091177    0.0004095124468324    0.0007495562067565
  0.0343679971477080    0.0087004728758470    0.0003689833719921    0.0007533039877903
  0.0345398371334466    0.0092441365560852    0.0003912450978895    0.0007570705077292
  0.0347125363191138    0.0085683054503581    0.0003637297211399    0.0007608558602679
  0.0348860990007094    0.0090099168986410    0.0003714365789623    0.0007646601395692
  0.0350605294957129    0.0087058851742391    0.0003661254719298    0.0007684834402671
  0.0352358321431915    0.0079248525709315    0.0003307514472094    0.0007723258574684
  0.0354120113039074    0.0082141841257136    0.0003352498495419    0.0007761874867557
  0.0355890713604269    0.0080411975286107    0.0003326415517357    0.0007800684241895
  0.0357670167172291    0.0080613369487025    0.0003222117189721    0.0007839687663105
  0.0359458518008152    0.0076200316604845    0.0003088604079806    0.0007878886101420
  0.0361255810598193    0.0078073847905571    0.0003131053835061    0.0007918280531927
  0.0363062089651184    0.0078543770398651    0.0003070875368322    0.0007957871934587
  0.0364877400099440    0.0071943650637248    0.0002782836038669    0.0007997661294260
  0.0366701787099937    0.0075481108252594    0.0002988831311888    0.0008037649600731
  0.0368535296035436    0.0070184160138105    0.0002781676950211    0.0008077837848735
  0.0370377972515614    0.0067554607671531    0.0002582189967716    0.0008118227037978
  0.0372229862378192    0.0075054902182248    0.0002838102614055    0.0008158818173168
  0.0374091011690083    0.0064834544580980    0.0002485568494283    0.0008199612264034
  0.0375961466748533    0.0068097123204954    0.0002628029989694    0.0008240610325354
  0.0377841274082275    0.0062491651522251    0.0002357466693062    0.0008281813376981
  0.0379730480452687    0.0062871875838724    0.0002385376918013    0.0008323222443866
  0.0381629132854950    0.0063886849428245    0.0002386204814502    0.0008364838556085
  0.0383537278519225    0.0064300658512829    0.0002466829810265    0.0008406662748866
  0.0385454964911821    0.0054912348849821    0.0002041776295868    0.0008448696062610
  0.0387382239736380    0.0063057198829642    0.0002315112882934    0.0008490939542923
  0.0389319150935062    0.0054889977391800    0.0002075005404805    0.0008533394240638
  0.0391265746689737    0.0056069658604011    0.0002065222139094    0.0008576061211841
  0.0393222075423186    0.0055738793061958    0.0002071703787543    0.0008618941517900
  0.0395188185800302    0.0053721446771409    0.0001971078093830    0.0008662036225490
  0.0397164126729303    0.0053689933113946    0.0001916738766364    0.0008705346406617
  0.0399149947362950    0.0049689793981295    0.0001813457917561    0.0008748873138650
  0.0401145697099764    0.0053338549006780    0.0001924017476570    0.0008792617504343
  0.0403151425585263    0.0051460862345070    0.0001849163720131    0.0008836580591865
  0.0405167182713189    0.0046784336186414    0.0001696150245205    0.0008880763494824
  0.0407193018626755    0.0045928960365160    0.0001680322124793    0.0008925167312299
  0.0409228983719889    0.0048752678429529    0.0001740870565662    0.0008969793148860
  0.0411275128638489    0.0045318885742969    0.0001639196595266    0.0009014642114604
  0.0413331504281681    0.0041490930728415    0.0001520182199376    0.0009059715325177
  0.0415398161803089    0.0041385926739369    0.0001520431204548    0.0009105013901803
  0.0417475152612105    0.0038613157561187    0.0001407573981702    0.0009150538971312
  0.0419562528375165    0.0041156053498189    0.0001464693194023    0.0009196291666169
  0.0421660341017041    0.0038962241036594    0.0001412636132439    0.0009242273124500
  0.0423768642722126    0.0037613007825887    0.0001355535383532    0.0009288484490122
  0.0425887485935737    0.0037594600088141    0.0001347255262787    0.0009334926912573
  0.0428016923365415    0.0035665069499325    0.0001301606592609    0.0009381601547136
  0.0430157007982242    0.0034545432870426    0.0001254106267981    0.0009428509554871
  0.0432307793022154    0.0032889807756959    0.0001210826415121    0.0009475652102646
  0.0434469331987264    0.0034602854794651    0.0001252415689907    0.0009523030363159
  0.0436641678647200    0.0031651830896846    0.0001177345621472    0.0009570645514975
  0.0438824887040437    0.0032186583394276    0.0001164597338473    0.0009618498742550
  0.0441019011475639    0.0029916621893567    0.0001094976201528    0.0009666591236262
  0.0443224106533017    0.0028304682066948    0.0001039444380452    0.0009714924192444
  0.0445440227065682    0.0028047903237486    0.0001021571543807    0.0009763498813406
  0.0447667428201010    0.0027332587811359    0.0001019852489439    0.0009812316307473
  0.0449905765342015    0.0027982414994951    0.0001024192620881    0.0009861377889010
  0.0452155294168725    0.0026167555877003    0.0000978546761074    0.0009910684778455
  0.0454416070639569    0.0025414537133583    0.0000945015800371    0.0009960238202348
  0.0456688150992767    0.0025459450770829    0.0000961000300776    0.0010010039393359
  0.0458971591747730    0.0023352979384441    0.0000885506454632    0.0010060089590326
  0.0461266449706469    0.0023827203653258    0.0000898756286207    0.0010110390038278
  0.0463572781955001    0.0022206335732467    0.0000845943990842    0.0010160941988469
  0.0465890645864776    0.0021720981461103    0.0000824333696610    0.0010211746698411
  0.0468220099094100    0.0020492852161750    0.0000787646814195    0.0010262805431904
  0.0470561199589570    0.0018952278615862    0.0000747211403172    0.0010314119459063
  0.0472914005587518    0.0018505637384639    0.0000725513447698    0.0010365690056358
  0.0475278575615456    0.0018049294197077    0.0000719900909094    0.0010417518506640
  0.0477654968493533    0.0016608426092280    0.0000684891930315    0.0010469606099173
  0.0480043243336001    0.0016389548182593    0.0000666631317214    0.0010521954129669
  0.0482443459552681    0.0015778851109146    0.0000657412030820    0.0010574563900318
  0.0484855676850444    0.0014384733171121    0.0000607823266687    0.0010627436719819
  0.0487279955234696    0.0014964127789628    0.0000629314661646    0.0010680573903418
  0.0489716355010870    0.0014320955567160    0.0000609644921668    0.0010733976772935
  0.0492164936785924    0.0014054919280374    0.0000612728629106    0.0010787646656800
  0.0494625761469853    0.0014081769844504    0.0000632534893543    0.0010841584890084
  0.0497098890277203    0.0013126222587462    0.0000569993825609    0.0010895792814534
  0.0499584384728589    0.0013234407223086    0.0000557798381029    0.0010950271778607
  0.0502082306652232    0.0012645917606355    0.0000539876237838    0.0011005023137500
  0.0504592718185493    0.0012481038658412    0.0000535819817988    0.0011060048253188
  0.0507115681776420    0.0011228682339833    0.0000487995793364    0.0011115348494454
  0.0509651260185302    0.0011063809395963    0.0000493704351649    0.0011170925236926
  0.0512199516486228    0.0009944921641616    0.0000460572911056    0.0011226779863110
  0.0514760514068660    0.0009813265611325    0.0000450864711998    0.0011282913762426
  0.0517334316639003    0.0009499265377495    0.0000446858501705    0.0011339328331238
  0.0519920988222198    0.0010234720524095    0.0000465230612034    0.0011396024972894
  0.0522520593163309    0.0009496054832779    0.0000439367956436    0.0011453005097759
  0.0525133196129125    0.0008944992442439    0.0000426420197332    0.0011510270123248
  0.0527758862109771    0.0008402693437735    0.0000409548545992    0.0011567821473864
  0.0530397656420320    0.0008083571374823    0.0000399945770977    0.0011625660581233
  0.0533049644702421    0.0007665801135822    0.0000384098826801    0.0011683788884139
  0.0535714892925933    0.0008224681753228    0.0000407322563415    0.0011742207828560
  0.0538393467390563    0.0007804290615153    0.0000400412872096    0.0011800918867703
  0.0541085434727516    0.0007564233871423    0.0000398469610750    0.0011859923462041
  0.0543790861901153    0.0007555328173390    0.0000380293969973    0.0011919223079352
  0.0546509816210659    0.0007417863368783    0.0000362877030587    0.0011978819194748
  0.0549242365291712    0.0007348409665624    0.0000356540190751    0.0012038713290722
  0.0551988577118171    0.0007191619757878    0.0000353723849996    0.0012098906857176
  0.0554748520003761    0.0006503559788216    0.0000327568450845    0.0012159401391462
  0.0557522262603780    0.0006863441189674    0.0000344022493102    0.0012220198398419
  0.0560309873916799    0.0007152931637580    0.0000350090998896    0.0012281299390411
  0.0563111423286383    0.0007075334012747    0.0000339962243914    0.0012342705887363
  0.0565926980402815    0.0006629740654637    0.0000336565230921    0.0012404419416800
  0.0568756615304829    0.0006709538960763    0.0000331835041968    0.0012466441513884
  0.0571600398381353    0.0006621222656954    0.0000331622496811    0.0012528773721453
  0.0574458400373259    0.0006156749904891    0.0000320975316167    0.0012591417590060
  0.0577330692375126    0.0006442552386635    0.0000318947100350    0.0012654374678011
  0.0580217345837001    0.0006898029241201    0.0000329689511450    0.0012717646551401
  0.0583118432566186    0.0007111546721420    0.0000338176230491    0.0012781234784158
  0.0586034024729017    0.0007160093661577    0.0000336532895863    0.0012845140958079
  0.0588964194852662    0.0006847568957785    0.0000320409985676    0.0012909366662869
  0.0591909015826925    0.0007168032466155    0.0000332753458455    0.0012973913496183
  0.0594868560906060    0.0007276018420663    0.0000329777415457    0.0013038783063664
  0.0597842903710590    0.0007539907048056    0.0000340498849320    0.0013103976978983
  0.0600832118229143    0.0007266883971249    0.0000327595315556    0.0013169496863877
  0.0603836278820289    0.0007066563512601    0.0000325830640194    0.0013235344348197
  0.0606855460214390    0.0007333854011960    0.0000324336128081    0.0013301521069938
  0.0609889737515462    0.0007380405271015    0.0000332138720105    0.0013368028675288
  0.0612939186203039    0.0007903279270090    0.0000340564100393    0.0013434868818664
  0.0616003882134054    0.0008552132810546    0.0000349807124839    0.0013502043162757
  0.0619083901544725    0.0008034217902397    0.0000340927556856    0.0013569553378571
  0.0622179321052448    0.0008021919361707    0.0000338412467553    0.0013637401145464
  0.0625290217657710    0.0008707284440825    0.0000352148266994    0.0013705588151191
  0.0628416668745999    0.0008895863300083    0.0000361802658298    0.0013774116091947
  0.0631558752089729    0.0008100256044588    0.0000336776215482    0.0013842986672407
  0.0634716545850177    0.0008685784600118    0.0000349934886446    0.0013912201605769
  0.0637890128579428    0.0009088345512016    0.0000359635840617    0.0013981762613798
  0.0641079579222325    0.0008523615678404    0.0000348008438311    0.0014051671426867
  0.0644284977118437    0.0008720769873598    0.0000348999111186    0.0014121929784001
  0.0647506402004029    0.0008669971329570    0.0000350938569621    0.0014192539432921
  0.0650743934014049    0.0009272090358564    0.0000369044441747    0.0014263502130086
  0.0653997653684119    0.0009017250038398    0.0000375396450102    0.0014334819640736
  0.0657267641952540    0.0010134612239973    0.0000395507824079    0.0014406493738940
  0.0660553980162302    0.0009401713895260    0.0000380814084383    0.0014478526207635
  0.0663856750063114    0.0009037405413963    0.0000367508246893    0.0014550918838673
  0.0667176033813429    0.0008821568273384    0.0000361234043546    0.0014623673432866
  0.0670511913982496    0.0008648552340582    0.0000347615989251    0.0014696791800030
  0.0673864473552409    0.0009654175439631    0.0000364948489880    0.0014770275759031
  0.0677233795920171    0.0009430998273237    0.0000364733920132    0.0014844127137826
  0.0680619964899772    0.0009823028545308    0.0000368389888948    0.0014918347773515
  0.0684023064724270    0.0009906705067333    0.0000369745775365    0.0014992939512382
  0.0687443180047892    0.0009179801900317    0.0000353519298394    0.0015067904209944
  0.0690880395948131    0.0009878671694373    0.0000361562478428    0.0015143243730994
  0.0694334797927871    0.0009202183749060    0.0000346105415941    0.0015218959949649
  0.0697806471917511    0.0009197043068151    0.0000342927951658    0.0015295054749397
  0.0701295504277098    0.0009553742803337    0.0000349034481325    0.0015371530023144
  0.0704801981798484    0.0009492616987866    0.0000353691145953    0.0015448387673260
  0.0708325991707476    0.0010034669728614    0.0000354374085051    0.0015525629611626
  0.0711867621666013    0.0009229771534508    0.0000341846288720    0.0015603257759684
  0.0715426959774343    0.0009057239893959    0.0000333445002062    0.0015681274048483
  0.0719004094573215    0.0009321098997979    0.0000338956122606    0.0015759680418725
  0.0722599115046081    0.0009098955155688    0.0000330328172814    0.0015838478820819
  0.0726212110621311    0.0008573602159621    0.0000319069650229    0.0015917671214923
  0.0729843171174418    0.0008536627503749    0.0000318602410212    0.0015997259570998
  0.0733492387030290    0.0008944590205937    0.0000326252246409    0.0016077245868853
  0.0737159848965441    0.0007911576137572    0.0000308094491361    0.0016157632098197
  0.0740845648210268    0.0008727861683418    0.0000323163321688    0.0016238420258688
  0.0744549876451319    0.0008096843337499    0.0000307026292165    0.0016319612359981
  0.0748272625833576    0.0007602132802641    0.0000293650928579    0.0016401210421781
  0.0752013988962744    0.0008229443801659    0.0000306523957061    0.0016483216473890
  0.0755774058907557    0.0007596109372759    0.0000286332063044    0.0016565632556259
  0.0759552929202095    0.0007756470920984    0.0000292542997926    0.0016648460719041
  0.0763350693848105    0.0007216816336906    0.0000284262968841    0.0016731703022636
  0.0767167447317346    0.0006456017732012    0.0000267844666796    0.0016815361537749
  0.0771003284553933    0.0007066412265354    0.0000280738426274    0.0016899438345438
  0.0774858300976702    0.0006850430635186    0.0000270834108680    0.0016983935537165
  0.0778732592481586    0.0006780809510622    0.0000270489562673    0.0017068855214851
  0.0782626255443993    0.0006883713563827    0.0000270668320111    0.0017154199490925
  0.0786539386721213    0.0006150896633758    0.0000254192137483    0.0017239970488380
  0.0790472083654819    0.0005770907561809    0.0000247958837260    0.0017326170340822
  0.0794424444073093    0.0005890812723725    0.0000246664706831    0.0017412801192526
  0.0798396566293459    0.0005608778975080    0.0000240710558159    0.0017499865198488
  0.0802388549124926    0.0005454103476266    0.0000235371981082    0.0017587364524481
  0.0806400491870551    0.0005087166827595    0.0000227319125581    0.0017675301347103
  0.0810432494329903    0.0004263698829847    0.0000207876912387    0.0017763677853839
  0.0814484656801553    0.0004485580441302    0.0000213270327419    0.0017852496243108
  0.0814484656801553    0.0004154175022180    0.0000567360439889    0.0017823584041362
  0.0818557080085560    0.0004799196828110    0.0000285560113827    0.0017912701961569
  0.0818557080085560    0.0003973039025144    0.0000201446373684    0.0017941758724324
  0.0822649865485988    0.0004281632475775    0.0000209739568489    0.0018031467517945
  0.0822649865485988    0.0004537995820275    0.0000264353748315    0.0018002265471377
  0.0826763114813418    0.0004151104308114    0.0000245595025853    0.0018092276798734
  0.0826763114813418    0.0003628031561588    0.0000191853138877    0.0018121624855535
  0.0830896930387485    0.0003762534567426    0.0000197526069777    0.0018212232979813
  0.0830896930387485    0.0004408650071850    0.0000259064242157    0.0018182738182728
  0.0835051415039422    0.0004136730998576    0.0000250305075484    0.0018273651873641
  0.0835051415039422    0.0003618473009615    0.0000189314493621    0.0018303294144712
  0.0839226672114619    0.0003679115702005    0.0000190533725426    0.0018394810615435
  0.0839226672114619    0.0003655565884525    0.0000216008247120    0.0018365020133009
  0.0843422805475192    0.0003418691335059    0.0000208745710503    0.0018456845233674
  0.0843422805475192    0.0003354885394579    0.0000186044928273    0.0018486784668512
  0.0847639919502568    0.0002636057821899    0.0000162013193181    0.0018579218591855
  0.0847639919502568    0.0003059911076622    0.0000181777834655    0.0018549129459843
  0.0851878119100081    0.0003077789511116    0.0000185680212903    0.0018641875107142
  0.0851878119100081    0.0002738348547830    0.0000169170482968    0.0018672114684814
  0.0856137509695581    0.0002644335868164    0.0000161522964447    0.0018735084482678
  0.0856137509695581    0.0002564466853963    0.0000165122169844    0.0018765475258238
  0.0860418197244059    0.0002542892672316    0.0000163962635866    0.0018859302634529
  0.0860418197244059    0.0002860717833298    0.0000172641651635    0.0018828759905091
  0.0864720288230279    0.0002492450619874    0.0000161867971201    0.0018953599147702
  0.0864720288230279    0.0002505630128613    0.0000158075864892    0.0018922903704617
  0.0869043889671431    0.0001993920977959    0.0000147023370339    0.0019048367143441
  0.0869043889671431    0.0002512633545023    0.0000152853249640    0.0019017518223140
  0.0873389109119788    0.0002067908273721    0.0000134795440028    0.0019112605814255
  0.0873389109119788    0.0002048104992773    0.0000145202310941    0.0019143608979158
  0.0877756054665386    0.0001758468183840    0.0000140454027085    0.0019239327024054
  0.0877756054665386    0.0001852555135081    0.0000123152762972    0.0019208168843327
  0.0882144834938713    0.0001905151142914    0.0000123351956216    0.0019304209687543
  0.0882144834938713    0.0002037067263752    0.0000147515623817    0.0019335523659174
  0.0886555559113407    0.0001696539106381    0.0000136470595260    0.0019432201277470
  0.0886555559113407    0.0001786050234901    0.0000119049888553    0.0019400730735981
  0.0890988336908974    0.0001533791871997    0.0000107144696223    0.0019497734389661
  0.0890988336908974    0.0001678137422267    0.0000137660037846    0.0019529362283857
  0.0895443278593518    0.0001437949314792    0.0000124716358846    0.0019627009095276
  0.0895443278593518    0.0001453151315157    0.0000102376140987    0.0019595223061609
  0.0899920494986486    0.0001611030021037    0.0000108295796307    0.0019693199176917
  0.0899920494986486    0.0001602725102135    0.0000135554918429    0.0019725144140753
  0.0904420097461418    0.0001437474434994    0.0000125665825573    0.0019823769861456
  0.0904420097461418    0.0001187976964292    0.0000089353959134    0.0019791665172802
  0.0908942197948725    0.0001390346320894    0.0000096544726074    0.0019890623498666
  0.0908942197948725    0.0001391505565596    0.0000123915795756    0.0019922888710764
  0.0913486908938469    0.0001140473389709    0.0000083574149955    0.0019990076616159
  0.0913486908938469    0.0001270278404622    0.0000119608857097    0.0020022503154318
  0.0918054343483161    0.0001162436790941    0.0000084916692897    0.0020090026999240
  0.0918054343483161    0.0001249367280971    0.0000121418392201    0.0020122615670089
  0.0922644615200577    0.0001151370681889    0.0000084768887998    0.0020190477134236
  0.0922644615200577    0.0001085779685467    0.0000116634643501    0.0020223228748440
  0.0927257838276579    0.0001426639866524    0.0000130294611730    0.0020324344892182
  0.0927257838276579    0.0001066383803783    0.0000080392857852    0.0020291429519907
  0.0931894127467962    0.0001105301431682    0.0000082122996519    0.0020392886667507
  0.0931894127467962    0.0001135516123350    0.0000117430392744    0.0020425966616643
  0.0936553598105302    0.0001239786887585    0.0000120029825095    0.0020528096449726
  0.0936553598105302    0.0001187771990108    0.0000083854469187    0.0020494851100844
  0.0941236366095829    0.0000990963905231    0.0000071843744818    0.0020597325356349
  0.0941236366095829    0.0001114056136812    0.0000115775724750    0.0020630736931975
  0.0945942547926308    0.0001100112857767    0.0000078799974960    0.0020700311983130
  0.0945942547926308    0.0001308300790138    0.0000122512795956    0.0020733890616634
  0.0950672260665939    0.0001075506613405    0.0000074893614984    0.0020803813543046
  0.0950672260665939    0.0001321373579629    0.0000118710541921    0.0020837560069718
  0.0955425621969268    0.0001060807073805    0.0000074280897769    0.0020907832610761
  0.0960202750079115    0.0001226711467460    0.0000080963622608    0.0021012371773815
  0.0965003763829510    0.0001246890575920    0.0000083398186173    0.0021117433632684
  0.0969828782648658    0.0001171378421331    0.0000074821293279    0.0021223020800847
  0.0974677926561901    0.0001162119417528    0.0000074161811383    0.0021329135904852
  0.0979551316194710    0.0001190012532479    0.0000076157683363    0.0021435781584376
  0.0984449072775684    0.0001286148866777    0.0000075287817773    0.0021542960492298
  0.0989371318139562    0.0001407132092596    0.0000079843480018    0.0021650675294759
  0.0994318174730260    0.0001258708559420    0.0000075678469891    0.0021758928671233
  0.0999289765603911    0.0001455334118334    0.0000079606732802    0.0021867723314589
  0.1004286214431930    0.0001506829527130    0.0000082727332020    0.0021977061931162
  0.1009307645504090    0.0001643070348970    0.0000085463177463    0.0022086947240818
  0.1014354183731610    0.0001518422068759    0.0000078077979631    0.0022197381977022
  0.1019425954650268    0.0001653403593565    0.0000084124330280    0.0022308368886907
  0.1024523084423520    0.0001881950786316    0.0000089598113241    0.0022419910731342
  0.1029645699845637    0.0001645162299860    0.0000082336875189    0.0022532010284998
  0.1034793928344865    0.0001686632670962    0.0000081526757744    0.0022644670336423
  0.1039967897986589    0.0001843279030639    0.0000086063561317    0.0022757893688106
  0.1045167737476522    0.0001869921990987    0.0000084674839410    0.0022871683156546
  0.1050393576163905    0.0001925981877253    0.0000085953838035    0.0022986041572329
  0.1055645544044724    0.0002011725305397    0.0000088002121704    0.0023100971780190
  0.1060923771764948    0.0002027951851520    0.0000084860412321    0.0023216476639091
  0.1066228390623772    0.0001864105421254    0.0000080113368478    0.0023332559022287
  0.1071559532576891    0.0002055778686696    0.0000087347177811    0.0023449221817398
  0.1076917330239775    0.0002006231398795    0.0000084905174472    0.0023566467926485
  0.1082301916890974    0.0002008949769951    0.0000082152967808    0.0023684300266118
  0.1087713426475429    0.0001868566875938    0.0000077840701280    0.0023802721767448
  0.1093151993607806    0.0001986217295201    0.0000078800693948    0.0023921735376286
  0.1098617753575845    0.0001924957678648    0.0000077919188423    0.0024041344053167
  0.1104110842343724    0.0001873767788428    0.0000076750447236    0.0024161550773433
  0.1109631396555442    0.0001746531271908    0.0000071541844643    0.0024282358527300
  0.1115179553538219    0.0001773334236586    0.0000071487154744    0.0024403770319936
  0.1120755451305910    0.0001731939332399    0.0000070539166765    0.0024525789171536
  0.1126359228562440    0.0001600489469219    0.0000064622342911    0.0024648418117394
  0.1131991024705252    0.0001696602216379    0.0000068572551603    0.0024771660207981
  0.1137650979828778    0.0001662426036197    0.0000067886482986    0.0024895518509021
  0.1143339234727922    0.0001571859898346    0.0000063776216427    0.0025019996101566
  0.1149055930901561    0.0001413689465284    0.0000058503895650    0.0025145096082074
  0.1154801210556069    0.0001426198585523    0.0000058763056415    0.0025270821562484
  0.1160575216608849    0.0001306435890207    0.0000055931984188    0.0025397175670296
  0.1166378092691893    0.0001199848512457    0.0000052660414357    0.0025524161548648
  0.1172209983155353    0.0001223867807410    0.0000052240941650    0.0025651782356391
  0.1178071033071129    0.0001110942426321    0.0000048981830732    0.0025780041268173
  0.1183961388236485    0.0000966782888755    0.0000045612632126    0.0025908941474514
  0.1189881195177667    0.0000982849283459    0.0000046026139725    0.0026038486181886
  0.1195830601153555    0.0000961164162879    0.0000044469046731    0.0026168678612796
  0.1201809754159323    0.0000836129846286    0.0000041218312768    0.0026299522005860
  0.1207818802930119    0.0000841963959967    0.0000041358554047    0.0026431019615889
  0.1213857896944770    0.0000672626523113    0.0000037670240783    0.0026563174713969
  0.1219927186429494    0.0000663124497096    0.0000036228622171    0.0026695990587538
  0.1226026822361641    0.0000537395056213    0.0000032675386196    0.0026829470540476
  0.1232156956473449    0.0000535157719568    0.0000030570388206    0.0026963617893179
  0.1238317741255816    0.0000529966844588    0.0000031512123809    0.0027098435982644
  0.1244509329962095    0.0000450909464681    0.0000028731345888    0.0027233928162558
  0.1250731876611905    0.0000390998627851    0.0000027808582587    0.0027370097803370
  0.1256985535994965    0.0000290792940500    0.0000024719194408    0.0027506948292387
  0.1263270463674940    0.0000345113246150    0.0000026063913628    0.0027644483033849
  0.1269586815993314    0.0000286449685164    0.0000024825176871    0.0027782705449018
  0.1275934750073280    0.0000249473617118    0.0000023028032478    0.0027921618976264
  0.1282314423823647    0.0000282928378315    0.0000023408924126    0.0028061227071145
  0.1288725995942765    0.0000237917917637    0.0000021959123909    0.0028201533206501
  0.1295169625922478    0.0000274012694333    0.0000022013580687    0.0028342540872533
  0.1301645474052091    0.0000205319623711    0.0000021020229513    0.0028484253576896
  0.1308153701422351    0.0000192300332753    0.0000021396656961    0.0028626674844780
  0.1314694469929463    0.0000214424450352    0.0000021309551067    0.0028769808219004
  0.1321267942279110    0.0000231995974645    0.0000021477485041    0.0028913657260099
  0.1327874281990505    0.0000275486536770    0.0000022412397006    0.0029058225546400
  0.1334513653400458    0.0000229248691397    0.0000021121390247    0.0029203516674132
  0.1341186221667460    0.0000262940745578    0.0000021937025166    0.0029349534257502
  0.1347892152775797    0.0000303696869516    0.0000021895473654    0.0029496281928790
  0.1354631613539676    0.0000251694923875    0.0000020479885297    0.0029643763338434
  0.1361404771607374    0.0000306483594763    0.0000022486007837    0.0029791982155126
  0.1368211795465411    0.0000322589199737    0.0000021521031700    0.0029940942065902
  0.1375052854442738    0.0000363979193548    0.0000022564102137    0.0030090646776231
  0.1381928118714951    0.0000347063142404    0.0000022441935467    0.0030241100010112
  0.1388837759308526    0.0000368387211490    0.0000022599545796    0.0030392305510163
  0.1395781948105068    0.0000353744375145    0.0000021907916982    0.0030544267037714
  0.1402760857845594    0.0000362543504448    0.0000021892062110    0.0030696988372902
  0.1409774662134821    0.0000401882055388    0.0000022533526576    0.0030850473314767
  0.1416823535445495    0.0000399265178956    0.0000022789652296    0.0031004725681340
  0.1423907653122723    0.0000431747557576    0.0000023045620588    0.0031159749309747
  0.1431027191388336    0.0000448313633949    0.0000023513532154    0.0031315548056296
  0.1438182327345278    0.0000458941232495    0.0000024271385884    0.0031472125796577
  0.1445373238982004    0.0000399944910066    0.0000023018975486    0.0031629486425560
  0.1452600105176914    0.0000428422527765    0.0000022487957551    0.0031787633857688
  0.1459863105702798    0.0000405710385215    0.0000021121849310    0.0031946572026976
  0.1467162421231312    0.0000450463840741    0.0000022418149709    0.0032106304887111
  0.1474498233337468    0.0000398939415691    0.0000020474620948    0.0032266836411547
  0.1481870724504156    0.0000402795130698    0.0000021136180061    0.0032428170593605
  0.1489280078126676    0.0000377943584768    0.0000020228458965    0.0032590311446573
  0.1496726478517310    0.0000365179581924    0.0000019638962452    0.0032753263003806
  0.1504210110909896    0.0000335559875411    0.0000019588903219    0.0032917029318825
  0.1511731161464445    0.0000312438831952    0.0000018384583821    0.0033081614465419
  0.1519289817271767    0.0000300050140811    0.0000018339955077    0.0033247022537746
  0.1526886266358126    0.0000275823009601    0.0000017173350988    0.0033413257650434
  0.1534520697689916    0.0000282922446769    0.0000017152545436    0.0033580323938687
  0.1542193301178366    0.0000248511899854    0.0000016390664703    0.0033748225558380
  0.1549904267684257    0.0000209938438427    0.0000016274589253    0.0033916966686172
  0.1557653789022678    0.0000178421885102    0.0000015459578765    0.0034086551519603
  0.1565442057967792    0.0000156973076008    0.0000015476672392    0.0034256984277201
  0.1573269268257630    0.0000136437761502    0.0000014884704876    0.0034428269198587
  0.1581135614598919    0.0000118457361177    0.0000014030364339    0.0034600410544580
  0.1589041292671913    0.0000099586937934    0.0000012945952021    0.0034773412597303
  0.1596986499135272    0.0000082786999563    0.0000012272624354    0.0034947279660289
  0.1604971431630948    0.0000078637983982    0.0000011929250783    0.0035122016058591
  0.1612996288789103    0.0000078619666900    0.0000012070198121    0.0035297626138884
  0.1621061270233048    0.0000044556170497    0.0000011837237147    0.0035474114269578
  0.1629166576584213    0.0000042005358818    0.0000011225624367    0.0035651484840926
  0.1637312409467134    0.0000056000787230    0.0000011309632645    0.0035829742265131
  0.1645498971514470    0.0000051839423639    0.0000011439354193    0.0036008890976456
  0.1653726466372042    0.0000040452376031    0.0000011169174716    0.0036188935431338
  0.1661995098703902    0.0000031273136087    0.0000011110629384    0.0036369880108495
  0.1670305074197421    0.0000035566081510    0.0000010757874659    0.0036551729509038
  0.1678656599568408    0.0000046249021237    0.0000010942361525    0.0036734488156583
  0.1687049882566250    0.0000042960551885    0.0000010925408886    0.0036918160597366
  0.1695485131979081    0.0000060720329740    0.0000011453787270    0.0037102751400353
  0.1703962557638976    0.0000034961388051    0.0000010653441166    0.0037288265157354
  0.1712482370427171    0.0000053657144789    0.0000010991504602    0.0037474706483141
  0.1721044782279307    0.0000040692544865    0.0000011143021565    0.0037662080015557
  0.1729650006190703    0.0000057975155740    0.0000011464288161    0.0037850390415635
  0.1738298256221656    0.0000078855593758    0.0000011422151729    0.0038039642367713
  0.1746989747502765    0.0000067002541831    0.0000010781951030    0.0038229840579551
  0.1755724696240278    0.0000080256041663    0.0000011427066864    0.0038420989782449
  0.1764503319721480    0.0000079511389063    0.0000011279567895    0.0038613094731361
  0.1773325836320087    0.0000092132785275    0.0000011722285791    0.0038806160205018
  0.1782192465501687    0.0000067066560970    0.0000011431067837    0.0039000191006043
  0.1791103427829195    0.0000079286990163    0.0000011502621512    0.0039195191961073
  0.1800058944968341    0.0000065814161078    0.0000011600564843    0.0039391167920879
  0.1809059239693183    0.0000057997000121    0.0000010848145548    0.0039588123760483
  0.1818104535891648    0.0000098558283511    0.0000011663100374    0.0039786064379286
  0.1827195058571106    0.0000071182996230    0.0000011362966615    0.0039984994701182
  0.1836331033863962    0.0000083577961063    0.0000011342875978    0.0040184919674688
  0.1845512689033281    0.0000073675969803    0.0000011158478738    0.0040385844273061
  0.1854740252478447    0.0000056460867431    0.0000010874129530    0.0040587773494427
  0.1864013953740840    0.0000048121650104    0.0000011073632247    0.0040790712361899
  0.1873334023509544    0.0000062565929612    0.0000011096678836    0.0040994665923708
  0.1882700693627091    0.0000063676451892    0.0000010793246864    0.0041199639253327
  0.1892114197095226    0.0000052164581970    0.0000010763220304    0.0041405637449593
  0.1901574768080702    0.0000036359230371    0.0000011369536721    0.0041612665636841
  0.1911082641921105    0.0000041235899552    0.0000011127239095    0.0041820728965026
  0.1920638055130711    0.0000034571340616    0.0000010872137460    0.0042029832609851
  0.1930241245406364    0.0000027842368665    0.0000010619439679    0.0042239981772900
  0.1939892451633396    0.0000026598987206    0.0000010312656459    0.0042451181681764
  0.1949591913891562    0.0000007045247013    0.0000010067422243    0.0042663437590173
  0.1959339873461020    0.0000014407149134    0.0000010173628139    0.0042876754778124
  0.1969136572828325    0.0000011820164553    0.0000009800325708    0.0043091138552015
  0.1978982255692466    0.0000021683961755    0.0000009716978898    0.0043306594244775
  0.1988877166970929   -0.0000003113851538    0.0000009807483837    0.0043523127215999
  0.1998821552805783   -0.0000004427045027    0.0000009712705229    0.0043740742852079
  0.2008815660569812    0.0000002559633576    0.0000009641210894    0.0043959446566339
  0.2018859738872660   -0.0000004222976971    0.0000009255935282    0.0044179243799171
  0.2028954037567023    0.0000007432636793    0.0000009483457328    0.0044400140018167
  0.2039098807754859   -0.0000005908606208    0.0000009629799947    0.0044622140718257
  0.2049294301793633    0.0000015930219298    0.0000009147364897    0.0044845251421849
  0.2059540773302601    0.0000007524110252    0.0000009423512453    0.0045069477678958
  0.2069838477169113   -0.0000005985514536    0.0000009608088181    0.0045294825067353
  0.2080187669554959    0.0000022789030444    0.0000009544679521    0.0045521299192689
  0.2090588607902733    0.0000012468958717    0.0000009122873619    0.0045748905688653
  0.2101041550942246    0.0000025705876742    0.0000009195175331    0.0045977650217096
  0.2111546758696958    0.0000014731829245    0.0000009470217128    0.0046207538468182
  0.2122104492490442    0.0000011106113210    0.0000009404842055    0.0046438576160523
  0.2132715014952894    0.0000027694330962    0.0000009235906800    0.0046670769041325
  0.2143378590027659    0.0000003686208297    0.0000009106822273    0.0046904122886532
  0.2154095482977796    0.0000022397431518    0.0000008730388705    0.0047138643500964
  0.2164865960392685    0.0000006212451443    0.0000009117364384    0.0047374336718469
  0.2175690290194648    0.0000002377824992    0.0000009083459782    0.0047611208402062
  0.2186568741645621    0.0000025171554177    0.0000009261811359    0.0047849264444072
  0.2197501585353849    0.0000017311109844    0.0000008589627449    0.0048088510766292
  0.2208489093280618    0.0000014859673368    0.0000009271968384    0.0048328953320124
  0.2219531538747021    0.0000003856397067    0.0000008708037350    0.0048570598086724
  0.2230629196440756    0.0000004690813197    0.0000008664110014    0.0048813451077158
  0.2241782342422960    0.0000007649163831    0.0000008862374889    0.0049057518332544
  0.2252991254135074    0.0000004024359891    0.0000008473680530    0.0049302805924206
  0.2264256210405749    0.0000001280358111    0.0000008955122246    0.0049549319953827
  0.2275577491457778    0.0000005445806669    0.0000008473682457    0.0049797066553597
  0.2286955378915067    0.0000011490168980    0.0000008759508779    0.0050046051886365
  0.2298390155809641   -0.0000013691333361    0.0000008335563102    0.0050296282145796
  0.2309882106588690   -0.0000009963464600    0.0000008495809400    0.0050547763556525
  0.2321431517121633    0.0000004613251234    0.0000008330994976    0.0050800502374308
  0.2333038674707241   -0.0000016163778328    0.0000008597369145    0.0051054504886179
  0.2344703868080777   -0.0000002875295393    0.0000008576714823    0.0051309777410610
  0.2356427387421181   -0.0000006326892732    0.0000008539511289    0.0051566326297663
  0.2368209524358286    0.0000001325883231    0.0000008105763540    0.0051824157929152
  0.2380050571980077   -0.0000003040134881    0.0000008320649873    0.0052083278718797
  0.2391950824839977    0.0000006593666623    0.0000008447521292    0.0052343695112391
  0.2403910578964177   -0.0000016094013715    0.0000008305775557    0.0052605413587953
  0.2415930131858998   -0.0000000033658363    0.0000008344180601    0.0052868440655893
  0.2428009782518292    0.0000008886334023    0.0000008295691716    0.0053132782859173
  0.2440149831430883    0.0000002235887568    0.0000008378476890    0.0053398446773468
  0.2452350580588037    0.0000011025788575    0.0000008611998137    0.0053665439007336
  0.2464612333490978   -0.0000001708258260    0.0000008657294806    0.0053933766202372
  0.2476935395158432    0.0000010751611068    0.0000008294562861    0.0054203435033384
  0.2489320072134224    0.0000003422533887    0.0000008580563136    0.0054474452208551
  0.2501766672494895   -0.0000004750008347    0.0000008487871069    0.0054746824469594
  0.2514275505857369   -0.0000004687824229    0.0000008429574099    0.0055020558591942
  0.2526846883386655    0.0000005560003680    0.0000008605228194    0.0055295661384902
  0.2539481117803589    0.0000016265206697    0.0000008432175533    0.0055572139691826
  0.2552178523392606    0.0000003792416950    0.0000008456810214    0.0055850000390285
  0.2564939416009570    0.0000001756795951    0.0000008459305892    0.0056129250392237
  0.2577764113089617   -0.0000001049367505    0.0000008573649333    0.0056409896644198
  0.2590652933655064    0.0000006597761195    0.0000008319036697    0.0056691946127419
  0.2603606198323339    0.0000011837358140    0.0000008297406662    0.0056975405858056
  0.2616624229314956    0.0000003554022210    0.0000008195202090    0.0057260282887346
  0.2629707350461531    0.0000000448010457    0.0000008457204838    0.0057546584301783
  0.2642855887213838    0.0000005044541183    0.0000008410924675    0.0057834317223292
  0.2656070166649907    0.0000008175738673    0.0000008436287299    0.0058123488809408
  0.2669350517483157   -0.0000010591522625    0.0000008473620584    0.0058414106253455
  0.2682697270070572    0.0000020312448552    0.0000008487309390    0.0058706176784723
  0.2696110756420924    0.0000004280411185    0.0000008785618987    0.0058999707668646
  0.2709591310203028   -0.0000010905779137    0.0000008678613461    0.0059294706206989
  0.2723139266754043   -0.0000006486425010    0.0000008719669639    0.0059591179738024
  0.2736754963087813    0.0000001994744433    0.0000008567393519    0.0059889135636715
  0.2750438737903252   -0.0000002181792632    0.0000008652441324    0.0060188581314898
  0.2764190931592768    0.0000000969575821    0.0000008704095763    0.0060489524221473
  0.2778011886250731    0.0000002322166526    0.0000008574900944    0.0060791971842580
