# Experiment IPTS-36897 Run 226572
# Reduction 2.9.0rc3
# Run title: Sample1_CP-226572-1.
# Run start time: 2026-03-28T03:22:41.949671667
# Reduction time: Fri Mar 27 23:27:31 2026
# Q summing: False
# TOF weighted: False
# Bck in Q: False
# Theta offset: 0.0
# Stitching type: None
# DataRun   NormRun   TwoTheta(deg)  LambdaMin(A)   LambdaMax(A) Qmin(1/A)    Qmax(1/A)    SF_A         SF_B          SF
# 226572    226559    0.739814       2.74975        9.4987       0.0085       0.0295       4.0          0            1.0         
# 226573    226560    2.40032        2.74978        9.49867      0.0277       0.0957       25.0         0            1.0         
# 226574    226561    7.00048        2.74977        9.49868      0.0807       0.2790       196.0        0            1.0         
# Q [1/Angstrom]        R                     dR                    dQ [FWHM]            
  0.0085899187375132    0.8757760967321128    0.0656325255956881    0.0001856474714960
  0.0086328683312008    0.7885464922274371    0.0539350728636934    0.0001865757088534
  0.0086760326728568    0.8300822054730921    0.0549560666205194    0.0001875085873977
  0.0087194128362210    0.8609663615385058    0.0580301189969316    0.0001884461303347
  0.0087630099004021    0.9023480945293105    0.0612106033955088    0.0001893883609864
  0.0088068249499042    0.8309281765566687    0.0535716066974686    0.0001903353027913
  0.0088508590746537    0.8230355942791358    0.0529898343041301    0.0001912869793053
  0.0088951133700269    0.9028595358789158    0.0603552422723257    0.0001922434142018
  0.0089395889368771    0.8581246087027852    0.0539466172248171    0.0001932046312728
  0.0089842868815615    0.7930216881475386    0.0489329658107813    0.0001941706544292
  0.0090292083159693    0.8092966898826143    0.0487972200999261    0.0001951415077013
  0.0090743543575491    0.8914942215668321    0.0569450285174210    0.0001961172152398
  0.0091197261293369    0.9247447827334890    0.0580080125765120    0.0001970978013160
  0.0091653247599835    0.9472205773701372    0.0607639788321985    0.0001980832903226
  0.0092111513837835    0.7162849147697802    0.0408339379163702    0.0001990737067742
  0.0092572071407024    0.9356068022825945    0.0569259552957144    0.0002000690753081
  0.0093034931764059    0.9898064040687793    0.0632924288970224    0.0002010694206846
  0.0093500106422879    0.8648682041608756    0.0500340931367011    0.0002020747677880
  0.0093967606954993    0.8822761150437631    0.0505557069910165    0.0002030851416270
  0.0094437444989768    0.8609302120072649    0.0475632405927931    0.0002041005673351
  0.0094909632214717    0.8506954195403762    0.0461781248245486    0.0002051210701718
  0.0095384180375791    0.8127909988921102    0.0430247704373191    0.0002061466755227
  0.0095861101277670    0.7952184486470003    0.0439760102549288    0.0002071774089003
  0.0096340406784058    0.8912532566881948    0.0490830224459937    0.0002082132959448
  0.0096822108817978    0.8300955241698595    0.0430975563566545    0.0002092543624245
  0.0097306219362068    0.8438855638915662    0.0429613595922607    0.0002103006342366
  0.0097792750458879    0.9562456635274696    0.0524459286031715    0.0002113521374078
  0.0098281714211173    0.8461090982314845    0.0428779393966216    0.0002124088980948
  0.0098773122782229    0.8556194676783799    0.0431113218980574    0.0002134709425853
  0.0099266988396140    0.8752192532784741    0.0442438556654481    0.0002145382972982
  0.0099763323338121    0.8765064179537518    0.0438440883445257    0.0002156109887847
  0.0100262139954811    0.8968476192161711    0.0456976903166726    0.0002166890437287
  0.0100763450654585    0.8230604238117083    0.0387101969274586    0.0002177724889473
  0.0101267267907858    0.8983396607810442    0.0440281928679009    0.0002188613513920
  0.0101773604247398    0.9002441587161228    0.0432139453822371    0.0002199556581490
  0.0102282472268634    0.7885610822538229    0.0351237073259834    0.0002210554364397
  0.0102793884629978    0.8224578994209579    0.0372292483388642    0.0002221607136219
  0.0103307854053128    0.8329310794240967    0.0382002768460810    0.0002232715171900
  0.0103824393323393    0.8391069356847550    0.0384304385583203    0.0002243878747760
  0.0104343515290010    0.8043001219793133    0.0358261841490295    0.0002255098141499
  0.0104865232866460    0.8442339086338119    0.0368029608184713    0.0002266373632206
  0.0105389559030792    0.8338060174701178    0.0365375085386796    0.0002277705500367
  0.0105916506825946    0.8330695490914539    0.0354781345212421    0.0002289094027869
  0.0106446089360076    0.9098367244242057    0.0405224128302694    0.0002300539498008
  0.0106978319806876    0.7878658181572190    0.0324094898248369    0.0002312042195498
  0.0107513211405911    0.8015692220586084    0.0326812913785625    0.0002323602406476
  0.0108050777462940    0.7880700980333372    0.0319383136378588    0.0002335220418508
  0.0108591031350255    0.7489362480097065    0.0295407324183596    0.0002346896520601
  0.0109133986507006    0.8425496130004771    0.0343753542937958    0.0002358631003204
  0.0109679656439541    0.8473274814899761    0.0345136854153785    0.0002370424158220
  0.0110228054721739    0.8521352648049331    0.0345089365227529    0.0002382276279011
  0.0110779194995348    0.8611453016371651    0.0347012679314781    0.0002394187660406
  0.0111333090970324    0.8334522116222043    0.0323929295664675    0.0002406158598708
  0.0111889756425176    0.8291402218562380    0.0318414726588205    0.0002418189391702
  0.0112449205207302    0.8143938899359203    0.0309676087780544    0.0002430280338660
  0.0113011451233338    0.8872874461163045    0.0337348411544488    0.0002442431740353
  0.0113576508489505    0.8110054157019484    0.0299983578736272    0.0002454643899055
  0.0114144391031953    0.7790983789705985    0.0281922711895540    0.0002466917118550
  0.0114715112987112    0.8012502800274287    0.0287113463466940    0.0002479251704143
  0.0115288688552048    0.8004590597353786    0.0285318166588733    0.0002491647962664
  0.0115865131994808    0.7959651076378997    0.0281766714145141    0.0002504106202477
  0.0116444457654782    0.8010371844462739    0.0279431877706233    0.0002516626733490
  0.0117026679943056    0.8221308758598442    0.0284833879794301    0.0002529209867157
  0.0117611813342771    0.8056412268700663    0.0274188642355814    0.0002541855916493
  0.0118199872409485    0.8652574458071861    0.0298070227084779    0.0002554565196075
  0.0118790871771533    0.8143774745094905    0.0273868577754800    0.0002567338022056
  0.0119384826130390    0.7925467770470640    0.0256361149592013    0.0002580174712166
  0.0119981750261042    0.7856352725086990    0.0258664500458988    0.0002593075585727
  0.0120581659012347    0.7715032496667075    0.0244797282071296    0.0002606040963655
  0.0121184567307409    0.8367161943005692    0.0271677085773351    0.0002619071168474
  0.0121790490143946    0.8227461811995308    0.0261463208433524    0.0002632166524316
  0.0122399442594666    0.7906903133252674    0.0248913057723598    0.0002645327356938
  0.0123011439807639    0.7798169237149587    0.0239035374675432    0.0002658553993722
  0.0123626497006677    0.8245010200485516    0.0259250236028932    0.0002671846763691
  0.0124244629491711    0.8008495756500852    0.0242824132561167    0.0002685205997509
  0.0124865852639169    0.7737224709832645    0.0232045842671966    0.0002698632027497
  0.0125490181902365    0.7580629159994928    0.0223526822448572    0.0002712125187635
  0.0126117632811877    0.7873484771259390    0.0234125324041441    0.0002725685813573
  0.0126748220975936    0.8316675177943084    0.0252423749451449    0.0002739314242641
  0.0127381962080816    0.7978484830905540    0.0236413027804397    0.0002753010813854
  0.0128018871891220    0.8524446080270982    0.0256481508748731    0.0002766775867923
  0.0128658966250676    0.7863676220131536    0.0227020511859890    0.0002780609747263
  0.0129302261081930    0.7696288063700988    0.0218847894505932    0.0002794512795999
  0.0129948772387339    0.7971873542561674    0.0228965623167389    0.0002808485359979
  0.0130598516249276    0.7464423180286951    0.0206638280312119    0.0002822527786779
  0.0131251508830522    0.8202652993274697    0.0234094348533058    0.0002836640425713
  0.0131907766374675    0.8275273810628208    0.0233653496604767    0.0002850823627841
  0.0132567305206548    0.7624838955144096    0.0207513859796214    0.0002865077745980
  0.0133230141732581    0.7810794913058975    0.0212313718964594    0.0002879403134710
  0.0133896292441244    0.7962769259184382    0.0215145821719841    0.0002893800150384
  0.0134565773903450    0.7724109377873616    0.0206342699246706    0.0002908269151136
  0.0135238602772967    0.7975321917966834    0.0211340979261199    0.0002922810496892
  0.0135914795786832    0.8016143715560722    0.0212613344077460    0.0002937424549376
  0.0136594369765766    0.8069680252369519    0.0213925218810656    0.0002952111672123
  0.0137277341614595    0.7482155566584958    0.0189096085425542    0.0002966872230483
  0.0137963728322668    0.7914396312159402    0.0203834047729004    0.0002981706591636
  0.0138653546964281    0.7709354310697962    0.0193131879439471    0.0002996615124594
  0.0139346814699103    0.7833032159087365    0.0197701055599565    0.0003011598200217
  0.0140043548772598    0.7631069768813791    0.0191382670656276    0.0003026656191218
  0.0140743766516461    0.7466253330568430    0.0182454000987615    0.0003041789472174
  0.0141447485349043    0.7226370748918315    0.0173249212197999    0.0003056998419535
  0.0142154722775789    0.7083699492935757    0.0169826104499083    0.0003072283411633
  0.0142865496389668    0.6993313606958351    0.0165634503601960    0.0003087644828691
  0.0143579823871616    0.7003055186261520    0.0167263444435762    0.0003103083052834
  0.0144297722990974    0.6946101414242638    0.0166392908134568    0.0003118598468099
  0.0145019211605929    0.6561793607090773    0.0154140353362395    0.0003134191460439
  0.0145744307663958    0.6578217583728927    0.0155612154854317    0.0003149862417741
  0.0146473029202278    0.6361558163702314    0.0149074244391453    0.0003165611729830
  0.0147205394348290    0.6186661096937973    0.0146301780840419    0.0003181439788479
  0.0147941421320031    0.5854263233729627    0.0134307068157712    0.0003197346987422
  0.0148681128426631    0.5682716141372599    0.0133288334985648    0.0003213333722359
  0.0149424534068764    0.5631568124697569    0.0132049193322264    0.0003229400390970
  0.0150171656739108    0.4898702476900242    0.0112434963944626    0.0003245547392925
  0.0150922515022804    0.4907671589841310    0.0115203150850159    0.0003261775129890
  0.0151677127597918    0.4808335733920405    0.0115189417216332    0.0003278084005539
  0.0152435513235907    0.4500489714266245    0.0109477388873546    0.0003294474425567
  0.0153197690802087    0.4283522759263257    0.0099208332165417    0.0003310946797695
  0.0153963679256097    0.3935640242159293    0.0088065979231725    0.0003327501531683
  0.0154733497652378    0.3823941779314353    0.0086002964359442    0.0003344139039342
  0.0155507165140639    0.3901424740073596    0.0089083972501913    0.0003360859734538
  0.0156284700966343    0.3551620015649389    0.0080726868621727    0.0003377664033211
  0.0157066124471174    0.3529785427858662    0.0079106842130060    0.0003394552353377
  0.0157851455093530    0.3466267928206174    0.0077654788342152    0.0003411525115144
  0.0158640712368998    0.3397863936002463    0.0075363527285173    0.0003428582740720
  0.0159433915930843    0.3270595636723493    0.0073254861403767    0.0003445725654423
  0.0160231085510497    0.2982319554001653    0.0067287982852589    0.0003462954282696
  0.0161032240938049    0.3227775378682833    0.0071627516416713    0.0003480269054109
  0.0161837402142740    0.3125718745594636    0.0067932121330980    0.0003497670399380
  0.0162646589153453    0.3347594753180135    0.0072868837787244    0.0003515158751376
  0.0163459822099221    0.3399292144241712    0.0074128228766507    0.0003532734545133
  0.0164277121209717    0.3384655197370031    0.0073362902848657    0.0003550398217859
  0.0165098506815765    0.3272898602398774    0.0071094740054274    0.0003568150208948
  0.0165923999349844    0.3238324056350500    0.0071812728842602    0.0003585990959993
  0.0166753619346593    0.3277302778624370    0.0072416908731211    0.0003603920914793
  0.0167587387443326    0.3155140911085659    0.0066140722280763    0.0003621940519367
  0.0168425324380543    0.3112046507084144    0.0063623239984403    0.0003640050221964
  0.0169267451002446    0.2907257914429614    0.0059487998739378    0.0003658250473074
  0.0170113788257458    0.2880987860630811    0.0059371841892096    0.0003676541725439
  0.0170964357198745    0.2782147308664764    0.0056807359079383    0.0003694924434066
  0.0171819178984739    0.2762780521443821    0.0056979029568092    0.0003713399056237
  0.0172678274879662    0.2714528555910815    0.0055899854881706    0.0003731966051518
  0.0173541666254061    0.2586515814684305    0.0054076107416893    0.0003750625881775
  0.0174409374585331    0.2423135620109577    0.0051210279109008    0.0003769379011184
  0.0175281421458258    0.2299235615199187    0.0049484065595910    0.0003788225906240
  0.0176157828565549    0.2114332961559229    0.0045973080522151    0.0003807167035771
  0.0177038617708377    0.2018131550325875    0.0045011611207938    0.0003826202870950
  0.0177923810796918    0.1825667686450396    0.0039776197403522    0.0003845333885305
  0.0178813429850903    0.1736301648554414    0.0038454999185200    0.0003864560554731
  0.0179707497000158    0.1662645619856391    0.0037470733453412    0.0003883883357505
  0.0180606034485158    0.1449388694263147    0.0033348160992254    0.0003903302774293
  0.0181509064657584    0.1372866153366415    0.0032590217666761    0.0003922819288164
  0.0182416609980872    0.1220756359795925    0.0029337336425462    0.0003942433384605
  0.0183328693030776    0.1092831856461507    0.0026409416460749    0.0003962145551528
  0.0184245336495930    0.1004052089304082    0.0026233575192948    0.0003981956279286
  0.0185166563178410    0.0919051672685525    0.0024538809791615    0.0004001866060682
  0.0186092395994302    0.0805459331219662    0.0023265978209781    0.0004021875390985
  0.0187022857974273    0.0718540866453677    0.0021157289712074    0.0004041984767940
  0.0187957972264145    0.0651783222750818    0.0019223824745714    0.0004062194691780
  0.0188897762125465    0.0579657324519898    0.0018930027615268    0.0004082505665239
  0.0189842250936093    0.0520714125927258    0.0017992646202198    0.0004102918193565
  0.0190791462190773    0.0493052104001689    0.0017481037413852    0.0004123432784533
  0.0191745419501727    0.0441303999215474    0.0016541384565342    0.0004144049948456
  0.0192704146599236    0.0440938818684062    0.0016124447321725    0.0004164770198198
  0.0193667667332232    0.0413808936321948    0.0015837937646029    0.0004185594049189
  0.0194636005668893    0.0372110678940351    0.0014821031456588    0.0004206522019435
  0.0195609185697237    0.0356408233506870    0.0013983401189857    0.0004227554629532
  0.0196587231625724    0.0315713712196611    0.0014080903586025    0.0004248692402680
  0.0197570167783852    0.0315158117145081    0.0013612366863137    0.0004269935864693
  0.0198558018622771    0.0293414333125313    0.0013699137679810    0.0004291285544016
  0.0199550808715885    0.0279204267140520    0.0013289483000697    0.0004312741971737
  0.0200548562759465    0.0284999457312088    0.0013503987899865    0.0004334305681595
  0.0201551305573262    0.0255055343329926    0.0013363119685488    0.0004355977210003
  0.0202559062101128    0.0246589008091493    0.0013813224406965    0.0004377757096053
  0.0203571857411634    0.0207525430347096    0.0012886015460637    0.0004399645881534
  0.0204589716698692    0.0224562739637210    0.0012586405819875    0.0004421644110941
  0.0205612665282185    0.0205958027823575    0.0012880350530839    0.0004443752331496
  0.0206640728608596    0.0199600736839907    0.0011453063088807    0.0004465971093153
  0.0207673932251639    0.0183333825056127    0.0011639205033934    0.0004488300948619
  0.0208712301912897    0.0170200781206032    0.0011506110391442    0.0004510742453362
  0.0209755863422462    0.0141038722689602    0.0011398322419565    0.0004533296165629
  0.0210804642739574    0.0167118491789051    0.0011421953887883    0.0004555962646457
  0.0211858665953272    0.0133102074179590    0.0010603111886097    0.0004578742459689
  0.0212917959283038    0.0114693464369443    0.0010259623019555    0.0004601636171988
  0.0213982549079454    0.0120805121862241    0.0010079379250182    0.0004624644352848
  0.0215052461824851    0.0108880046547695    0.0009767219488277    0.0004647767574612
  0.0216127724133975    0.0085589097562727    0.0009825117582942    0.0004671006412485
  0.0217208362754645    0.0099534471952288    0.0009166406112671    0.0004694361444548
  0.0218294404568418    0.0090760577160096    0.0009540856668891    0.0004717833251770
  0.0219385876591260    0.0092136495276813    0.0009330529328471    0.0004741422418029
  0.0220482805974216    0.0091008129709029    0.0009257138922903    0.0004765129530119
  0.0221585220004087    0.0109065610186744    0.0009215924165790    0.0004788955177770
  0.0222693146104108    0.0095590917121927    0.0009521011480609    0.0004812899953659
  0.0223806611834628    0.0098646320316679    0.0008948405492500    0.0004836964453427
  0.0224925644893802    0.0111803930448603    0.0008984685947323    0.0004861149275694
  0.0226050273118271    0.0126525950242587    0.0009063006834948    0.0004885455022073
  0.0227180524483862    0.0120041366406970    0.0009414838565194    0.0004909882297183
  0.0228316427106281    0.0106836068052258    0.0009220901857220    0.0004934431708669
  0.0229458009241813    0.0125154833299502    0.0008782318604826    0.0004959103867212
  0.0230605299288022    0.0151054426868730    0.0009139108336684    0.0004983899386548
  0.0231758325784462    0.0159210970407289    0.0009519923976056    0.0005008818883481
  0.0232917117413384    0.0142274702484880    0.0009169978127216    0.0005033862977898
  0.0234081703000451    0.0136883603653517    0.0009281686743473    0.0005059032292788
  0.0235252111515453    0.0126062812246289    0.0009077715815171    0.0005084327454252
  0.0236428372073030    0.0141831902957447    0.0008900384397104    0.0005109749091523
  0.0237610513933395    0.0133720749675284    0.0009025944495856    0.0005135297836981
  0.0238798566503062    0.0131039752437027    0.0008639288429145    0.0005160974326166
  0.0239992559335578    0.0129056164124430    0.0008357314825925    0.0005186779197797
  0.0241192522132255    0.0128633682474764    0.0008387778161316    0.0005212713093785
  0.0242398484742917    0.0131812346140600    0.0008287879610045    0.0005238776659254
  0.0243610477166631    0.0137414401974952    0.0008276982397519    0.0005264970542551
  0.0244828529552464    0.0125111295379760    0.0008201701023986    0.0005291295395263
  0.0246052672200227    0.0123893340185663    0.0007836065218883    0.0005317751872240
  0.0247282935561228    0.0109451689436782    0.0008034287324274    0.0005344340631601
  0.0248519350239034    0.0118848653159891    0.0007560291438844    0.0005371062334759
  0.0249761946990229    0.0125454819480118    0.0007873977530040    0.0005397917646433
  0.0251010756725180    0.0128402884715704    0.0007477756109913    0.0005424907234665
  0.0252265810508806    0.0115029345179620    0.0007383048234115    0.0005452031770838
  0.0253527139561350    0.0128441502988107    0.0007692556246588    0.0005479291929692
  0.0254794775259157    0.0114685910921386    0.0007427399314618    0.0005506688389341
  0.0256068749135453    0.0122540511269287    0.0007394283637887    0.0005534221831288
  0.0257349092881130    0.0113532523436654    0.0007218307114778    0.0005561892940444
  0.0258635838345535    0.0115001986785270    0.0007351274205307    0.0005589702405146
  0.0259929017537263    0.0124409121433395    0.0007017941587655    0.0005617650917172
  0.0261228662624949    0.0120601831532117    0.0006822565152106    0.0005645739171758
  0.0262534805938074    0.0126959022698965    0.0006778271665166    0.0005673967867617
  0.0263847479967764    0.0111757418352684    0.0007277378521037    0.0005702337706955
  0.0265166717367603    0.0136776473784335    0.0006993430849431    0.0005730849395489
  0.0266492550954441    0.0120055780074167    0.0006999824189071    0.0005759503642467
  0.0267825013709213    0.0119615793418746    0.0006816185872053    0.0005788301160679
  0.0269164138777759    0.0117068922410461    0.0006727463113150    0.0005817242666483
  0.0270509959471648    0.0127254180933760    0.0006671390188680    0.0005846328879815
  0.0271862509269006    0.0123877907674405    0.0006543015590572    0.0005875560524214
  0.0273221821815351    0.0120414302599989    0.0006213359470967    0.0005904938326835
  0.0274587930924428    0.0109372315507841    0.0006544746004679    0.0005934463018469
  0.0275960870579050    0.0111533770988394    0.0006445685764881    0.0005964135333562
  0.0277340674931945    0.0112128386675683    0.0006139329709149    0.0005993956010230
  0.0278727378306605    0.0109579948148674    0.0006359880643731    0.0006023925790281
  0.0280121015198138    0.0112367570388464    0.0007446172976915    0.0006138934340781
  0.0280121015198138    0.0108520600133603    0.0006035309773092    0.0006054045419232
  0.0281521620274129    0.0099242917536682    0.0006437488874438    0.0006169629012485
  0.0281521620274129    0.0099829542959504    0.0005809150842500    0.0006084315646328
  0.0282929228375499    0.0089005087467462    0.0005666399882368    0.0006114737224560
  0.0282929228375499    0.0088303715588725    0.0006029562830854    0.0006200477157548
  0.0284343874517377    0.0084146000379967    0.0005567645947835    0.0006231479543335
  0.0284343874517377    0.0083390278310129    0.0005867770483699    0.0006145310910683
  0.0285765593889964    0.0080372788243508    0.0005574107932931    0.0006176037465236
  0.0285765593889964    0.0080346816558659    0.0005411791476193    0.0006262636941052
  0.0287194421859414    0.0072510187275581    0.0005044773612808    0.0006293950125757
  0.0287194421859414    0.0080848586022141    0.0005480209715006    0.0006206917652562
  0.0288630393968711    0.0077756370184109    0.0005150007290396    0.0006325419876386
  0.0288630393968711    0.0069544023981325    0.0005368949679526    0.0006237952240825
  0.0290073545938554    0.0062543494333907    0.0004500705283729    0.0006357046975768
  0.0290073545938554    0.0069370196356223    0.0005212381783527    0.0006269142002029
  0.0291523913668247    0.0065665073929117    0.0004578996151770    0.0006388832210647
  0.0291523913668247    0.0057847541492187    0.0005055888936575    0.0006300487712039
  0.0292981533236588    0.0065966615820984    0.0004460206308452    0.0006420776371700
  0.0292981533236588    0.0067012132981671    0.0004912589927361    0.0006331990150600
  0.0294446440902771    0.0058606778910074    0.0004048570487953    0.0006452880253559
  0.0295918673107285    0.0055146721873712    0.0003855333179307    0.0006485144654826
  0.0297398266472821    0.0053268715801480    0.0003628352000783    0.0006517570378101
  0.0298885257805185    0.0055410102077670    0.0003810379079267    0.0006550158229991
  0.0300379684094211    0.0050900149485152    0.0003496789558567    0.0006582909021141
  0.0301881582514682    0.0053253113717851    0.0003612825170496    0.0006615823566247
  0.0303390990427256    0.0050602523410099    0.0003517458705313    0.0006648902684078
  0.0304907945379392    0.0051543605015882    0.0003402203349868    0.0006682147197498
  0.0306432485106289    0.0047650006145805    0.0003368480933868    0.0006715557933486
  0.0307964647531820    0.0037779876462010    0.0002748445487001    0.0006749135723153
  0.0309504470769479    0.0040474910310570    0.0002896475346489    0.0006782881401769
  0.0311051993123327    0.0033649225514701    0.0002451422871991    0.0006816795808778
  0.0312607253088943    0.0027889161836099    0.0002401746794291    0.0006850879787822
  0.0314170289354388    0.0030361823954508    0.0002421262790308    0.0006885134186761
  0.0315741140801160    0.0025381693956133    0.0002143253981751    0.0006919559857695
  0.0317319846505165    0.0020701900325229    0.0001857275731792    0.0006954157656983
  0.0318906445737691    0.0018997180568416    0.0001811520012219    0.0006988928445268
  0.0320500977966380    0.0015382465825223    0.0001665477883719    0.0007023873087494
  0.0322103482856212    0.0014131017632201    0.0001482485035574    0.0007058992452932
  0.0323714000270493    0.0011426328153847    0.0001444142260358    0.0007094287415197
  0.0325332570271845    0.0008807173648376    0.0001264202421525    0.0007129758852272
  0.0326959233123204    0.0012283040334390    0.0001464103108698    0.0007165407646534
  0.0328594029288820    0.0010625810005286    0.0001369262699150    0.0007201234684767
  0.0330236999435264    0.0007752246193790    0.0001121533716224    0.0007237240858190
  0.0331888184432441    0.0010273119651476    0.0001138607539525    0.0007273427062481
  0.0333547625354603    0.0011090158873749    0.0001229820409922    0.0007309794197794
  0.0335215363481376    0.0009438606989865    0.0001058653726744    0.0007346343168783
  0.0336891440298783    0.0008344533477934    0.0001199814089630    0.0007383074884627
  0.0338575897500276    0.0008121958071862    0.0001162422030631    0.0007419990259050
  0.0340268776987778    0.0010501532931587    0.0001196709643563    0.0007457090210345
  0.0341970120872717    0.0011804724101491    0.0001190652177275    0.0007494375661397
  0.0343679971477080    0.0011470854481922    0.0001072417128077    0.0007531847539704
  0.0345398371334466    0.0010472335347182    0.0001175155477512    0.0007569506777402
  0.0347125363191138    0.0009821372074839    0.0001134704808132    0.0007607354311289
  0.0348860990007094    0.0009720663034618    0.0001035905446073    0.0007645391082846
  0.0350605294957129    0.0009557888414317    0.0001060280474996    0.0007683618038260
  0.0352358321431915    0.0012475286660573    0.0001106380641922    0.0007722036128451
  0.0354120113039074    0.0011522116056144    0.0001067342605289    0.0007760646309093
  0.0355890713604269    0.0011615252179932    0.0001139832918221    0.0007799449540639
  0.0357670167172291    0.0011067365060072    0.0001055365225667    0.0007838446788342
  0.0359458518008152    0.0014170313512344    0.0001141588441972    0.0007877639022284
  0.0361255810598193    0.0012651052734118    0.0001073173133170    0.0007917027217395
  0.0363062089651184    0.0013911477947254    0.0001082028951109    0.0007956612353482
  0.0364877400099440    0.0014805613939308    0.0001087581485898    0.0007996395415250
  0.0366701787099937    0.0015371512918600    0.0001156466886649    0.0008036377392326
  0.0368535296035436    0.0017293268472142    0.0001191327527572    0.0008076559279287
  0.0370377972515614    0.0016271552165747    0.0001128734464127    0.0008116942075684
  0.0372229862378192    0.0018553160648720    0.0001216187289879    0.0008157526786062
  0.0374091011690083    0.0017674722123044    0.0001162007304169    0.0008198314419993
  0.0375961466748533    0.0020620151245367    0.0001243861888099    0.0008239305992093
  0.0377841274082275    0.0017385620592946    0.0001089845510486    0.0008280502522053
  0.0379730480452687    0.0021383092113464    0.0001223479302874    0.0008321905034663
  0.0381629132854950    0.0019395432606621    0.0001162380917612    0.0008363514559837
  0.0383537278519225    0.0019094189955265    0.0001163832918688    0.0008405332132636
  0.0385454964911821    0.0019204667243146    0.0001106781594019    0.0008447358793299
  0.0387382239736380    0.0020321725856736    0.0001148349776226    0.0008489595587266
  0.0389319150935062    0.0020432953262385    0.0001160674635182    0.0008532043565202
  0.0391265746689737    0.0018380773190400    0.0001054795857622    0.0008574703783028
  0.0393222075423186    0.0019262929084121    0.0001103364187804    0.0008617577301943
  0.0395188185800302    0.0017805969460724    0.0001027508671874    0.0008660665188453
  0.0397164126729303    0.0016464838623524    0.0000956336205516    0.0008703968514395
  0.0399149947362950    0.0016641908789658    0.0000953621922265    0.0008747488356967
  0.0401145697099764    0.0017999065413951    0.0001024215103135    0.0008791225798752
  0.0403151425585263    0.0014429255773040    0.0000886399377167    0.0008835181927746
  0.0405167182713189    0.0014958132294737    0.0000891428272236    0.0008879357837384
  0.0407193018626755    0.0014836066137022    0.0000880258956359    0.0008923754626571
  0.0409228983719889    0.0015395091550818    0.0000879467789616    0.0008968373399704
  0.0411275128638489    0.0015341062047859    0.0000874066151653    0.0009013215266703
  0.0413331504281681    0.0015124091313779    0.0000877964492580    0.0009058281343036
  0.0415398161803089    0.0012989766928731    0.0000776683169010    0.0009103572749751
  0.0417475152612105    0.0012411779220165    0.0000754932583822    0.0009149090613500
  0.0419562528375165    0.0013242490406560    0.0000772520720711    0.0009194836066567
  0.0421660341017041    0.0012113131387444    0.0000750260170261    0.0009240810246900
  0.0423768642722126    0.0011676085616257    0.0000706428421308    0.0009287014298135
  0.0425887485935737    0.0010078688970976    0.0000659006427610    0.0009333449369625
  0.0428016923365415    0.0009260228976624    0.0000632947913758    0.0009380116616474
  0.0430157007982242    0.0009271494964734    0.0000629664413894    0.0009427017199556
  0.0432307793022154    0.0009009291187904    0.0000618196196626    0.0009474152285554
  0.0434469331987264    0.0006420901169589    0.0000557178661983    0.0009521523046982
  0.0436641678647200    0.0007597521817906    0.0000569605145707    0.0009569130662216
  0.0438824887040437    0.0006403846299711    0.0000524089011802    0.0009616976315528
  0.0441019011475639    0.0007037834385396    0.0000508736566271    0.0009665061197105
  0.0443224106533017    0.0004515251891265    0.0000443938429783    0.0009713386503091
  0.0445440227065682    0.0004293738957207    0.0000413516414738    0.0009761953435606
  0.0447667428201010    0.0004679822496728    0.0000435036536703    0.0009810763202784
  0.0449905765342015    0.0003881116995535    0.0000415757182562    0.0009859817018798
  0.0452155294168725    0.0003368691577068    0.0000417507868878    0.0009909116103892
  0.0454416070639569    0.0002523007165144    0.0000343472039486    0.0009958661684412
  0.0456688150992767    0.0002844543771358    0.0000395073972498    0.0010008454992834
  0.0458971591747730    0.0002527365292485    0.0000341952886785    0.0010058497267798
  0.0461266449706469    0.0002709110014332    0.0000368103696221    0.0010108789754137
  0.0463572781955001    0.0002119791421877    0.0000344326939107    0.0010159333702907
  0.0465890645864776    0.0001482465967999    0.0000317239027187    0.0010210130371422
  0.0468220099094100    0.0001849512585094    0.0000307782343596    0.0010261181023279
  0.0470561199589570    0.0001863711843196    0.0000310413279755    0.0010312486928395
  0.0472914005587518    0.0001985786499194    0.0000286524671139    0.0010364049363037
  0.0475278575615456    0.0001162028793221    0.0000283410879736    0.0010415869609853
  0.0477654968493533    0.0001469844983916    0.0000278741182578    0.0010467948957902
  0.0480043243336001    0.0001653460614518    0.0000286382290103    0.0010520288702691
  0.0482443459552681    0.0001961081534446    0.0000286796636319    0.0010572890146205
  0.0484855676850444    0.0001748864994369    0.0000295384397617    0.0010625754596936
  0.0487279955234696    0.0001649725865104    0.0000280949971990    0.0010678883369921
  0.0489716355010870    0.0001114028583588    0.0000260754429948    0.0010732277786770
  0.0492164936785924    0.0001976225941898    0.0000283460503632    0.0010785939175704
  0.0494625761469853    0.0001947608002271    0.0000324953488942    0.0010839868871583
  0.0497098890277203    0.0001701700116498    0.0000272239275446    0.0010894068215940
  0.0499584384728589    0.0001793836886307    0.0000292990444259    0.0010948538557020
  0.0502082306652232    0.0001929830312711    0.0000281037129825    0.0011003281249805
  0.0504592718185493    0.0002579668082265    0.0000298093893594    0.0011058297656054
  0.0507115681776420    0.0002177879703617    0.0000268909975615    0.0011113589144335
  0.0509651260185302    0.0002171115136695    0.0000290550789305    0.0011169157090056
  0.0512199516486228    0.0002319700358968    0.0000285331775246    0.0011225002875506
  0.0514760514068660    0.0002513071605371    0.0000278211009359    0.0011281127889884
  0.0517334316639003    0.0002957592081012    0.0000278966821979    0.0011337533529333
  0.0519920988222198    0.0002824971625851    0.0000297387874508    0.0011394221196980
  0.0522520593163309    0.0003119629329675    0.0000284259988870    0.0011451192302965
  0.0525133196129125    0.0002557596098639    0.0000270004515927    0.0011508448264480
  0.0527758862109771    0.0002662759485384    0.0000279162209647    0.0011565990505802
  0.0530397656420320    0.0003236832065813    0.0000281271838173    0.0011623820458331
  0.0533049644702421    0.0002525407134630    0.0000278811083180    0.0011681939560623
  0.0535714892925933    0.0003260528333760    0.0000276804781493    0.0011740349258426
  0.0538393467390563    0.0002499795041590    0.0000263107656673    0.0011799051004718
  0.0541085434727516    0.0003244260408989    0.0000304470905294    0.0011858046259742
  0.0543790861901153    0.0002548094650231    0.0000261382605853    0.0011917336491040
  0.0546509816210659    0.0002609270203232    0.0000254960536907    0.0011976923173496
  0.0549242365291712    0.0002930770971196    0.0000262714346548    0.0012036807789363
  0.0551988577118171    0.0002830560203150    0.0000252603032289    0.0012096991828310
  0.0554748520003761    0.0002686406931884    0.0000244297957230    0.0012157476787451
  0.0557522262603780    0.0002196333319246    0.0000241376412818    0.0012218264171389
  0.0560309873916799    0.0002042381850639    0.0000239095069554    0.0012279355492246
  0.0563111423286383    0.0002302638778859    0.0000238758854660    0.0012340752269707
  0.0565926980402815    0.0001894984403960    0.0000221886558918    0.0012402456031055
  0.0568756615304829    0.0002071409515923    0.0000236783254031    0.0012464468311211
  0.0571600398381353    0.0002029437833396    0.0000229680045154    0.0012526790652767
  0.0574458400373259    0.0001641380171115    0.0000194144698426    0.0012589424606031
  0.0577330692375126    0.0001264380021621    0.0000202031395444    0.0012652371729061
  0.0580217345837001    0.0001530355792679    0.0000191863725641    0.0012715633587706
  0.0583118432566186    0.0001233326019184    0.0000201214299029    0.0012779211755645
  0.0586034024729017    0.0001374916676410    0.0000196049036870    0.0012843107814423
  0.0588964194852662    0.0001248265632357    0.0000195064224482    0.0012907323353495
  0.0591909015826925    0.0000771054974309    0.0000186198641530    0.0012971859970262
  0.0594868560906060    0.0000877825316867    0.0000170125323349    0.0013036719270114
  0.0597842903710590    0.0000812485696097    0.0000180131295524    0.0013101902866464
  0.0600832118229143    0.0000867362985496    0.0000166452516859    0.0013167412380797
  0.0603836278820289    0.0000730368138067    0.0000175959744634    0.0013233249442701
  0.0606855460214390    0.0000439171866065    0.0000152653335835    0.0013299415689914
  0.0609889737515462    0.0000673929310156    0.0000145010378145    0.0013365912768364
  0.0612939186203039    0.0000556260203729    0.0000160548788343    0.0013432742332205
  0.0616003882134054    0.0000493036294778    0.0000164522694307    0.0013499906043866
  0.0619083901544725    0.0000225421223024    0.0000170428060581    0.0013567405574086
  0.0622179321052448    0.0000638049410478    0.0000146191050488    0.0013635242601956
  0.0625290217657710    0.0000512514598857    0.0000154082025696    0.0013703418814966
  0.0628416668745999    0.0000592021591272    0.0000151542410277    0.0013771935909041
  0.0631558752089729    0.0000313423709037    0.0000150804865860    0.0013840795588586
  0.0634716545850177    0.0000387689242871    0.0000154987004960    0.0013909999566529
  0.0637890128579428    0.0000356732403201    0.0000146182388927    0.0013979549564362
  0.0641079579222325    0.0000405319807489    0.0000158783886250    0.0014049447312183
  0.0644284977118437    0.0000787997792230    0.0000161274029577    0.0014119694548744
  0.0647506402004029    0.0000615797000498    0.0000150264272060    0.0014190293021488
  0.0650743934014049    0.0000721064264850    0.0000161584179514    0.0014261244486595
  0.0653997653684119    0.0000271912805562    0.0000177333430199    0.0014332550709028
  0.0657267641952540    0.0000765343842607    0.0000159840772561    0.0014404213462574
  0.0660553980162302    0.0000779058309399    0.0000157037565867    0.0014476234529886
  0.0663856750063114    0.0000769015772027    0.0000173341491880    0.0014548615702536
  0.0667176033813429    0.0000223517487044    0.0000161548993416    0.0014621358781049
  0.0670511913982496    0.0000704083641336    0.0000164793944309    0.0014694465574954
  0.0673864473552409    0.0000378064213622    0.0000177175498850    0.0014767937902829
  0.0677233795920171    0.0000557290302391    0.0000167141802649    0.0014841777592343
  0.0680619964899772    0.0000647254263574    0.0000170050810946    0.0014915986480304
  0.0684023064724270    0.0000781264089683    0.0000150729680382    0.0014990566412706
  0.0687443180047892    0.0000577878059863    0.0000155518817985    0.0015065519244769
  0.0690880395948131    0.0000674529459476    0.0000156601805023    0.0015140846840993
  0.0694334797927871    0.0000669042179319    0.0000156925576712    0.0015216551075198
  0.0697806471917511    0.0000784907097463    0.0000158357758442    0.0015292633830574
  0.0701295504277098    0.0000805105411234    0.0000153635290899    0.0015369096999727
  0.0704801981798484    0.0000764751863062    0.0000151129858116    0.0015445942484726
  0.0708325991707476    0.0000848886478115    0.0000149584236659    0.0015523172197149
  0.0711867621666013    0.0000769224456403    0.0000147366744198    0.0015600788058135
  0.0715426959774343    0.0000767735059014    0.0000148924200135    0.0015678791998426
  0.0719004094573215    0.0000478519330070    0.0000146423876152    0.0015757185958418
  0.0722599115046081    0.0000443866463966    0.0000145819414889    0.0015835971888210
  0.0726212110621311    0.0000373007871654    0.0000145556227074    0.0015915151747651
  0.0729843171174418    0.0000399025868098    0.0000138013651315    0.0015994727506389
  0.0733492387030290    0.0000468681655310    0.0000123348651746    0.0016074701143921
  0.0737159848965441    0.0000134877060595    0.0000134818407508    0.0016155074649641
  0.0740845648210268    0.0000146193073094    0.0000139569375039    0.0016235850022889
  0.0744549876451319    0.0000293354081842    0.0000130587837224    0.0016317029273004
  0.0748272625833576    0.0000419061505823    0.0000148243188462    0.0016398614419369
  0.0752013988962744    0.0000140663944084    0.0000131020267596    0.0016480607491465
  0.0755774058907557    0.0000098856272243    0.0000123789423853    0.0016563010528923
  0.0759552929202095    0.0000190536058898    0.0000125121786210    0.0016645825581567
  0.0763350693848105    0.0000315149043345    0.0000127201308560    0.0016729054709475
  0.0767167447317346    0.0000116593632971    0.0000124009667748    0.0016812699983023
  0.0771003284553933    0.0000076603928627    0.0000136422201517    0.0016896763482938
  0.0774858300976702    0.0000255769627449    0.0000127711552018    0.0016981247300352
  0.0778732592481586    0.0000333264588546    0.0000117376832483    0.0017066153536854
  0.0782626255443993    0.0000201845194766    0.0000111051187952    0.0017151484304538
  0.0786539386721213    0.0000197628336305    0.0000130950048962    0.0017237241726061
  0.0790472083654819    0.0000189113717029    0.0000115648218900    0.0017323427934691
  0.0794424444073093    0.0000297565651303    0.0000097150005725    0.0017410045074365
  0.0798396566293459    0.0000108984481190    0.0000116075796658    0.0017497095299737
  0.0802388549124926   -0.0000095635531810    0.0000124548520343    0.0017584580776235
  0.0806400491870551    0.0000217416278767    0.0000129910693109    0.0017672503680117
  0.0810432494329903    0.0000192037616071    0.0000130178718003    0.0017760866198517
  0.0814484656801553    0.0000196623200224    0.0000108918987145    0.0017849670529510
  0.0814484656801553    0.0000327803374891    0.0000116036081506    0.0017819229314791
  0.0818557080085560    0.0000199934972688    0.0000120820475094    0.0017938918882157
  0.0818557080085560    0.0000256826418518    0.0000054370984461    0.0017908325461365
  0.0822649865485988    0.0000156151584178    0.0000045195270259    0.0017997867088671
  0.0822649865485988    0.0000271326603950    0.0000119375761607    0.0018028613476568
  0.0826763114813418    0.0000324405453627    0.0000130102158674    0.0018118756543951
  0.0826763114813418    0.0000202407807824    0.0000046945126179    0.0018087856424115
  0.0830896930387485    0.0000054042870529    0.0000129936632892    0.0018209350326671
  0.0830896930387485    0.0000241251999457    0.0000049844007354    0.0018178295706235
  0.0835051415039422    0.0000284245434930    0.0000054313334412    0.0018269187184766
  0.0835051415039422    0.0000219802329636    0.0000127810430042    0.0018300397078304
  0.0839226672114619    0.0000220668248137    0.0000049655520986    0.0018360533120690
  0.0839226672114619    0.0000547251028095    0.0000123473068661    0.0018391899063695
  0.0843422805475192    0.0000268533736249    0.0000054102016139    0.0018452335786294
  0.0843422805475192    0.0000237168623971    0.0000125050254150    0.0018483858559014
  0.0847639919502568    0.0000234610349089    0.0000046479633515    0.0018544597465225
  0.0847639919502568    0.0000312508673522    0.0000117276451285    0.0018576277851809
  0.0851878119100081    0.0000253042417865    0.0000051061245716    0.0018637320452551
  0.0851878119100081    0.0000411624618060    0.0000116102274101    0.0018669159241068
  0.0856137509695581    0.0000379092074311    0.0000128727851360    0.0018762505037273
  0.0856137509695581    0.0000260764097586    0.0000049296000996    0.0018730507054814
  0.0860418197244059    0.0000163963359651    0.0000118576278250    0.0018856317562460
  0.0860418197244059    0.0000255385545549    0.0000053254701343    0.0018824159590088
  0.0864720288230279    0.0000140303401875    0.0000050640589896    0.0018918280388039
  0.0864720288230279    0.0000399321452003    0.0000122067257619    0.0018950599150272
  0.0869043889671431    0.0000231374973589    0.0000051573218675    0.0019012871789979
  0.0869043889671431    0.0000106460432423    0.0000122990010253    0.0019045352146023
  0.0873389109119788    0.0000014899062361    0.0000110747322174    0.0019140578906754
  0.0873389109119788    0.0000186648776693    0.0000049168693598    0.0019107936148929
  0.0877756054665386    0.0000249023155007    0.0000053250987369    0.0019203475829673
  0.0877756054665386    0.0000127274802179    0.0000124951574513    0.0019236281801287
  0.0882144834938713    0.0000228613607947    0.0000119409039176    0.0019332463210294
  0.0882144834938713    0.0000258869128758    0.0000057058128288    0.0019299493208822
  0.0886555559113407    0.0000069567472056    0.0000119984292458    0.0019429125526345
  0.0886555559113407    0.0000168746657314    0.0000047677088307    0.0019395990674866
  0.0890988336908974    0.0000142889342194    0.0000050122942569    0.0019492970628240
  0.0890988336908974   -0.0000080964787478    0.0000129603242114    0.0019526271153977
  0.0895443278593518    0.0000094869390939    0.0000048372249897    0.0019590435481381
  0.0895443278593518    0.0000048921424380    0.0000114950159487    0.0019623902509747
  0.0899920494986486    0.0000164488744374    0.0000049030495638    0.0019688387658788
  0.0899920494986486    0.0000231121880366    0.0000111684157649    0.0019722022022296
  0.0904420097461418    0.0000480644318786    0.0000108629268590    0.0019820632132407
  0.0904420097461418    0.0000118907582133    0.0000049998690863    0.0019786829597082
  0.0908942197948725    0.0000171591721023    0.0000116307440546    0.0019919735293069
  0.0908942197948725    0.0000073385938999    0.0000048280231548    0.0019885763745068
  0.0913486908938469    0.0000307590517095    0.0000112910650402    0.0020019333969534
  0.0913486908938469    0.0000126793437045    0.0000045162770747    0.0019985192563793
  0.0918054343483161    0.0000294624676408    0.0000103491585443    0.0020119430639382
  0.0918054343483161    0.0000090840345779    0.0000042700158458    0.0020085118526612
  0.0922644615200577    0.0000193249342607    0.0000116959003995    0.0020220027792579
  0.0922644615200577    0.0000103447014708    0.0000044944746475    0.0020185544119245
  0.0927257838276579    0.0000104826622343    0.0000048013157019    0.0020286471839841
  0.0927257838276579   -0.0000037063371318    0.0000126177659245    0.0020321127931542
  0.0931894127467962    0.0000069728405306    0.0000114806307970    0.0020422733571200
  0.0931894127467962    0.0000152384645725    0.0000042339311887    0.0020387904199040
  0.0936553598105302    0.0000000317604776    0.0000044067704098    0.0020489843720036
  0.0936553598105302   -0.0000084714666062    0.0000125232440536    0.0020524847239056
  0.0941236366095829    0.0000250366862790    0.0000120574997014    0.0020627471475251
  0.0941236366095829    0.0000159988931799    0.0000041907940972    0.0020592292938636
  0.0945942547926308   -0.0000003353953639    0.0000118446233224    0.0020730608832627
  0.0945942547926308    0.0000147645976070    0.0000043560837137    0.0020695254403329
  0.0950672260665939    0.0000149608506787    0.0000122939100471    0.0020834261876790
  0.0950672260665939    0.0000085173750507    0.0000040445531176    0.0020798730675346
  0.0955425621969268    0.0000147439729612    0.0000041143087355    0.0020902724328722
  0.0960202750079115    0.0000065266203479    0.0000040064984110    0.0021007237950366
  0.0965003763829510    0.0000062638580839    0.0000043408753587    0.0021112274140118
  0.0969828782648658    0.0000190807521274    0.0000042371489478    0.0021217835510818
  0.0974677926561901    0.0000073788039592    0.0000038952627140    0.0021323924688372
  0.0979551316194710    0.0000184304307479    0.0000043061991291    0.0021430544311814
  0.0984449072775684    0.0000184974282792    0.0000039625068336    0.0021537697033373
  0.0989371318139562    0.0000120249963997    0.0000039655344455    0.0021645385518540
  0.0994318174730260    0.0000153390853383    0.0000038318430486    0.0021753612446133
  0.0999289765603911    0.0000143164274529    0.0000036590165874    0.0021862380508364
  0.1004286214431930    0.0000097377476590    0.0000038476090288    0.0021971692410905
  0.1009307645504090    0.0000140252947942    0.0000038685013153    0.0022081550872960
  0.1014354183731610    0.0000107021273104    0.0000035161434557    0.0022191958627325
  0.1019425954650268    0.0000105901008412    0.0000035026184377    0.0022302918420461
  0.1024523084423520    0.0000054999896135    0.0000037374318851    0.0022414433012564
  0.1029645699845637    0.0000091631668435    0.0000035429457042    0.0022526505177626
  0.1034793928344865    0.0000101544668212    0.0000036685184509    0.0022639137703515
  0.1039967897986589    0.0000126265597242    0.0000035831494759    0.0022752333392032
  0.1045167737476522    0.0000045257273703    0.0000034053648698    0.0022866095058992
  0.1050393576163905    0.0000049891145995    0.0000032644454436    0.0022980425534287
  0.1055645544044724    0.0000013078783997    0.0000033292446344    0.0023095327661959
  0.1060923771764948    0.0000090819696342    0.0000030496439300    0.0023210804300268
  0.1066228390623772    0.0000058108921740    0.0000031438071521    0.0023326858321770
  0.1071559532576891    0.0000093827105631    0.0000032871410716    0.0023443492613379
  0.1076917330239775    0.0000070323817848    0.0000030702293761    0.0023560710076446
  0.1082301916890974    0.0000090918612134    0.0000031674585927    0.0023678513626828
  0.1087713426475429    0.0000063629932226    0.0000029790900458    0.0023796906194962
  0.1093151993607806    0.0000101341246005    0.0000029607939204    0.0023915890725937
  0.1098617753575845    0.0000088509293293    0.0000029445060485    0.0024035470179566
  0.1104110842343724    0.0000085489647105    0.0000030586553148    0.0024155647530464
  0.1109631396555442    0.0000099537337102    0.0000027404836503    0.0024276425768117
  0.1115179553538219    0.0000091523438445    0.0000029151892150    0.0024397807896957
  0.1120755451305910    0.0000089792327809    0.0000027758955713    0.0024519796936442
  0.1126359228562440    0.0000087276012961    0.0000025888275889    0.0024642395921124
  0.1131991024705252    0.0000063023162070    0.0000028778658723    0.0024765607900730
  0.1137650979828778    0.0000122304671107    0.0000028666250921    0.0024889435940233
  0.1143339234727922    0.0000075834342417    0.0000028382622275    0.0025013883119935
  0.1149055930901561    0.0000042456378326    0.0000026972560683    0.0025138952535534
  0.1154801210556069    0.0000073764112853    0.0000026321250147    0.0025264647298212
  0.1160575216608849    0.0000054178452101    0.0000026586346200    0.0025390970534703
  0.1166378092691893    0.0000081249061487    0.0000024958271000    0.0025517925387376
  0.1172209983155353    0.0000122877376564    0.0000026293809296    0.0025645515014313
  0.1178071033071129    0.0000078332728919    0.0000025338453710    0.0025773742589385
  0.1183961388236485    0.0000064996752433    0.0000024231292675    0.0025902611302332
  0.1189881195177667    0.0000078583624081    0.0000024750560146    0.0026032124358843
  0.1195830601153555    0.0000012423688345    0.0000023844224953    0.0026162284980638
  0.1201809754159323    0.0000109510065948    0.0000024806358189    0.0026293096405541
  0.1207818802930119    0.0000021950653890    0.0000023422319446    0.0026424561887569
  0.1213857896944770    0.0000045885892258    0.0000023073803145    0.0026556684697006
  0.1219927186429494    0.0000070929759371    0.0000022989327088    0.0026689468120491
  0.1226026822361641   -0.0000005664073158    0.0000022522785226    0.0026822915461094
  0.1232156956473449    0.0000034561382481    0.0000022495533881    0.0026957030038399
  0.1238317741255816    0.0000039289090763    0.0000021451508685    0.0027091815188591
  0.1244509329962095    0.0000093470470106    0.0000022519786479    0.0027227274264534
  0.1250731876611905   -0.0000003932087505    0.0000022391326363    0.0027363410635857
  0.1256985535994965    0.0000004211366509    0.0000020785366293    0.0027500227689036
  0.1263270463674940    0.0000043731239558    0.0000021144134969    0.0027637728827481
  0.1269586815993314    0.0000012028761875    0.0000021838831715    0.0027775917471619
  0.1275934750073280   -0.0000004282435432    0.0000020971515081    0.0027914797058977
  0.1282314423823647    0.0000007211286052    0.0000020481634998    0.0028054371044272
  0.1288725995942765    0.0000034856977102    0.0000021027383264    0.0028194642899493
  0.1295169625922478    0.0000054151859988    0.0000020460760501    0.0028335616113991
  0.1301645474052091    0.0000043085632975    0.0000019791695047    0.0028477294194561
  0.1308153701422351    0.0000022384775189    0.0000019395296146    0.0028619680665533
  0.1314694469929463    0.0000040240709822    0.0000019652278343    0.0028762779068861
  0.1321267942279110    0.0000035196165791    0.0000019311690262    0.0028906592964205
  0.1327874281990505    0.0000033369993743    0.0000019276432142    0.0029051125929026
  0.1334513653400458    0.0000017542359960    0.0000018238984756    0.0029196381558672
  0.1341186221667460    0.0000050264284790    0.0000019317115955    0.0029342363466465
  0.1347892152775797    0.0000066233436707    0.0000019266527333    0.0029489075283797
  0.1354631613539676    0.0000024548384782    0.0000017843301697    0.0029636520660216
  0.1361404771607374    0.0000025519665790    0.0000018464315350    0.0029784703263517
  0.1368211795465411    0.0000024427620363    0.0000017811912445    0.0029933626779835
  0.1375052854442738    0.0000036992345028    0.0000018374663388    0.0030083294913734
  0.1381928118714951    0.0000070058911661    0.0000018401316219    0.0030233711388303
  0.1388837759308526    0.0000037368683911    0.0000018724912612    0.0030384879945244
  0.1395781948105068    0.0000044060959396    0.0000017353790031    0.0030536804344970
  0.1402760857845594    0.0000029053204689    0.0000017259878564    0.0030689488366695
  0.1409774662134821    0.0000052047021547    0.0000016909221427    0.0030842935808529
  0.1416823535445495    0.0000027305752619    0.0000017519469850    0.0030997150487571
  0.1423907653122723   -0.0000007120350431    0.0000017283896669    0.0031152136240009
  0.1431027191388336    0.0000015350282769    0.0000017263235831    0.0031307896921209
  0.1438182327345278   -0.0000003868867758    0.0000018019663535    0.0031464436405815
  0.1445373238982004    0.0000024360412940    0.0000017970289690    0.0031621758587844
  0.1452600105176914   -0.0000003218427282    0.0000016522939868    0.0031779867380784
  0.1459863105702798    0.0000013104935219    0.0000016321807541    0.0031938766717687
  0.1467162421231312    0.0000026884073172    0.0000016519373184    0.0032098460551276
  0.1474498233337468    0.0000008041173834    0.0000015404318261    0.0032258952854032
  0.1481870724504156    0.0000013354444614    0.0000015899240993    0.0032420247618302
  0.1489280078126676    0.0000009742734189    0.0000015525334027    0.0032582348856394
  0.1496726478517310    0.0000024614187512    0.0000015235118417    0.0032745260600676
  0.1504210110909896    0.0000047269803353    0.0000015819295588    0.0032908986903679
  0.1511731161464445    0.0000020686606718    0.0000015498664239    0.0033073531838198
  0.1519289817271767    0.0000015229075798    0.0000015105175070    0.0033238899497389
  0.1526886266358126    0.0000025052120037    0.0000014789570020    0.0033405093994876
  0.1534520697689916    0.0000027103892991    0.0000015275994161    0.0033572119464850
  0.1542193301178366    0.0000032890423537    0.0000014995934207    0.0033739980062174
  0.1549904267684257    0.0000016871283821    0.0000015040810911    0.0033908679962485
  0.1557653789022678    0.0000038471936625    0.0000015282196782    0.0034078223362298
  0.1565442057967792   -0.0000001591881423    0.0000015556629600    0.0034248614479109
  0.1573269268257630    0.0000007194372411    0.0000015880931535    0.0034419857551505
  0.1581135614598919    0.0000011605931779    0.0000015060420899    0.0034591956839262
  0.1589041292671913    0.0000013580779645    0.0000014160104409    0.0034764916623458
  0.1596986499135272    0.0000019441567733    0.0000013708309361    0.0034938741206576
  0.1604971431630948    0.0000017617725451    0.0000014037983225    0.0035113434912609
  0.1612996288789103    0.0000005030262558    0.0000014192605196    0.0035289002087172
  0.1621061270233048    0.0000022294491660    0.0000014066229186    0.0035465447097607
  0.1629166576584213    0.0000029944757742    0.0000014015342431    0.0035642774333095
  0.1637312409467134    0.0000015862212667    0.0000013973312245    0.0035820988204761
  0.1645498971514470    0.0000014386115808    0.0000014223375604    0.0036000093145785
  0.1653726466372042   -0.0000024207222157    0.0000014352661565    0.0036180093611514
  0.1661995098703902    0.0000020712772991    0.0000013953576672    0.0036360994079571
  0.1670305074197421    0.0000026639039098    0.0000013840268828    0.0036542799049969
  0.1678656599568408   -0.0000004114002314    0.0000013553880886    0.0036725513045219
  0.1687049882566250    0.0000029935319438    0.0000013575512172    0.0036909140610445
  0.1695485131979081    0.0000001356746142    0.0000013192732253    0.0037093686313497
  0.1703962557638976    0.0000030450101330    0.0000013370714477    0.0037279154745065
  0.1712482370427171    0.0000030630379082    0.0000013588874178    0.0037465550518790
  0.1721044782279307    0.0000038588798674    0.0000013364513078    0.0037652878271384
  0.1729650006190703    0.0000019089530054    0.0000013796362751    0.0037841142662741
  0.1738298256221656    0.0000021075561872    0.0000013415366151    0.0038030348376055
  0.1746989747502765    0.0000027884394293    0.0000013791036191    0.0038220500117935
  0.1755724696240278   -0.0000003470692056    0.0000013216745778    0.0038411602618525
  0.1764503319721480   -0.0000002637902737    0.0000013396085905    0.0038603660631617
  0.1773325836320087    0.0000039191604452    0.0000014016550299    0.0038796678934775
  0.1782192465501687    0.0000027143559282    0.0000013479657241    0.0038990662329449
  0.1791103427829195    0.0000030248365939    0.0000013628531916    0.0039185615641096
  0.1800058944968341    0.0000010856624585    0.0000013783105650    0.0039381543719302
  0.1809059239693183    0.0000002173760298    0.0000013530696366    0.0039578451437898
  0.1818104535891648   -0.0000000995592316    0.0000013420277965    0.0039776343695088
  0.1827195058571106    0.0000004057203916    0.0000013422482204    0.0039975225413563
  0.1836331033863962    0.0000015889478282    0.0000013278682582    0.0040175101540631
  0.1845512689033281    0.0000026615699982    0.0000013234240960    0.0040375977048334
  0.1854740252478447   -0.0000011607606919    0.0000013061527889    0.0040577856933576
  0.1864013953740840    0.0000004698644109    0.0000013599094729    0.0040780746218244
  0.1873334023509544    0.0000021986512476    0.0000013670200490    0.0040984649949335
  0.1882700693627091    0.0000001437316278    0.0000013516382441    0.0041189573199082
  0.1892114197095226    0.0000010514311402    0.0000013780728501    0.0041395521065077
  0.1901574768080702    0.0000017999715231    0.0000014756933470    0.0041602498670402
  0.1911082641921105    0.0000023030842756    0.0000015329452312    0.0041810511163754
  0.1920638055130711    0.0000009475773905    0.0000015045884073    0.0042019563719573
  0.1930241245406364   -0.0000005929465735    0.0000014567341215    0.0042229661538171
  0.1939892451633396    0.0000017487533370    0.0000014869508861    0.0042440809845862
  0.1949591913891562   -0.0000003946643694    0.0000014224493381    0.0042653013895091
  0.1959339873461020    0.0000007420476353    0.0000014146679038    0.0042866278964567
  0.1969136572828325   -0.0000016507278516    0.0000013814093502    0.0043080610359390
  0.1978982255692466    0.0000015597853936    0.0000013663518292    0.0043296013411186
  0.1988877166970929    0.0000009511741826    0.0000013499113251    0.0043512493478242
  0.1998821552805783    0.0000018722546421    0.0000013047849406    0.0043730055945634
  0.2008815660569812    0.0000001170640925    0.0000013377447846    0.0043948706225362
  0.2018859738872660   -0.0000003276271303    0.0000013363136320    0.0044168449756489
  0.2028954037567023   -0.0000006024586727    0.0000013502703832    0.0044389292005271
  0.2039098807754859    0.0000027617864649    0.0000013138546174    0.0044611238465297
  0.2049294301793633    0.0000011839216300    0.0000012917174063    0.0044834294657624
  0.2059540773302601    0.0000003440434050    0.0000012848110194    0.0045058466130912
  0.2069838477169113   -0.0000001442315510    0.0000012942069892    0.0045283758461567
  0.2080187669554959   -0.0000011309059942    0.0000012969688509    0.0045510177253874
  0.2090588607902733    0.0000012597463409    0.0000012709320693    0.0045737728140144
  0.2101041550942246    0.0000000285459992    0.0000012597872549    0.0045966416780844
  0.2111546758696958   -0.0000007559551851    0.0000012701479876    0.0046196248864749
  0.2122104492490442   -0.0000006852857377    0.0000012695150478    0.0046427230109072
  0.2132715014952894    0.0000011313011572    0.0000012628843610    0.0046659366259618
  0.2143378590027659    0.0000014628538269    0.0000012940750859    0.0046892663090916
  0.2154095482977796    0.0000012738203204    0.0000012580536524    0.0047127126406370
  0.2164865960392685   -0.0000020142894144    0.0000012611738583    0.0047362762038402
  0.2175690290194648    0.0000017130426587    0.0000012530373618    0.0047599575848594
  0.2186568741645621   -0.0000001056161705    0.0000012594187578    0.0047837573727837
  0.2197501585353849   -0.0000013799962271    0.0000012417826358    0.0048076761596476
  0.2208489093280618   -0.0000026878691922    0.0000012612174750    0.0048317145404459
  0.2219531538747021    0.0000000854017852    0.0000012150029265    0.0048558731131481
  0.2230629196440756    0.0000012516018656    0.0000012313777145    0.0048801524787138
  0.2241782342422960    0.0000009536650510    0.0000012334347398    0.0049045532411074
  0.2252991254135074    0.0000010069864780    0.0000012189843438    0.0049290760073130
  0.2264256210405749    0.0000005418130276    0.0000012285440965    0.0049537213873495
  0.2275577491457778   -0.0000011490842082    0.0000012088195277    0.0049784899942863
  0.2286955378915067    0.0000003424144615    0.0000012267514544    0.0050033824442577
  0.2298390155809641   -0.0000005660993615    0.0000012491712848    0.0050283993564790
  0.2309882106588690    0.0000010426905884    0.0000012211738593    0.0050535413532614
  0.2321431517121633    0.0000010553149222    0.0000011976261795    0.0050788090600277
  0.2333038674707241    0.0000001072060488    0.0000012310950008    0.0051042031053278
  0.2344703868080777   -0.0000000245028283    0.0000012101824657    0.0051297241208545
  0.2356427387421181   -0.0000011801997033    0.0000012253204440    0.0051553727414587
  0.2368209524358286   -0.0000000430381600    0.0000012001095048    0.0051811496051660
  0.2380050571980077    0.0000000199522193    0.0000011992281597    0.0052070553531919
  0.2391950824839977    0.0000024826766916    0.0000011998643322    0.0052330906299578
  0.2403910578964177    0.0000015040633714    0.0000012231785257    0.0052592560831076
  0.2415930131858998    0.0000006586510149    0.0000012109112146    0.0052855523635231
  0.2428009782518292    0.0000016397805601    0.0000011905522576    0.0053119801253408
  0.2440149831430883    0.0000001158462088    0.0000011720918855    0.0053385400259675
  0.2452350580588037   -0.0000006439406683    0.0000012047925698    0.0053652327260973
  0.2464612333490978    0.0000023761200655    0.0000012183497179    0.0053920588897278
  0.2476935395158432    0.0000012365388981    0.0000011721170348    0.0054190191841764
  0.2489320072134224   -0.0000007065968731    0.0000012046034836    0.0054461142800973
  0.2501766672494895    0.0000005867602133    0.0000011734288339    0.0054733448514978
  0.2514275505857369    0.0000010442142232    0.0000012357541053    0.0055007115757553
  0.2526846883386655    0.0000007341590022    0.0000012255924920    0.0055282151336340
  0.2539481117803589    0.0000003525692597    0.0000012185740675    0.0055558562093022
  0.2552178523392606    0.0000002725406146    0.0000011573130755    0.0055836354903487
  0.2564939416009570   -0.0000001411277310    0.0000012078509771    0.0056115536678005
  0.2577764113089617   -0.0000003649203077    0.0000011955259117    0.0056396114361395
  0.2590652933655064    0.0000014596746977    0.0000011740910879    0.0056678094933202
  0.2603606198323339    0.0000017194534075    0.0000011650423026    0.0056961485407868
  0.2616624229314956    0.0000005160481263    0.0000011746324239    0.0057246292834907
  0.2629707350461531   -0.0000017882674330    0.0000012082696236    0.0057532524299082
  0.2642855887213838    0.0000014246336326    0.0000012044473263    0.0057820186920577
  0.2656070166649907    0.0000007916044628    0.0000012196874694    0.0058109287855180
  0.2669350517483157   -0.0000018742001452    0.0000012250640166    0.0058399834294456
  0.2682697270070572    0.0000006164190398    0.0000012379195820    0.0058691833465928
  0.2696110756420924    0.0000005089388322    0.0000012831061866    0.0058985292633258
  0.2709591310203028   -0.0000002302133667    0.0000012876621599    0.0059280219096424
  0.2723139266754043   -0.0000024779632176    0.0000012823656999    0.0059576620191906
  0.2736754963087813    0.0000015605529947    0.0000012486689357    0.0059874503292866
  0.2750438737903252    0.0000005894544462    0.0000012414272539    0.0060173875809330
  0.2764190931592768   -0.0000006067725219    0.0000012496699025    0.0060474745188377
  0.2778011886250731    0.0000000277341923    0.0000012498528989    0.0060777118914318
