# Experiment IPTS-36897 Run 226565
# Reduction 2.9.0rc3
# Run title: Sample1_tNR-226565-2.
# Run start time: 2026-03-28T00:03:14.938104667
# Reduction time: Fri Mar 27 20:46:26 2026
# Q summing: False
# TOF weighted: False
# Bck in Q: False
# Theta offset: 0.0
# Stitching type: None
# DataRun   NormRun   TwoTheta(deg)  LambdaMin(A)   LambdaMax(A) Qmin(1/A)    Qmax(1/A)    SF_A         SF_B          SF
# 226565    226560    2.4006         2.74978        9.49867      0.0277       0.0957       25.0         0            1.0         
# Q [1/Angstrom]        R                     dR                    dQ [FWHM]            
  0.0280121015198138    0.0164575772725353    0.0008879731283079    0.0006136241052674
  0.0281521620274129    0.0152211826994449    0.0007809658933597    0.0006166922257938
  0.0282929228375499    0.0141638903488873    0.0007450578214083    0.0006197756869228
  0.0284343874517377    0.0143078650386001    0.0007311722429051    0.0006228745653574
  0.0285765593889964    0.0133015974152742    0.0006790673480516    0.0006259889381842
  0.0287194421859414    0.0121366977151306    0.0006203793818622    0.0006291188828751
  0.0288630393968711    0.0115660859083786    0.0005874689310506    0.0006322644772894
  0.0290073545938554    0.0109670824712130    0.0005565743259865    0.0006354257996759
  0.0291523913668247    0.0107018397751369    0.0005402492257169    0.0006386029286743
  0.0292981533236588    0.0097280876578971    0.0004775336002543    0.0006417959433176
  0.0294446440902771    0.0093024316485130    0.0004538559843220    0.0006450049230342
  0.0295918673107285    0.0088617926294889    0.0004309403872027    0.0006482299476494
  0.0297398266472821    0.0081719940762745    0.0003835929983167    0.0006514710973877
  0.0298885257805185    0.0085349702415794    0.0004079415718824    0.0006547284528746
  0.0300379684094211    0.0079610741514761    0.0003759650985616    0.0006580020951390
  0.0301881582514682    0.0080120795813858    0.0003798177896595    0.0006612921056147
  0.0303390990427256    0.0083926373936970    0.0003935053104131    0.0006645985661427
  0.0304907945379392    0.0075711763600976    0.0003531663693473    0.0006679215589734
  0.0306432485106289    0.0079860161362016    0.0003754344360000    0.0006712611667683
  0.0307964647531820    0.0067249682340351    0.0003018476227658    0.0006746174726022
  0.0309504470769479    0.0070486196590053    0.0003202981776617    0.0006779905599652
  0.0311051993123327    0.0061508667724348    0.0002731350168711    0.0006813805127650
  0.0312607253088943    0.0064635201797902    0.0002997512542018    0.0006847874153288
  0.0314170289354388    0.0058354516383818    0.0002651618520873    0.0006882113524055
  0.0315741140801160    0.0054716055030469    0.0002479654193799    0.0006916524091675
  0.0317319846505165    0.0048886972972306    0.0002169174338408    0.0006951106712133
  0.0318906445737691    0.0046280767306153    0.0002134189506277    0.0006985862245694
  0.0320500977966380    0.0042349418928362    0.0001999091063018    0.0007020791556922
  0.0322103482856212    0.0034634939745187    0.0001640240203882    0.0007055895514707
  0.0323714000270493    0.0034668244722093    0.0001614914639433    0.0007091174992281
  0.0325332570271845    0.0027556037628758    0.0001317243941637    0.0007126630867242
  0.0326959233123204    0.0027479057832986    0.0001384163704704    0.0007162264021578
  0.0328594029288820    0.0022856752385233    0.0001188875582757    0.0007198075341686
  0.0330236999435264    0.0020655074660667    0.0001063269626388    0.0007234065718394
  0.0331888184432441    0.0019047695178775    0.0000991859569072    0.0007270236046986
  0.0333547625354603    0.0018007381090731    0.0000956086678703    0.0007306587227221
  0.0335215363481376    0.0017951105124693    0.0000931889142291    0.0007343120163357
  0.0336891440298783    0.0017263217049735    0.0000935998637408    0.0007379835764174
  0.0338575897500276    0.0017361804716230    0.0000914278217009    0.0007416734942995
  0.0340268776987778    0.0017972497698111    0.0000903662418925    0.0007453818617710
  0.0341970120872717    0.0015822569712926    0.0000851463096382    0.0007491087710799
  0.0343679971477080    0.0016621160455819    0.0000837282670901    0.0007528543149353
  0.0345398371334466    0.0017731408830022    0.0000881058463410    0.0007566185865099
  0.0347125363191138    0.0017186711078333    0.0000844323413757    0.0007604016794425
  0.0348860990007094    0.0016076577747871    0.0000799982766896    0.0007642036878397
  0.0350605294957129    0.0016976103726217    0.0000851692051161    0.0007680247062789
  0.0352358321431915    0.0015519407368133    0.0000774636538275    0.0007718648298103
  0.0354120113039074    0.0016205287042111    0.0000779243596900    0.0007757241539593
  0.0355890713604269    0.0016598198298595    0.0000801782403879    0.0007796027747291
  0.0357670167172291    0.0015916459259822    0.0000745996133975    0.0007835007886028
  0.0359458518008152    0.0017118456017465    0.0000793725362548    0.0007874182925458
  0.0361255810598193    0.0016988669003573    0.0000789967199847    0.0007913553840085
  0.0363062089651184    0.0016493355721669    0.0000755744445886    0.0007953121609286
  0.0364877400099440    0.0017579399791515    0.0000740388024304    0.0007992887217332
  0.0366701787099937    0.0019406938745957    0.0000832889166871    0.0008032851653419
  0.0368535296035436    0.0020182897268237    0.0000823132859063    0.0008073015911686
  0.0370377972515614    0.0019144971532637    0.0000775365086827    0.0008113380991244
  0.0372229862378192    0.0022297619439229    0.0000849981160162    0.0008153947896201
  0.0374091011690083    0.0021110530553103    0.0000809087227881    0.0008194717635682
  0.0375961466748533    0.0024790232361569    0.0000919162639861    0.0008235691223860
  0.0377841274082275    0.0022820779318317    0.0000825752255022    0.0008276869679979
  0.0379730480452687    0.0025038813171201    0.0000890880165052    0.0008318254028379
  0.0381629132854950    0.0026704048845375    0.0000924042940684    0.0008359845298521
  0.0383537278519225    0.0027275339212331    0.0000954053314969    0.0008401644525014
  0.0385454964911821    0.0025638068554611    0.0000847625900061    0.0008443652747639
  0.0387382239736380    0.0027337349079585    0.0000921166082758    0.0008485871011377
  0.0389319150935062    0.0027812110027281    0.0000926003098496    0.0008528300366434
  0.0391265746689737    0.0026960466531702    0.0000875519680708    0.0008570941868266
  0.0393222075423186    0.0027871434193542    0.0000912619522395    0.0008613796577607
  0.0395188185800302    0.0027758490714512    0.0000879668384761    0.0008656865560495
  0.0397164126729303    0.0027329525834003    0.0000848734253417    0.0008700149888298
  0.0399149947362950    0.0026004893582491    0.0000811189482808    0.0008743650637739
  0.0401145697099764    0.0026508342853514    0.0000832243958711    0.0008787368890928
  0.0403151425585263    0.0026422996450749    0.0000820585328222    0.0008831305735383
  0.0405167182713189    0.0026151148012113    0.0000795900153969    0.0008875462264060
  0.0407193018626755    0.0025914473770896    0.0000790890009673    0.0008919839575380
  0.0409228983719889    0.0025907656158199    0.0000782533593717    0.0008964438773257
  0.0411275128638489    0.0025392068966080    0.0000759330592266    0.0009009260967123
  0.0413331504281681    0.0024260867811264    0.0000734123387046    0.0009054307271959
  0.0415398161803089    0.0025028341914887    0.0000745006301586    0.0009099578808318
  0.0417475152612105    0.0023317529584435    0.0000685088614657    0.0009145076702360
  0.0419562528375165    0.0022961648379431    0.0000679062217291    0.0009190802085872
  0.0421660341017041    0.0022629492487762    0.0000675414040929    0.0009236756096301
  0.0423768642722126    0.0022207099557606    0.0000653163506031    0.0009282939876783
  0.0425887485935737    0.0021548572335568    0.0000626881312247    0.0009329354576167
  0.0428016923365415    0.0020858493369848    0.0000614036384372    0.0009376001349047
  0.0430157007982242    0.0020238816491309    0.0000594915231579    0.0009422881355793
  0.0432307793022154    0.0018816856039152    0.0000561364141611    0.0009469995762572
  0.0434469331987264    0.0019021204844898    0.0000566395942143    0.0009517345741384
  0.0436641678647200    0.0017836319929304    0.0000541003254626    0.0009564932470091
  0.0438824887040437    0.0016871371278687    0.0000510200137743    0.0009612757132442
  0.0441019011475639    0.0015677534444561    0.0000477221896801    0.0009660820918104
  0.0443224106533017    0.0014131677785478    0.0000441103241102    0.0009709125022695
  0.0445440227065682    0.0012807478675364    0.0000405788074009    0.0009757670647808
  0.0447667428201010    0.0012462580368963    0.0000408709294865    0.0009806459001047
  0.0449905765342015    0.0011421804537438    0.0000381194268556    0.0009855491296052
  0.0452155294168725    0.0011514639155844    0.0000382283253291    0.0009904768752533
  0.0454416070639569    0.0010174124820166    0.0000349819132729    0.0009954292596295
  0.0456688150992767    0.0010184337206269    0.0000360416092990    0.0010004064059277
  0.0458971591747730    0.0008861955478280    0.0000318344691616    0.0010054084379573
  0.0461266449706469    0.0008530369900345    0.0000311265083133    0.0010104354801471
  0.0463572781955001    0.0008251159672347    0.0000311976675254    0.0010154876575478
  0.0465890645864776    0.0007439647355712    0.0000285155129286    0.0010205650958356
  0.0468220099094100    0.0006700730800655    0.0000265587371600    0.0010256679213147
  0.0470561199589570    0.0006662143525357    0.0000270234968614    0.0010307962609213
  0.0472914005587518    0.0006176582859824    0.0000250708565400    0.0010359502422259
  0.0475278575615456    0.0006034099478481    0.0000251967843770    0.0010411299934371
  0.0477654968493533    0.0005571711756299    0.0000241728444085    0.0010463356434042
  0.0480043243336001    0.0005234775312443    0.0000229943716978    0.0010515673216213
  0.0482443459552681    0.0005210366102530    0.0000233817607979    0.0010568251582294
  0.0484855676850444    0.0005185373537392    0.0000224345468004    0.0010621092840205
  0.0487279955234696    0.0004701797958218    0.0000216333270100    0.0010674198304406
  0.0489716355010870    0.0004509689130586    0.0000214261461715    0.0010727569295928
  0.0492164936785924    0.0004799369689075    0.0000226645703943    0.0010781207142408
  0.0494625761469853    0.0005130265229510    0.0000232368548707    0.0010835113178120
  0.0497098890277203    0.0004961503958699    0.0000215663921088    0.0010889288744011
  0.0499584384728589    0.0004602301653856    0.0000205555555894    0.0010943735187731
  0.0502082306652232    0.0004975709880083    0.0000209632435661    0.0010998453863669
  0.0504592718185493    0.0004752422185465    0.0000209186758666    0.0011053446132988
  0.0507115681776420    0.0005384987595894    0.0000209325463341    0.0011108713363653
  0.0509651260185302    0.0005341050368589    0.0000208934079798    0.0011164256930471
  0.0512199516486228    0.0005488759628407    0.0000207993444646    0.0011220078215123
  0.0514760514068660    0.0005155281998659    0.0000199810199498    0.0011276178606199
  0.0517334316639003    0.0005984550988036    0.0000214952485274    0.0011332559499230
  0.0519920988222198    0.0005968808661844    0.0000212728914062    0.0011389222296726
  0.0522520593163309    0.0006280931389547    0.0000216593298393    0.0011446168408209
  0.0525133196129125    0.0005923616561404    0.0000206725023830    0.0011503399250251
  0.0527758862109771    0.0006781932828004    0.0000220504042449    0.0011560916246502
  0.0530397656420320    0.0006084498374645    0.0000211474850790    0.0011618720827734
  0.0533049644702421    0.0006415068822522    0.0000214796447971    0.0011676814431873
  0.0535714892925933    0.0006937288023031    0.0000223228301551    0.0011735198504032
  0.0538393467390563    0.0006541590525344    0.0000221802750145    0.0011793874496552
  0.0541085434727516    0.0006858105250048    0.0000229529197715    0.0011852843869035
  0.0543790861901153    0.0006898274984032    0.0000217155451503    0.0011912108088380
  0.0546509816210659    0.0006714655437130    0.0000207362788033    0.0011971668628822
  0.0549242365291712    0.0006795935452479    0.0000209489017742    0.0012031526971966
  0.0551988577118171    0.0006646902598341    0.0000205557142940    0.0012091684606826
  0.0554748520003761    0.0006476949253677    0.0000196801776179    0.0012152143029860
  0.0557522262603780    0.0006327618405344    0.0000196469792081    0.0012212903745010
  0.0560309873916799    0.0006693257068137    0.0000203289011000    0.0012273968263735
  0.0563111423286383    0.0005778660706306    0.0000188415067883    0.0012335338105053
  0.0565926980402815    0.0006162837853713    0.0000195769088256    0.0012397014795579
  0.0568756615304829    0.0006071160436258    0.0000193613557866    0.0012458999869557
  0.0571600398381353    0.0005946520246202    0.0000193827439780    0.0012521294868904
  0.0574458400373259    0.0005352504168735    0.0000179465679629    0.0012583901343249
  0.0577330692375126    0.0005085769132161    0.0000170230387307    0.0012646820849965
  0.0580217345837001    0.0004606792545612    0.0000160592055540    0.0012710054954215
  0.0583118432566186    0.0004834704592014    0.0000165309503173    0.0012773605228986
  0.0586034024729017    0.0004587813458805    0.0000162323049470    0.0012837473255131
  0.0588964194852662    0.0004259529975390    0.0000153996193886    0.0012901660621407
  0.0591909015826925    0.0003929343939749    0.0000153463493483    0.0012966168924514
  0.0594868560906060    0.0003927694304025    0.0000151462341908    0.0013030999769136
  0.0597842903710590    0.0003711887015369    0.0000151145878093    0.0013096154767982
  0.0600832118229143    0.0003423777624467    0.0000139769011039    0.0013161635541822
  0.0603836278820289    0.0003560367549511    0.0000144047395223    0.0013227443719531
  0.0606855460214390    0.0003257913423618    0.0000135633746172    0.0013293580938129
  0.0609889737515462    0.0003054393516736    0.0000133479145846    0.0013360048842819
  0.0612939186203039    0.0003022660176603    0.0000138301195153    0.0013426849087033
  0.0616003882134054    0.0002905689828124    0.0000129623665893    0.0013493983332468
  0.0619083901544725    0.0002507744061624    0.0000125993673708    0.0013561453249131
  0.0622179321052448    0.0002472678017974    0.0000121747899029    0.0013629260515376
  0.0625290217657710    0.0002628734621494    0.0000120924078410    0.0013697406817953
  0.0628416668745999    0.0002442912993703    0.0000120162872334    0.0013765893852043
  0.0631558752089729    0.0002351829215942    0.0000119713721126    0.0013834723321303
  0.0634716545850177    0.0002226476074924    0.0000118677828685    0.0013903896937910
  0.0637890128579428    0.0002117112509565    0.0000117334325738    0.0013973416422599
  0.0641079579222325    0.0002102752507254    0.0000115588401181    0.0014043283504712
  0.0644284977118437    0.0002230374706458    0.0000116233301588    0.0014113499922236
  0.0647506402004029    0.0002066094390289    0.0000120728805069    0.0014184067421847
  0.0650743934014049    0.0002337047848947    0.0000121578026861    0.0014254987758956
  0.0653997653684119    0.0002375123334860    0.0000125985049707    0.0014326262697751
  0.0657267641952540    0.0002263610832644    0.0000123388092332    0.0014397894011240
  0.0660553980162302    0.0002144753605319    0.0000121403158726    0.0014469883481296
  0.0663856750063114    0.0002313072185133    0.0000123966466041    0.0014542232898703
  0.0667176033813429    0.0002425832073558    0.0000120056366589    0.0014614944063196
  0.0670511913982496    0.0002181441497316    0.0000118419874872    0.0014688018783512
  0.0673864473552409    0.0002461627701778    0.0000117117658294    0.0014761458877430
  0.0677233795920171    0.0002402053075868    0.0000123665876707    0.0014835266171817
  0.0680619964899772    0.0002584871641281    0.0000120449232659    0.0014909442502676
  0.0684023064724270    0.0002554639643216    0.0000122407021885    0.0014983989715189
  0.0687443180047892    0.0002258682472793    0.0000117696666270    0.0015058909663765
  0.0690880395948131    0.0002424874123298    0.0000116105210332    0.0015134204212084
  0.0694334797927871    0.0002325408044970    0.0000110129007532    0.0015209875233144
  0.0697806471917511    0.0002599944495448    0.0000116482149218    0.0015285924609310
  0.0701295504277098    0.0002444894274249    0.0000117518531276    0.0015362354232357
  0.0704801981798484    0.0002440925729609    0.0000118540605956    0.0015439166003518
  0.0708325991707476    0.0002328795640257    0.0000111242946564    0.0015516361833536
  0.0711867621666013    0.0002322419705576    0.0000110569420093    0.0015593943642704
  0.0715426959774343    0.0001917927106125    0.0000102474715886    0.0015671913360917
  0.0719004094573215    0.0002179995316365    0.0000104409772746    0.0015750272927722
  0.0722599115046081    0.0002099799347428    0.0000108102784235    0.0015829024292360
  0.0726212110621311    0.0001877275869116    0.0000104526449137    0.0015908169413822
  0.0729843171174418    0.0001925472523360    0.0000101655017559    0.0015987710260891
  0.0733492387030290    0.0001940517037491    0.0000098494150029    0.0016067648812196
  0.0737159848965441    0.0001775250110172    0.0000098770536867    0.0016147987056257
  0.0740845648210268    0.0001610967288194    0.0000097008074791    0.0016228726991538
  0.0744549876451319    0.0001522553922433    0.0000092452075985    0.0016309870626496
  0.0748272625833576    0.0001604673062220    0.0000093540127002    0.0016391419979628
  0.0752013988962744    0.0001494965364700    0.0000092243097799    0.0016473377079526
  0.0755774058907557    0.0001387468829229    0.0000085839744058    0.0016555743964924
  0.0759552929202095    0.0001343609627343    0.0000087510037008    0.0016638522684749
  0.0763350693848105    0.0001378532408555    0.0000091294742427    0.0016721715298172
  0.0767167447317346    0.0001325450461545    0.0000084539218169    0.0016805323874663
  0.0771003284553933    0.0001428821741731    0.0000089738035566    0.0016889350494037
  0.0774858300976702    0.0001177757788505    0.0000087050687629    0.0016973797246507
  0.0778732592481586    0.0001218083339001    0.0000081559077408    0.0017058666232739
  0.0782626255443993    0.0001112039550203    0.0000088375274466    0.0017143959563903
  0.0786539386721213    0.0001011732684196    0.0000083118237912    0.0017229679361722
  0.0790472083654819    0.0001146854909027    0.0000083786186117    0.0017315827758531
  0.0794424444073093    0.0001042855184507    0.0000079038240115    0.0017402406897324
  0.0798396566293459    0.0001080321919982    0.0000080187406965    0.0017489418931810
  0.0802388549124926    0.0001147194474852    0.0000083039297107    0.0017576866026469
  0.0806400491870551    0.0001181799442521    0.0000084525412847    0.0017664750356602
  0.0810432494329903    0.0001180636409365    0.0000082346764889    0.0017753074108385
  0.0814484656801553    0.0001115330304034    0.0000079906830668    0.0017841839478927
  0.0818557080085560    0.0001083169969667    0.0000081078127742    0.0017931048676321
  0.0822649865485988    0.0001243548199891    0.0000080280457018    0.0018020703919703
  0.0826763114813418    0.0001213336459203    0.0000080485153923    0.0018110807439301
  0.0830896930387485    0.0001080522362283    0.0000082196716893    0.0018201361476498
  0.0835051415039422    0.0001078618048720    0.0000084411773119    0.0018292368283880
  0.0839226672114619    0.0001099934094743    0.0000082832349337    0.0018383830125300
  0.0843422805475192    0.0001041007589216    0.0000077998934992    0.0018475749275926
  0.0847639919502568    0.0001017370228279    0.0000081261363958    0.0018568128022306
  0.0851878119100081    0.0001055952634910    0.0000082434342082    0.0018660968662417
  0.0856137509695581    0.0001196364992934    0.0000083344127145    0.0018754273505730
  0.0860418197244059    0.0001011380802268    0.0000079598191929    0.0018848044873258
  0.0864720288230279    0.0001005309014784    0.0000075834147874    0.0018942285097624
  0.0869043889671431    0.0000829717340092    0.0000074330459477    0.0019036996523113
  0.0873389109119788    0.0000942090982681    0.0000075228270770    0.0019132181505728
  0.0877756054665386    0.0000867931279560    0.0000075896711351    0.0019227842413257
  0.0882144834938713    0.0000770295330088    0.0000073442147684    0.0019323981625323
  0.0886555559113407    0.0000817245349609    0.0000072789137458    0.0019420601533450
  0.0890988336908974    0.0000710391861534    0.0000072789893001    0.0019517704541117
  0.0895443278593518    0.0000765864744732    0.0000074660330031    0.0019615293063822
  0.0899920494986486    0.0000782115796019    0.0000073795791724    0.0019713369529142
  0.0904420097461418    0.0000812552435954    0.0000073983399105    0.0019811936376787
  0.0908942197948725    0.0000760454398287    0.0000072286568045    0.0019910996058671
  0.0913486908938469    0.0000710800796410    0.0000073232050229    0.0020010551038965
  0.0918054343483161    0.0000737216703192    0.0000071377224252    0.0020110603794159
  0.0922644615200577    0.0000622274982833    0.0000072689970728    0.0020211156813130
  0.0927257838276579    0.0000669860991229    0.0000074628006045    0.0020312212597196
  0.0931894127467962    0.0000758718196583    0.0000075461358840    0.0020413773660182
  0.0936553598105302    0.0000522716477737    0.0000077208430069    0.0020515842528483
  0.0941236366095829    0.0000467809041006    0.0000067332272460    0.0020618421741125
  0.0945942547926308    0.0000783629097652    0.0000073286081666    0.0020721513849831
  0.0950672260665939    0.0000725340772729    0.0000070818791807    0.0020825121419080
