# Experiment IPTS-36897 Run 226587
# Reduction 2.9.0rc3
# Run title: Sample1_post_D2O-only-226587-1.
# Run start time: 2026-03-28T12:32:11.503296667
# Reduction time: Sat Mar 28 08:37:05 2026
# Q summing: False
# TOF weighted: False
# Bck in Q: False
# Theta offset: 0.0
# Stitching type: None
# DataRun   NormRun   TwoTheta(deg)  LambdaMin(A)   LambdaMax(A) Qmin(1/A)    Qmax(1/A)    SF_A         SF_B          SF
# 226587    226559    0.740768       2.74975        9.4987       0.0085       0.0295       4.0          0            1.0         
# 226588    226560    2.40011        2.74978        9.49867      0.0277       0.0957       25.0         0            1.0         
# 226589    226561    7.00053        2.74977        9.49868      0.0807       0.2790       196.0        0            1.0         
# Q [1/Angstrom]        R                     dR                    dQ [FWHM]            
  0.0085899187375132    1.1048306277534656    0.0970776319761399    0.0001887599794206
  0.0086328683312008    0.9695202454655166    0.0646863109970110    0.0001897037793177
  0.0086760326728568    0.9629602273354296    0.0636193237973680    0.0001906522982143
  0.0087194128362210    1.0597136825284232    0.0731052270818438    0.0001916055597054
  0.0087630099004021    0.9037183840055473    0.0582836827238522    0.0001925635875039
  0.0088068249499042    1.0263369827707958    0.0671724887560263    0.0001935264054414
  0.0088508590746537    0.9713274015099417    0.0619902392764701    0.0001944940374686
  0.0088951133700269    0.9969593292862774    0.0647392471696076    0.0001954665076560
  0.0089395889368771    1.0165644595690579    0.0639310703629299    0.0001964438401943
  0.0089842868815615    0.9417527500815907    0.0571700029999952    0.0001974260593952
  0.0090292083159693    1.0149574362907767    0.0616278255973953    0.0001984131896922
  0.0090743543575491    1.0663478555566970    0.0655655528941640    0.0001994052556407
  0.0091197261293369    1.0765060597877338    0.0682488556148305    0.0002004022819189
  0.0091653247599835    1.1354701071595934    0.0713258087632843    0.0002014042933285
  0.0092111513837835    0.9498934307738175    0.0543949899600787    0.0002024113147951
  0.0092572071407024    1.0587624993097173    0.0626843258980244    0.0002034233713691
  0.0093034931764059    1.1242978011702898    0.0677846819333847    0.0002044404882259
  0.0093500106422879    1.1475585725373783    0.0690303270727269    0.0002054626906671
  0.0093967606954993    1.0849723734603973    0.0611812656094967    0.0002064900041204
  0.0094437444989768    0.9830175201412367    0.0531606327062361    0.0002075224541410
  0.0094909632214717    1.0142500254651634    0.0556929995974095    0.0002085600664117
  0.0095384180375791    0.9079469689278672    0.0476005005922062    0.0002096028667438
  0.0095861101277670    0.9535230334830708    0.0519172817079019    0.0002106508810775
  0.0096340406784058    1.0898719675330573    0.0586286239727234    0.0002117041354829
  0.0096822108817978    1.0042127986884868    0.0516760986524056    0.0002127626561603
  0.0097306219362068    0.9514619506566440    0.0487695470426635    0.0002138264694411
  0.0097792750458879    1.0343996114794420    0.0542574851444765    0.0002148956017883
  0.0098281714211173    1.0284072950407293    0.0530869034036502    0.0002159700797972
  0.0098773122782229    0.9829259284583098    0.0488665926057859    0.0002170499301962
  0.0099266988396140    0.9972694923267768    0.0493914296021214    0.0002181351798472
  0.0099763323338121    1.0040655678646448    0.0498075041296248    0.0002192258557464
  0.0100262139954811    1.0261772481059905    0.0522927199276542    0.0002203219850252
  0.0100763450654585    0.9713836899543407    0.0458781249577664    0.0002214235949503
  0.0101267267907858    1.0294895136562843    0.0495962140261260    0.0002225307129250
  0.0101773604247398    1.0343452707670786    0.0493324167104439    0.0002236433664897
  0.0102282472268634    0.9166218369585731    0.0412194132708269    0.0002247615833221
  0.0102793884629978    0.9026397921961434    0.0396395160418408    0.0002258853912387
  0.0103307854053128    0.9685643342822777    0.0442611864826555    0.0002270148181949
  0.0103824393323393    0.9755146638725767    0.0447289188223459    0.0002281498922859
  0.0104343515290010    0.9425810246786029    0.0411613833636190    0.0002292906417473
  0.0104865232866460    1.0069351358961001    0.0447357816561991    0.0002304370949561
  0.0105389559030792    0.9429214393539830    0.0401293240753880    0.0002315892804308
  0.0105916506825946    0.9216230800597455    0.0387350264040893    0.0002327472268330
  0.0106446089360076    1.0368939233929320    0.0452959671712318    0.0002339109629672
  0.0106978319806876    0.9747585842084059    0.0412865118920257    0.0002350805177820
  0.0107513211405911    0.9264162887832122    0.0368330528534650    0.0002362559203709
  0.0108050777462940    0.9644477055327113    0.0388794453997325    0.0002374371999728
  0.0108591031350255    0.9263193896617551    0.0364929523147879    0.0002386243859726
  0.0109133986507006    0.9697224090171417    0.0384427417488826    0.0002398175079025
  0.0109679656439541    0.9871374684278216    0.0394669991298999    0.0002410165954420
  0.0110228054721739    1.0242319473519510    0.0412255510190667    0.0002422216784192
  0.0110779194995348    1.0559266664379108    0.0421509697450046    0.0002434327868113
  0.0111333090970324    0.9922432351937789    0.0379271256073830    0.0002446499507454
  0.0111889756425176    0.9900891769800366    0.0377836958426987    0.0002458732004991
  0.0112449205207302    0.9824555992689317    0.0368844032192798    0.0002471025665016
  0.0113011451233338    1.0168550376138450    0.0377383855403843    0.0002483380793341
  0.0113576508489505    1.0188568987314670    0.0377515779432968    0.0002495797697308
  0.0114144391031953    0.9764660029003055    0.0353286183849940    0.0002508276685794
  0.0114715112987112    0.9654665782588532    0.0340865965263226    0.0002520818069223
  0.0115288688552048    0.9724786129398837    0.0341109113758622    0.0002533422159569
  0.0115865131994808    0.9674060080996487    0.0337070294492554    0.0002546089270367
  0.0116444457654782    0.9879174881498545    0.0340607269785557    0.0002558819716719
  0.0117026679943056    0.9864017734376631    0.0340416364677172    0.0002571613815303
  0.0117611813342771    0.9493588808624068    0.0317835662823716    0.0002584471884379
  0.0118199872409485    1.0168733752010031    0.0345081689125975    0.0002597394243801
  0.0118790871771533    0.9863783324930449    0.0329395839649026    0.0002610381215020
  0.0119384826130390    0.9456515707082579    0.0305506158143285    0.0002623433121095
  0.0119981750261042    0.9249558657188399    0.0295192001081599    0.0002636550286701
  0.0120581659012347    0.9246660905532822    0.0291592866049926    0.0002649733038134
  0.0121184567307409    0.9741607897738223    0.0311589013573441    0.0002662981703325
  0.0121790490143946    0.9922347612822966    0.0313475068261658    0.0002676296611841
  0.0122399442594666    0.9693436552938832    0.0303186946500915    0.0002689678094901
  0.0123011439807639    0.9535030185184045    0.0290625280906021    0.0002703126485375
  0.0123626497006677    0.9450509925099007    0.0287177355873962    0.0002716642117802
  0.0124244629491711    0.9739025984036632    0.0293275206861113    0.0002730225328391
  0.0124865852639169    0.9067488132555792    0.0268948490367160    0.0002743876455033
  0.0125490181902365    0.9314279068438812    0.0272490407216464    0.0002757595837308
  0.0126117632811877    0.9131590958099639    0.0264022075703822    0.0002771383816495
  0.0126748220975936    1.0044390526920242    0.0302212065051407    0.0002785240735577
  0.0127381962080816    0.9610651021762469    0.0282048100512195    0.0002799166939255
  0.0128018871891220    0.9884112658480857    0.0291400829475259    0.0002813162773951
  0.0128658966250676    0.9650475950609729    0.0281598771292097    0.0002827228587821
  0.0129302261081930    0.8909764971604217    0.0249526836283754    0.0002841364730760
  0.0129948772387339    0.9374306304110772    0.0263380277852155    0.0002855571554414
  0.0130598516249276    0.9149445933141769    0.0255041545129065    0.0002869849412186
  0.0131251508830522    0.9316333178724737    0.0260246542417827    0.0002884198659247
  0.0131907766374675    0.9552570830084324    0.0267239173480209    0.0002898619652543
  0.0132567305206548    0.9075248296079241    0.0245367535570812    0.0002913112750806
  0.0133230141732581    0.9162842224928008    0.0247208825329660    0.0002927678314560
  0.0133896292441244    0.9065193551943215    0.0241920456779274    0.0002942316706133
  0.0134565773903450    0.9222286272736574    0.0243050314429567    0.0002957028289663
  0.0135238602772967    0.9289540460275536    0.0245641127694437    0.0002971813431112
  0.0135914795786832    0.9380825641453754    0.0246091020782518    0.0002986672498267
  0.0136594369765766    0.9341233687853330    0.0240553879225450    0.0003001605860758
  0.0137277341614595    0.9329066081030869    0.0238459337672759    0.0003016613890062
  0.0137963728322668    0.9206887512656486    0.0231710539872027    0.0003031696959513
  0.0138653546964281    0.9266404402095439    0.0233683088223728    0.0003046855444310
  0.0139346814699103    0.9158054193475101    0.0224162146755541    0.0003062089721532
  0.0140043548772598    0.9648889113769086    0.0241664458739171    0.0003077400170139
  0.0140743766516461    0.9006544744088850    0.0215839557356824    0.0003092787170990
  0.0141447485349043    0.9170328446401714    0.0218931022840673    0.0003108251106845
  0.0142154722775789    0.8674332259271252    0.0203268174938975    0.0003123792362379
  0.0142865496389668    0.8910356600511387    0.0208421574993670    0.0003139411324191
  0.0143579823871616    0.8814035960163559    0.0205906045829865    0.0003155108380812
  0.0144297722990974    0.9135047028921083    0.0212832895927910    0.0003170883922716
  0.0145019211605929    0.9014952236683572    0.0209237276578163    0.0003186738342330
  0.0145744307663958    0.8850821416915268    0.0204157981899064    0.0003202672034041
  0.0146473029202278    0.8596351552050571    0.0196083104195149    0.0003218685394212
  0.0147205394348290    0.8615793939652824    0.0197714147529467    0.0003234778821183
  0.0147941421320031    0.8497784097754296    0.0191425977482778    0.0003250952715289
  0.0148681128426631    0.8192663165377455    0.0184201499413016    0.0003267207478865
  0.0149424534068764    0.8205863346617873    0.0187389066741769    0.0003283543516259
  0.0150171656739108    0.7749030112771109    0.0171603337241998    0.0003299961233841
  0.0150922515022804    0.7455216495383010    0.0165843801242260    0.0003316461040010
  0.0151677127597918    0.7479585380808825    0.0170250399747829    0.0003333043345210
  0.0152435513235907    0.7368920006062765    0.0171518866299907    0.0003349708561936
  0.0153197690802087    0.6631799940521279    0.0146504953680646    0.0003366457104746
  0.0153963679256097    0.6551865366878012    0.0141923748713200    0.0003383289390269
  0.0154733497652378    0.6126678395733202    0.0129580490574339    0.0003400205837221
  0.0155507165140639    0.5965777809586308    0.0127412809181887    0.0003417206866407
  0.0156284700966343    0.5710191520806673    0.0122282971780821    0.0003434292900739
  0.0157066124471174    0.5271481918861691    0.0110860331293181    0.0003451464365243
  0.0157851455093530    0.5402892397771361    0.0116705020250975    0.0003468721687069
  0.0158640712368998    0.4830671780945453    0.0101427037575925    0.0003486065295504
  0.0159433915930843    0.4765184306115386    0.0101632865931719    0.0003503495621982
  0.0160231085510497    0.4435613321725007    0.0094524711786834    0.0003521013100091
  0.0161032240938049    0.4071251512648922    0.0087390370042405    0.0003538618165592
  0.0161837402142740    0.3604708823163150    0.0077134428160716    0.0003556311256420
  0.0162646589153453    0.3449546852523116    0.0073984979739247    0.0003574092812702
  0.0163459822099221    0.3405802675880087    0.0073612064507461    0.0003591963276766
  0.0164277121209717    0.3453841801611659    0.0074959980291302    0.0003609923093149
  0.0165098506815765    0.3169346678768570    0.0068073805290732    0.0003627972708615
  0.0165923999349844    0.2997215844625660    0.0066954968905736    0.0003646112572158
  0.0166753619346593    0.2857900775441268    0.0064259209289049    0.0003664343135019
  0.0167587387443326    0.2689183483835165    0.0058707312438884    0.0003682664850694
  0.0168425324380543    0.2465852623219664    0.0051813876024145    0.0003701078174948
  0.0169267451002446    0.2463126907189279    0.0052197538436388    0.0003719583565822
  0.0170113788257458    0.2356104160208170    0.0050360543197775    0.0003738181483651
  0.0170964357198745    0.2266623692051001    0.0047976981428671    0.0003756872391070
  0.0171819178984739    0.2131763658182491    0.0045336261234362    0.0003775656753025
  0.0172678274879662    0.2147241458958087    0.0046521073995710    0.0003794535036790
  0.0173541666254061    0.2175125626433680    0.0046641496332186    0.0003813507711974
  0.0174409374585331    0.2037835468701078    0.0044284884132047    0.0003832575250534
  0.0175281421458258    0.2047767521429801    0.0044572104232265    0.0003851738126787
  0.0176157828565549    0.1950331544863997    0.0042455576956104    0.0003870996817421
  0.0177038617708377    0.2087670300214733    0.0045308295212761    0.0003890351801508
  0.0177923810796918    0.1863798847041024    0.0040274833140113    0.0003909803560515
  0.0178813429850903    0.1911054274354406    0.0041225003461861    0.0003929352578318
  0.0179707497000158    0.1874275789754022    0.0040227830226238    0.0003948999341209
  0.0180606034485158    0.1809773598674170    0.0039073728711620    0.0003968744337915
  0.0181509064657584    0.1776494831382433    0.0038302977406743    0.0003988588059605
  0.0182416609980872    0.1756461329454091    0.0038210768108769    0.0004008530999903
  0.0183328693030776    0.1661470739654894    0.0035617783339866    0.0004028573654902
  0.0184245336495930    0.1650269123287192    0.0036240334045545    0.0004048716523177
  0.0185166563178410    0.1570750107670033    0.0034151472584058    0.0004068960105793
  0.0186092395994302    0.1678629820577208    0.0036964791813671    0.0004089304906322
  0.0187022857974273    0.1527267448918256    0.0033311909506172    0.0004109751430853
  0.0187957972264145    0.1399581296351981    0.0030810515923259    0.0004130300188008
  0.0188897762125465    0.1351005471746361    0.0030659139492440    0.0004150951688948
  0.0189842250936093    0.1322584038107479    0.0029972687586477    0.0004171706447392
  0.0190791462190773    0.1265974490178056    0.0029042256536207    0.0004192564979629
  0.0191745419501727    0.1188859363713223    0.0027242418219564    0.0004213527804528
  0.0192704146599236    0.1096593723168893    0.0026374476228380    0.0004234595443550
  0.0193667667332232    0.0998306920960048    0.0024356404935491    0.0004255768420768
  0.0194636005668893    0.1016081289154587    0.0024536821605570    0.0004277047262872
  0.0195609185697237    0.0875063183540570    0.0021879068386940    0.0004298432499186
  0.0196587231625724    0.0819617599357923    0.0021350006431838    0.0004319924661682
  0.0197570167783852    0.0770098009609708    0.0020020977480203    0.0004341524284991
  0.0198558018622771    0.0708704248778057    0.0019447118264953    0.0004363231906415
  0.0199550808715885    0.0644631662494962    0.0018361299351650    0.0004385048065948
  0.0200548562759465    0.0570859831964564    0.0017305806784254    0.0004406973306277
  0.0201551305573262    0.0554812613942329    0.0017691481931841    0.0004429008172809
  0.0202559062101128    0.0497619843186953    0.0016815280199117    0.0004451153213673
  0.0203571857411634    0.0433310755461684    0.0015125472507393    0.0004473408979741
  0.0204589716698692    0.0406617444715559    0.0014624657809011    0.0004495776024640
  0.0205612665282185    0.0354498517423333    0.0013477942967806    0.0004518254904763
  0.0206640728608596    0.0333701898026104    0.0013124164372002    0.0004540846179287
  0.0207673932251639    0.0310795805469462    0.0012828964200364    0.0004563550410183
  0.0208712301912897    0.0244420005546158    0.0011027922818214    0.0004586368162234
  0.0209755863422462    0.0242165477657886    0.0011625885295939    0.0004609300003045
  0.0210804642739574    0.0213011053370401    0.0011339081126912    0.0004632346503061
  0.0211858665953272    0.0194190496851848    0.0010276852954873    0.0004655508235576
  0.0212917959283038    0.0200167657222489    0.0010358537032526    0.0004678785776754
  0.0213982549079454    0.0161261231200964    0.0009823091956729    0.0004702179705638
  0.0215052461824851    0.0170150421562838    0.0009727948934337    0.0004725690604166
  0.0216127724133975    0.0147462297869663    0.0008997845022761    0.0004749319057187
  0.0217208362754645    0.0133048605501274    0.0008496553863337    0.0004773065652472
  0.0218294404568418    0.0137053853219296    0.0008551743496201    0.0004796930980735
  0.0219385876591260    0.0154193209221459    0.0008845421604381    0.0004820915635638
  0.0220482805974216    0.0132683335222414    0.0008454883599069    0.0004845020213817
  0.0221585220004087    0.0136552987808117    0.0008520567657100    0.0004869245314886
  0.0222693146104108    0.0129747835484236    0.0008572748357751    0.0004893591541460
  0.0223806611834628    0.0107786208017722    0.0008216682156484    0.0004918059499167
  0.0224925644893802    0.0118255766591996    0.0007661514324828    0.0004942649796663
  0.0226050273118271    0.0119404286284387    0.0007902811446395    0.0004967363045647
  0.0227180524483862    0.0118121284082409    0.0008023445415831    0.0004992199860875
  0.0228316427106281    0.0120558272529292    0.0008008057662517    0.0005017160860179
  0.0229458009241813    0.0114423602606614    0.0007317540915368    0.0005042246664480
  0.0230605299288022    0.0116740610104820    0.0007452614173291    0.0005067457897803
  0.0231758325784462    0.0116432994297423    0.0007406500969544    0.0005092795187292
  0.0232917117413384    0.0121123461604331    0.0007304098803812    0.0005118259163228
  0.0234081703000451    0.0118557627940006    0.0006973329896223    0.0005143850459044
  0.0235252111515453    0.0102648305597223    0.0006719609565719    0.0005169569711339
  0.0236428372073030    0.0114875347523538    0.0006659767767343    0.0005195417559896
  0.0237610513933395    0.0099496385964010    0.0006811063903193    0.0005221394647696
  0.0238798566503062    0.0109586839272113    0.0007055154327610    0.0005247501620934
  0.0239992559335578    0.0115250326135730    0.0007055825738338    0.0005273739129039
  0.0241192522132255    0.0096455027415007    0.0007006016956297    0.0005300107824684
  0.0242398484742917    0.0100071788331351    0.0006853666304068    0.0005326608363807
  0.0243610477166631    0.0105000304841926    0.0006788787626375    0.0005353241405626
  0.0244828529552464    0.0105426062712162    0.0006693511808744    0.0005380007612654
  0.0246052672200227    0.0105481852576695    0.0006653827081027    0.0005406907650718
  0.0247282935561228    0.0097813940394814    0.0006622334918775    0.0005433942188971
  0.0248519350239034    0.0105017895263781    0.0006556461157936    0.0005461111899916
  0.0249761946990229    0.0114477128384290    0.0006548450565322    0.0005488417459416
  0.0251010756725180    0.0124448776374728    0.0006581995926660    0.0005515859546713
  0.0252265810508806    0.0109068360136266    0.0006467018448249    0.0005543438844446
  0.0253527139561350    0.0106826848181729    0.0006549224608416    0.0005571156038669
  0.0254794775259157    0.0109871621049694    0.0006395212588119    0.0005599011818862
  0.0256068749135453    0.0124780763912700    0.0006499336785922    0.0005627006877956
  0.0257349092881130    0.0136422440499218    0.0006602448507633    0.0005655141912346
  0.0258635838345535    0.0134122753037970    0.0006619699107727    0.0005683417621908
  0.0259929017537263    0.0126560240287736    0.0006012682169624    0.0005711834710017
  0.0261228662624949    0.0122996404843377    0.0006311929937307    0.0005740393883567
  0.0262534805938074    0.0130992921434465    0.0006596226801222    0.0005769095852985
  0.0263847479967764    0.0132131244008997    0.0006543707303879    0.0005797941332250
  0.0265166717367603    0.0138947197654383    0.0006441420194460    0.0005826931038911
  0.0266492550954441    0.0118574254415838    0.0006319831895990    0.0005856065694106
  0.0267825013709213    0.0130256853658824    0.0006349767525067    0.0005885346022577
  0.0269164138777759    0.0125895757529919    0.0005926120006187    0.0005914772752689
  0.0270509959471648    0.0125631544883109    0.0006059183735572    0.0005944346616453
  0.0271862509269006    0.0126885166993977    0.0006289491551819    0.0005974068349535
  0.0273221821815351    0.0130623322617396    0.0006538705665546    0.0006003938691283
  0.0274587930924428    0.0125047639522978    0.0006196233965077    0.0006033958384739
  0.0275960870579050    0.0121204166599806    0.0006221780418468    0.0006064128176663
  0.0277340674931945    0.0116372533546081    0.0005920231248602    0.0006094448817546
  0.0278727378306605    0.0116236395642982    0.0005948251873155    0.0006124921061634
  0.0280121015198138    0.0101988603557935    0.0006902668995963    0.0006139482515537
  0.0280121015198138    0.0114783051127306    0.0005852515562360    0.0006155545666942
  0.0281521620274129    0.0099583099512588    0.0006496121363675    0.0006170179928115
  0.0281521620274129    0.0119032160506078    0.0005635005027360    0.0006186323395277
  0.0282929228375499    0.0108566003966413    0.0005648723865772    0.0006217255012253
  0.0282929228375499    0.0090603958521093    0.0006109486106149    0.0006201030827756
  0.0284343874517377    0.0079520856810625    0.0005468287795454    0.0006232035981894
  0.0284343874517377    0.0098809478974859    0.0005474191366236    0.0006248341287314
  0.0285765593889964    0.0094999459182057    0.0005897966166127    0.0006279582993751
  0.0285765593889964    0.0076535689785312    0.0005249230372220    0.0006263196161804
  0.0287194421859414    0.0076887325434420    0.0005356928644588    0.0006294512142613
  0.0287194421859414    0.0091027935559547    0.0005326092629750    0.0006310980908720
  0.0288630393968711    0.0071283476672904    0.0004810335104540    0.0006325984703326
  0.0288630393968711    0.0076552685421078    0.0005377890014899    0.0006342535813263
  0.0290073545938554    0.0073650701993962    0.0005103188782699    0.0006357614626842
  0.0290073545938554    0.0071876079394426    0.0005013717708217    0.0006374248492330
  0.0291523913668247    0.0077952616563378    0.0004676322219888    0.0006406119734791
  0.0291523913668247    0.0066488508903007    0.0004560628741916    0.0006389402699977
  0.0292981533236588    0.0061792754854569    0.0004260031429214    0.0006421349713477
  0.0292981533236588    0.0066563462200974    0.0004499196673560    0.0006438150333465
  0.0294446440902771    0.0059237982877843    0.0004088046704116    0.0006453456462044
  0.0294446440902771    0.0072139443077792    0.0004532050973250    0.0006470341085133
  0.0295918673107285    0.0056903123255315    0.0003896469746795    0.0006485723744354
  0.0297398266472821    0.0050479896753211    0.0003513790702022    0.0006518152363076
  0.0298885257805185    0.0050443755338996    0.0003614747678137    0.0006550743124891
  0.0300379684094211    0.0048833169529292    0.0003400132454857    0.0006583496840516
  0.0301881582514682    0.0050772399460899    0.0003511342077083    0.0006616414324718
  0.0303390990427256    0.0050827679495264    0.0003553821000996    0.0006649496396342
  0.0304907945379392    0.0042408969902193    0.0003100094148823    0.0006682743878324
  0.0306432485106289    0.0047348831512648    0.0003408347522744    0.0006716157597715
  0.0307964647531820    0.0039803715085856    0.0002777587925385    0.0006749738385704
  0.0309504470769479    0.0038302648510650    0.0002844847871063    0.0006783487077632
  0.0311051993123327    0.0035878205420955    0.0002631001208800    0.0006817404513021
  0.0312607253088943    0.0038757840430168    0.0002847083296996    0.0006851491535586
  0.0314170289354388    0.0036993339397357    0.0002650431072649    0.0006885748993264
  0.0315741140801160    0.0030881995544291    0.0002383322538106    0.0006920177738230
  0.0317319846505165    0.0028899772090028    0.0002145364493860    0.0006954778626921
  0.0318906445737691    0.0026673706962253    0.0002176956538283    0.0006989552520056
  0.0320500977966380    0.0026670866815073    0.0002170160655532    0.0007024500282656
  0.0322103482856212    0.0023736749937003    0.0001975495218502    0.0007059622784069
  0.0323714000270493    0.0017538627772415    0.0001663652631066    0.0007094920897990
  0.0325332570271845    0.0017523900803632    0.0001594270510335    0.0007130395502479
  0.0326959233123204    0.0014718466252497    0.0001498757121258    0.0007166047479992
  0.0328594029288820    0.0012113733247906    0.0001382131938578    0.0007201877717392
  0.0330236999435264    0.0012613189972590    0.0001340036675240    0.0007237887105979
  0.0331888184432441    0.0008818603828773    0.0001256827926358    0.0007274076541509
  0.0333547625354603    0.0007845617861313    0.0001195131629033    0.0007310446924216
  0.0335215363481376    0.0008732097444712    0.0001154498925981    0.0007346999158837
  0.0336891440298783    0.0006278884975145    0.0001033078927859    0.0007383734154632
  0.0338575897500276    0.0007900925008589    0.0001152929957839    0.0007420652825405
  0.0340268776987778    0.0008114049899501    0.0001170317652490    0.0007457756089532
  0.0341970120872717    0.0007812938042821    0.0001040805689602    0.0007495044869979
  0.0343679971477080    0.0007494454602035    0.0000995597603742    0.0007532520094329
  0.0345398371334466    0.0006557917883037    0.0000994440809382    0.0007570182694801
  0.0347125363191138    0.0006221210186912    0.0000957017735414    0.0007608033608275
  0.0348860990007094    0.0008777919396152    0.0001051001446160    0.0007646073776316
  0.0350605294957129    0.0008635514342758    0.0001041254250066    0.0007684304145198
  0.0352358321431915    0.0010721121429650    0.0001035346500395    0.0007722725665924
  0.0354120113039074    0.0008594463376757    0.0000898303728312    0.0007761339294253
  0.0355890713604269    0.0010741880304134    0.0001005685863463    0.0007800145990725
  0.0357670167172291    0.0007992730322393    0.0000966642180149    0.0007839146720678
  0.0359458518008152    0.0008572738609333    0.0001048639616755    0.0007878342454282
  0.0361255810598193    0.0011093148585694    0.0001030142329175    0.0007917734166553
  0.0363062089651184    0.0010659189245288    0.0000971547193983    0.0007957322837386
  0.0364877400099440    0.0008383167020935    0.0000932038992291    0.0007997109451573
  0.0366701787099937    0.0010476490366723    0.0000979394463237    0.0008037094998831
  0.0368535296035436    0.0010705884629233    0.0000978186009419    0.0008077280473825
  0.0370377972515614    0.0009337108541622    0.0000851955457051    0.0008117666876194
  0.0372229862378192    0.0011718180751877    0.0000932019444498    0.0008158255210575
  0.0374091011690083    0.0009456894501116    0.0000878689372563    0.0008199046486628
  0.0375961466748533    0.0010058284042707    0.0000880892561964    0.0008240041719061
  0.0377841274082275    0.0009701440224542    0.0000811384190821    0.0008281241927656
  0.0379730480452687    0.0011528904351211    0.0000881853808134    0.0008322648137295
  0.0381629132854950    0.0011384946721788    0.0000893152204778    0.0008364261377981
  0.0383537278519225    0.0012583718629278    0.0000944454638600    0.0008406082684871
  0.0385454964911821    0.0011448403438464    0.0000821588147422    0.0008448113098295
  0.0387382239736380    0.0010527265912676    0.0000898794085138    0.0008490353663787
  0.0389319150935062    0.0011971903678548    0.0000913490636668    0.0008532805432106
  0.0391265746689737    0.0011840199565796    0.0000893971715066    0.0008575469459266
  0.0393222075423186    0.0012004040228176    0.0000857831010267    0.0008618346806563
  0.0395188185800302    0.0011116280049301    0.0000827641054059    0.0008661438540595
  0.0397164126729303    0.0012126719599126    0.0000825723802616    0.0008704745733298
  0.0399149947362950    0.0010908325328758    0.0000790466704438    0.0008748269461965
  0.0401145697099764    0.0012382212265671    0.0000816979357551    0.0008792010809275
  0.0403151425585263    0.0010894326093756    0.0000812244772899    0.0008835970863321
  0.0405167182713189    0.0010428458261332    0.0000775131737218    0.0008880150717638
  0.0407193018626755    0.0010905665600294    0.0000779748144760    0.0008924551471226
  0.0409228983719889    0.0011315977578541    0.0000760521902990    0.0008969174228582
  0.0411275128638489    0.0009493788568074    0.0000690885556276    0.0009014020099725
  0.0413331504281681    0.0011173758783087    0.0000725223079664    0.0009059090200223
  0.0415398161803089    0.0009655241319253    0.0000715047962267    0.0009104385651225
  0.0417475152612105    0.0009846781834849    0.0000648877488011    0.0009149907579481
  0.0419562528375165    0.0008378424646224    0.0000651172928720    0.0009195657117378
  0.0421660341017041    0.0007411883799222    0.0000610489551065    0.0009241635402965
  0.0423768642722126    0.0007198586996104    0.0000599007722795    0.0009287843579980
  0.0425887485935737    0.0006301925628574    0.0000584551356291    0.0009334282797880
  0.0428016923365415    0.0006771785361178    0.0000561823496618    0.0009380954211869
  0.0430157007982242    0.0006543262195738    0.0000526348428536    0.0009427858982928
  0.0432307793022154    0.0004986724179340    0.0000489958510811    0.0009474998277843
  0.0434469331987264    0.0005269263111376    0.0000531234062011    0.0009522373269232
  0.0436641678647200    0.0005938582000605    0.0000527768841924    0.0009569985135578
  0.0438824887040437    0.0005535440470629    0.0000489979165315    0.0009617835061256
  0.0441019011475639    0.0003953343935243    0.0000430229001398    0.0009665924236563
  0.0443224106533017    0.0004415428075102    0.0000445318325187    0.0009714253857745
  0.0445440227065682    0.0003997968973292    0.0000405986519094    0.0009762825127034
  0.0447667428201010    0.0003414658564744    0.0000412737247569    0.0009811639252669
  0.0449905765342015    0.0003533306478673    0.0000406016013776    0.0009860697448933
  0.0452155294168725    0.0002643889449789    0.0000383387977057    0.0009910000936177
  0.0454416070639569    0.0002817386157043    0.0000395863078252    0.0009959550940858
  0.0456688150992767    0.0002914010025455    0.0000355308300406    0.0010009348695563
  0.0458971591747730    0.0002411887501301    0.0000358119916445    0.0010059395439040
  0.0461266449706469    0.0002412082206820    0.0000362706617919    0.0010109692416236
  0.0463572781955001    0.0002357292512769    0.0000331150731946    0.0010160240878317
  0.0465890645864776    0.0002449646563072    0.0000298284976445    0.0010211042082708
  0.0468220099094100    0.0000983556900857    0.0000302277455058    0.0010262097293122
  0.0470561199589570    0.0001295292711256    0.0000261477465417    0.0010313407779587
  0.0472914005587518    0.0001073147828823    0.0000294071260070    0.0010364974818485
  0.0475278575615456    0.0001417756055573    0.0000264927486015    0.0010416799692578
  0.0477654968493533    0.0001217028275529    0.0000273903479277    0.0010468883691041
  0.0480043243336001    0.0000695742548484    0.0000273579904720    0.0010521228109496
  0.0482443459552681    0.0001084057053509    0.0000242553036224    0.0010573834250043
  0.0484855676850444    0.0001165799125329    0.0000259371889150    0.0010626703421294
  0.0487279955234696    0.0001033100437676    0.0000243838145711    0.0010679836938400
  0.0489716355010870    0.0001108963459712    0.0000253347547890    0.0010733236123092
  0.0492164936785924    0.0001161493057301    0.0000275107012834    0.0010786902303708
  0.0494625761469853    0.0001501665450968    0.0000263731872921    0.0010840836815226
  0.0497098890277203    0.0000800893170682    0.0000237742410051    0.0010895040999302
  0.0499584384728589    0.0000772260872851    0.0000230242682176    0.0010949516204299
  0.0502082306652232    0.0001135974125788    0.0000231180291904    0.0011004263785320
  0.0504592718185493    0.0000904440711201    0.0000237642158961    0.0011059285104247
  0.0507115681776420    0.0001013522131067    0.0000244032109862    0.0011114581529768
  0.0509651260185302    0.0000873666337661    0.0000237553058044    0.0011170154437417
  0.0512199516486228    0.0001066876803954    0.0000200883036537    0.0011226005209604
  0.0514760514068660    0.0001701803696487    0.0000208782126020    0.0011282135235652
  0.0517334316639003    0.0001085264256097    0.0000249802968346    0.0011338545911830
  0.0519920988222198    0.0001572189643705    0.0000232688702039    0.0011395238641389
  0.0522520593163309    0.0001317853578647    0.0000231905823400    0.0011452214834596
  0.0525133196129125    0.0001439994522193    0.0000219798324505    0.0011509475908769
  0.0527758862109771    0.0001225254780599    0.0000230295083518    0.0011567023288313
  0.0530397656420320    0.0001372373536878    0.0000241043526982    0.0011624858404755
  0.0533049644702421    0.0001333897133839    0.0000214589624963    0.0011682982696778
  0.0535714892925933    0.0001201423023508    0.0000232804442187    0.0011741397610262
  0.0538393467390563    0.0001638552623593    0.0000247206465761    0.0011800104598314
  0.0541085434727516    0.0001357651980486    0.0000243415051835    0.0011859105121305
  0.0543790861901153    0.0001440304572299    0.0000218694423163    0.0011918400646912
  0.0546509816210659    0.0001510093710960    0.0000205306623835    0.0011977992650146
  0.0549242365291712    0.0001388081494453    0.0000202676221671    0.0012037882613397
  0.0551988577118171    0.0001110409908772    0.0000206687042589    0.0012098072026464
  0.0554748520003761    0.0001172208866456    0.0000188845346414    0.0012158562386596
  0.0557522262603780    0.0001146680328461    0.0000200987804499    0.0012219355198529
  0.0560309873916799    0.0001040282511984    0.0000197448236542    0.0012280451974522
  0.0563111423286383    0.0001011565222578    0.0000199364693722    0.0012341854234395
  0.0565926980402815    0.0000866401396095    0.0000186627308195    0.0012403563505567
  0.0568756615304829    0.0000917738056913    0.0000196098258475    0.0012465581323094
  0.0571600398381353    0.0000780908789092    0.0000191251327467    0.0012527909229710
  0.0574458400373259    0.0000507565648164    0.0000176849534504    0.0012590548775858
  0.0577330692375126    0.0000509947236025    0.0000183773342104    0.0012653501519738
  0.0580217345837001    0.0000386374959300    0.0000167417547019    0.0012716769027336
  0.0583118432566186    0.0000451848166782    0.0000147979182493    0.0012780352872473
  0.0586034024729017    0.0000280176230543    0.0000176150370346    0.0012844254636835
  0.0588964194852662    0.0000729340130495    0.0000158918438766    0.0012908475910020
  0.0591909015826925    0.0000905455600916    0.0000170642255422    0.0012973018289570
  0.0594868560906060    0.0000152575578801    0.0000171361902274    0.0013037883381018
  0.0597842903710590    0.0000498279928168    0.0000163643161536    0.0013103072797923
  0.0600832118229143    0.0000189907839661    0.0000164217939764    0.0013168588161912
  0.0603836278820289    0.0000401625107726    0.0000156209214736    0.0013234431102722
  0.0606855460214390    0.0000283021603507    0.0000144241487212    0.0013300603258235
  0.0609889737515462    0.0000273927071247    0.0000165899007166    0.0013367106274527
  0.0612939186203039    0.0000496196057432    0.0000152070310194    0.0013433941805899
  0.0616003882134054   -0.0000043356447503    0.0000139165962131    0.0013501111514929
  0.0619083901544725    0.0000059347389209    0.0000149321373232    0.0013568617072503
  0.0622179321052448    0.0000212862823331    0.0000146467037928    0.0013636460157866
  0.0625290217657710    0.0000125405572611    0.0000165708418192    0.0013704642458655
  0.0628416668745999    0.0000012533016024    0.0000160213395925    0.0013773165670948
  0.0631558752089729    0.0000034496549532    0.0000139577189088    0.0013842031499303
  0.0634716545850177   -0.0000080370054566    0.0000152699975316    0.0013911241656800
  0.0637890128579428    0.0000080893045410    0.0000163856417893    0.0013980797865084
  0.0641079579222325    0.0000253738537002    0.0000141809530154    0.0014050701854409
  0.0644284977118437    0.0000202507607858    0.0000137891195472    0.0014120955363681
  0.0647506402004029    0.0000308303996860    0.0000142614780189    0.0014191560140500
  0.0650743934014049    0.0000196773527869    0.0000148229435534    0.0014262517941202
  0.0653997653684119    0.0000233410921945    0.0000155543096043    0.0014333830530908
  0.0657267641952540    0.0000179913979818    0.0000146439061891    0.0014405499683563
  0.0660553980162302   -0.0000011485256206    0.0000166300206534    0.0014477527181980
  0.0663856750063114    0.0000309779753295    0.0000142815294075    0.0014549914817890
  0.0667176033813429    0.0000283752090759    0.0000131580416722    0.0014622664391980
  0.0670511913982496    0.0000113827809124    0.0000162487915726    0.0014695777713940
  0.0673864473552409    0.0000456926983230    0.0000135078635877    0.0014769256602509
  0.0677233795920171    0.0000269012683500    0.0000146202460405    0.0014843102885522
  0.0680619964899772    0.0000181099698210    0.0000145490681274    0.0014917318399950
  0.0684023064724270    0.0000457493367105    0.0000136687586347    0.0014991904991949
  0.0687443180047892    0.0000030516420264    0.0000144083705527    0.0015066864516909
  0.0690880395948131    0.0000121884725567    0.0000147927823872    0.0015142198839494
  0.0694334797927871    0.0000184564791838    0.0000136326090031    0.0015217909833691
  0.0697806471917511   -0.0000058586853993    0.0000137183727637    0.0015293999382860
  0.0701295504277098    0.0000360702946662    0.0000135482062742    0.0015370469379774
  0.0704801981798484    0.0000229720717586    0.0000135394397883    0.0015447321726673
  0.0708325991707476    0.0000058287148279    0.0000123486441526    0.0015524558335306
  0.0711867621666013    0.0000379681257559    0.0000123721648967    0.0015602181126983
  0.0715426959774343    0.0000142256459370    0.0000130797122608    0.0015680192032617
  0.0719004094573215    0.0000252710476323    0.0000129463393633    0.0015758592992781
  0.0722599115046081    0.0000104929388355    0.0000132860515999    0.0015837385957744
  0.0726212110621311    0.0000310288432470    0.0000126276703515    0.0015916572887533
  0.0729843171174418    0.0000197071992690    0.0000127065981895    0.0015996155751971
  0.0733492387030290    0.0000232623696350    0.0000134977212265    0.0016076136530731
  0.0737159848965441    0.0000270959949890    0.0000131306132919    0.0016156517213384
  0.0740845648210268    0.0000280857788670    0.0000121597295976    0.0016237299799451
  0.0744549876451319   -0.0000046646681387    0.0000129575859990    0.0016318486298449
  0.0748272625833576    0.0000161639532004    0.0000123803566669    0.0016400078729941
  0.0752013988962744    0.0000037197988636    0.0000124575096376    0.0016482079123590
  0.0755774058907557    0.0000074680546801    0.0000118442078266    0.0016564489519208
  0.0759552929202095    0.0000018462563189    0.0000124119960139    0.0016647311966804
  0.0763350693848105    0.0000041401409282    0.0000110125180440    0.0016730548526638
  0.0767167447317346    0.0000266107266463    0.0000115021588221    0.0016814201269272
  0.0771003284553933    0.0000111676824339    0.0000112658371746    0.0016898272275618
  0.0774858300976702    0.0000195915464284    0.0000118013169348    0.0016982763636996
  0.0778732592481586    0.0000169651601475    0.0000119663104598    0.0017067677455181
  0.0782626255443993   -0.0000116276139728    0.0000124161365046    0.0017153015842457
  0.0786539386721213    0.0000105263713065    0.0000122291827176    0.0017238780921669
  0.0790472083654819    0.0000201261587922    0.0000110857310050    0.0017324974826278
  0.0794424444073093    0.0000028635864379    0.0000120597932738    0.0017411599700409
  0.0798396566293459   -0.0000067828635318    0.0000133714285371    0.0017498657698911
  0.0802388549124926    0.0000191240032050    0.0000117607770091    0.0017586150987406
  0.0806400491870551    0.0000178800257806    0.0000120119153690    0.0017674081742343
  0.0810432494329903   -0.0000001113621434    0.0000112406162005    0.0017762452151054
  0.0814484656801553    0.0000034080452486    0.0000116928846804    0.0017851264411810
  0.0814484656801553   -0.0000044001274407    0.0000094444727352    0.0017828656877541
  0.0818557080085560    0.0000098454580014    0.0000045035622468    0.0017917800161929
  0.0818557080085560    0.0000125591809616    0.0000111031722854    0.0017940520733869
  0.0822649865485988    0.0000168224308933    0.0000116273989613    0.0018030223337538
  0.0822649865485988    0.0000079223364710    0.0000039791869346    0.0018007389162738
  0.0826763114813418    0.0000061107619241    0.0000038628454362    0.0018097426108552
  0.0826763114813418    0.0000240483857105    0.0000114496426360    0.0018120374454226
  0.0830896930387485   -0.0000039629411100    0.0000110319213413    0.0018210976326497
  0.0830896930387485    0.0000159658413234    0.0000048853371990    0.0018187913239095
  0.0835051415039422    0.0000090308489260    0.0000046394802855    0.0018278852805290
  0.0835051415039422    0.0000221956256628    0.0000116290024803    0.0018302031208129
  0.0839226672114619    0.0000100351614587    0.0000118675687527    0.0018393541364170
  0.0839226672114619    0.0000136884084499    0.0000044406080970    0.0018370247069317
  0.0843422805475192    0.0000179863664012    0.0000044439542677    0.0018462098304663
  0.0843422805475192    0.0000030943898791    0.0000111908861185    0.0018485509070991
  0.0847639919502568   -0.0000002161057671    0.0000119146585464    0.0018577936616346
  0.0847639919502568    0.0000131775052950    0.0000038060634225    0.0018554408796187
  0.0851878119100081    0.0000133420685101    0.0000041519748472    0.0018647180840168
  0.0851878119100081    0.0000215707299752    0.0000112695274945    0.0018670826299427
  0.0856137509695581    0.0000110007433204    0.0000039350071899    0.0018740416744368
  0.0856137509695581    0.0000003327030696    0.0000110962066158    0.0018764180430925
  0.0860418197244059    0.0000333377792669    0.0000109332802818    0.0018858001333079
  0.0860418197244059    0.0000070858477936    0.0000044378155941    0.0018834118828090
  0.0864720288230279   -0.0000109661425716    0.0000120809014408    0.0018952291339745
  0.0864720288230279    0.0000059392706747    0.0000044032881110    0.0018928289422231
  0.0869043889671431    0.0000025836926155    0.0000115936896352    0.0019047052796443
  0.0869043889671431    0.0000108478435056    0.0000043304673305    0.0019022930869342
  0.0873389109119788    0.0000049079364629    0.0000043501433397    0.0019118045523689
  0.0873389109119788    0.0000137129333651    0.0000124876915028    0.0019142288060426
  0.0877756054665386    0.0000359622236688    0.0000097167701651    0.0019237999500728
  0.0877756054665386    0.0000153188098376    0.0000044985107280    0.0019213635751307
  0.0882144834938713    0.0000152474304915    0.0000051901467985    0.0019309703930063
  0.0882144834938713    0.0000019384278001    0.0000127978161570    0.0019334189498231
  0.0886555559113407    0.0000160116197051    0.0000103005809394    0.0019430860445722
  0.0886555559113407    0.0000069803819385    0.0000044999939119    0.0019406252449714
  0.0890988336908974    0.0000059090311586    0.0000047849823369    0.0019503283711962
  0.0890988336908974    0.0000189851205189    0.0000122110366241    0.0019528014747951
  0.0895443278593518    0.0000037802658735    0.0000107812696382    0.0019625654821691
  0.0895443278593518    0.0000138826286513    0.0000047256035815    0.0019600800130522
  0.0899920494986486    0.0000074702004297    0.0000048083520015    0.0019698804131175
  0.0899920494986486    0.0000080211584313    0.0000114962527117    0.0019723783095799
  0.0904420097461418    0.0000126145282972    0.0000117496924577    0.0019822402011278
  0.0904420097461418    0.0000107524625689    0.0000046547788841    0.0019797298151831
  0.0908942197948725    0.0000075238106736    0.0000048783701335    0.0019896284642590
  0.0908942197948725   -0.0000036670014541    0.0000114722184745    0.0019921514021335
  0.0913486908938469    0.0000020432281445    0.0000042288222554    0.0019995766065803
  0.0913486908938469    0.0000178296012640    0.0000116542034196    0.0020021121591441
  0.0918054343483161    0.0000119533248893    0.0000045582646367    0.0020095744896132
  0.0918054343483161    0.0000131883805191    0.0000118557498682    0.0020121227199399
  0.0922644615200577    0.0000026267338028    0.0000044705617533    0.0020196223620612
  0.0922644615200577   -0.0000070753981924    0.0000130162221436    0.0020221833335396
  0.0927257838276579    0.0000112469202779    0.0000115510974312    0.0020322942502073
  0.0927257838276579    0.0000090876004453    0.0000044935522773    0.0020297204738715
  0.0931894127467962    0.0000102888895826    0.0000043175798884    0.0020398690762409
  0.0931894127467962    0.0000070759898519    0.0000123453828732    0.0020424557214583
  0.0936553598105302   -0.0000066159353746    0.0000118697916874    0.0020526680000656
  0.0936553598105302    0.0000124376492549    0.0000044273194687    0.0020500684216221
  0.0941236366095829    0.0000108667189519    0.0000039538756084    0.0020603187637302
  0.0941236366095829   -0.0000035324555112    0.0000121749492754    0.0020629313400659
  0.0945942547926308    0.0000161720262763    0.0000043862951972    0.0020706203575489
  0.0945942547926308    0.0000252072249749    0.0000110566622168    0.0020732459967662
  0.0950672260665939    0.0000082857628795    0.0000040229508178    0.0020809734593366
  0.0950672260665939   -0.0000163453898200    0.0000127153041073    0.0020836122267501
  0.0955425621969268    0.0000012330278288    0.0000040211745756    0.0020913783266333
  0.0960202750079115    0.0000101886654037    0.0000041146332219    0.0021018352182665
  0.0965003763829510    0.0000078649386354    0.0000042146830663    0.0021123443943578
  0.0969828782648658    0.0000052723163851    0.0000039631265609    0.0021229061163296
  0.0974677926561901    0.0000132635273645    0.0000039220063858    0.0021335206469112
  0.0979551316194710    0.0000138175217615    0.0000041462955443    0.0021441882501458
  0.0984449072775684    0.0000148550208709    0.0000036154334247    0.0021549091913965
  0.0989371318139562    0.0000160183649044    0.0000040591826082    0.0021656837373535
  0.0994318174730260    0.0000086989639121    0.0000037796224956    0.0021765121560403
  0.0999289765603911    0.0000129216455061    0.0000037710502599    0.0021873947168205
  0.1004286214431930    0.0000116843386977    0.0000039359271169    0.0021983316904046
  0.1009307645504090    0.0000094010634054    0.0000036078946404    0.0022093233488566
  0.1014354183731610    0.0000063454322707    0.0000032108563028    0.0022203699656009
  0.1019425954650268    0.0000126248463423    0.0000033880087503    0.0022314718154289
  0.1024523084423520    0.0000124640596237    0.0000037042680115    0.0022426291745060
  0.1029645699845637    0.0000075157300537    0.0000034852761891    0.0022538423203786
  0.1034793928344865    0.0000082217669965    0.0000032706499453    0.0022651115319804
  0.1039967897986589    0.0000061306932184    0.0000034252790672    0.0022764370896403
  0.1045167737476522    0.0000065722253542    0.0000031869845751    0.0022878192750885
  0.1050393576163905   -0.0000000063202132    0.0000031505076182    0.0022992583714640
  0.1055645544044724    0.0000119172073729    0.0000031955294644    0.0023107546633213
  0.1060923771764948    0.0000035600797712    0.0000031700588671    0.0023223084366379
  0.1066228390623772    0.0000026881945472    0.0000031633112027    0.0023339199788211
  0.1071559532576891    0.0000080932577546    0.0000032091684129    0.0023455895787152
  0.1076917330239775    0.0000006777269140    0.0000030364850273    0.0023573175266088
  0.1082301916890974    0.0000135495590572    0.0000029751084500    0.0023691041142418
  0.1087713426475429    0.0000005390050443    0.0000030264410404    0.0023809496348130
  0.1093151993607806    0.0000052761530946    0.0000029146634888    0.0023928543829871
  0.1098617753575845   -0.0000004975729174    0.0000028087840420    0.0024048186549020
  0.1104110842343724    0.0000083345298414    0.0000030336524127    0.0024168427481766
  0.1109631396555442    0.0000031017230699    0.0000027239098084    0.0024289269619174
  0.1115179553538219    0.0000110120189138    0.0000028914014525    0.0024410715967270
  0.1120755451305910    0.0000086703096255    0.0000028599687542    0.0024532769547107
  0.1126359228562440    0.0000077208290338    0.0000025921000753    0.0024655433394842
  0.1131991024705252    0.0000103681326787    0.0000028163229635    0.0024778710561816
  0.1137650979828778    0.0000020050285295    0.0000027305147870    0.0024902604114625
  0.1143339234727922    0.0000051632041729    0.0000026093855780    0.0025027117135198
  0.1149055930901561    0.0000059496426153    0.0000025127067799    0.0025152252720874
  0.1154801210556069    0.0000054856213165    0.0000026129832291    0.0025278013984479
  0.1160575216608849    0.0000059956093722    0.0000026151572117    0.0025404404054401
  0.1166378092691893    0.0000001680406138    0.0000024156012146    0.0025531426074673
  0.1172209983155353    0.0000033839654429    0.0000025591612590    0.0025659083205047
  0.1178071033071129    0.0000093929333077    0.0000024943870076    0.0025787378621072
  0.1183961388236485    0.0000008428359430    0.0000023978720370    0.0025916315514177
  0.1189881195177667    0.0000084322722397    0.0000025013697339    0.0026045897091748
  0.1195830601153555    0.0000022558423281    0.0000023949163520    0.0026176126577207
  0.1201809754159323    0.0000055725301535    0.0000024658292543    0.0026307007210093
  0.1207818802930119    0.0000024499740000    0.0000024819242176    0.0026438542246143
  0.1213857896944770    0.0000051255349817    0.0000023708123137    0.0026570734957374
  0.1219927186429494    0.0000033689502392    0.0000023260090172    0.0026703588632161
  0.1226026822361641    0.0000038288255181    0.0000021713257182    0.0026837106575322
  0.1232156956473449    0.0000027812233096    0.0000022627648736    0.0026971292108198
  0.1238317741255816    0.0000036517553408    0.0000021692191114    0.0027106148568739
  0.1244509329962095    0.0000066200681499    0.0000021867041799    0.0027241679311583
  0.1250731876611905    0.0000040654589797    0.0000021424457096    0.0027377887708141
  0.1256985535994965    0.0000061961743832    0.0000020866171389    0.0027514777146682
  0.1263270463674940    0.0000045829267747    0.0000020730892850    0.0027652351032415
  0.1269586815993314    0.0000037809171623    0.0000020210788190    0.0027790612787577
  0.1275934750073280    0.0000040497353193    0.0000021633167760    0.0027929565851515
  0.1282314423823647    0.0000058872862971    0.0000020331129232    0.0028069213680773
  0.1288725995942765    0.0000060021683818    0.0000021019158093    0.0028209559749176
  0.1295169625922478    0.0000038147174439    0.0000020304148908    0.0028350607547922
  0.1301645474052091    0.0000011915868972    0.0000019665244175    0.0028492360585662
  0.1308153701422351    0.0000025135498347    0.0000020540962057    0.0028634822388590
  0.1314694469929463    0.0000014477463116    0.0000019592766816    0.0028777996500533
  0.1321267942279110    0.0000045041030870    0.0000018384215904    0.0028921886483036
  0.1327874281990505    0.0000055162779282    0.0000018928300065    0.0029066495915451
  0.1334513653400458    0.0000039202912740    0.0000019060878465    0.0029211828395028
  0.1341186221667460    0.0000017213011428    0.0000019293303254    0.0029357887537003
  0.1347892152775797    0.0000028038897778    0.0000018996430617    0.0029504676974688
  0.1354631613539676    0.0000020573164464    0.0000017734454815    0.0029652200359562
  0.1361404771607374    0.0000031138237117    0.0000018811067541    0.0029800461361360
  0.1368211795465411    0.0000038119537326    0.0000017889153029    0.0029949463668166
  0.1375052854442738    0.0000039696888955    0.0000017522161659    0.0030099210986507
  0.1381928118714951    0.0000032851268230    0.0000018016204618    0.0030249707041440
  0.1388837759308526    0.0000026850833084    0.0000018164934686    0.0030400955576647
  0.1395781948105068    0.0000021556656886    0.0000016886866587    0.0030552960354530
  0.1402760857845594    0.0000044614648411    0.0000016994831927    0.0030705725156303
  0.1409774662134821    0.0000024658250111    0.0000017097135723    0.0030859253782084
  0.1416823535445495    0.0000029114576747    0.0000017032497071    0.0031013550050995
  0.1423907653122723    0.0000022110676807    0.0000017631836737    0.0031168617801250
  0.1431027191388336    0.0000026164344492    0.0000017432307668    0.0031324460890256
  0.1438182327345278    0.0000000481557678    0.0000017718426439    0.0031481083194707
  0.1445373238982004    0.0000029128461549    0.0000017595971664    0.0031638488610681
  0.1452600105176914    0.0000023295240283    0.0000016912917369    0.0031796681053734
  0.1459863105702798    0.0000018930841997    0.0000015656812339    0.0031955664459003
  0.1467162421231312    0.0000035870792506    0.0000016076638589    0.0032115442781298
  0.1474498233337468    0.0000037763164231    0.0000015606544408    0.0032276019995204
  0.1481870724504156    0.0000003356896678    0.0000015352052048    0.0032437400095180
  0.1489280078126676    0.0000025120659926    0.0000015546642952    0.0032599587095656
  0.1496726478517310    0.0000016361025491    0.0000015268070328    0.0032762585031135
  0.1504210110909896    0.0000024859844552    0.0000015914857784    0.0032926397956290
  0.1511731161464445    0.0000030336494425    0.0000015352234353    0.0033091029946072
  0.1519289817271767    0.0000036675875552    0.0000015166266362    0.0033256485095802
  0.1526886266358126    0.0000029214051480    0.0000014476913662    0.0033422767521281
  0.1534520697689916    0.0000032297083164    0.0000015340317074    0.0033589881358887
  0.1542193301178366    0.0000036518738975    0.0000015351321872    0.0033757830765682
  0.1549904267684257    0.0000033097319230    0.0000014894237864    0.0033926619919510
  0.1557653789022678    0.0000027532966597    0.0000015210097265    0.0034096253019108
  0.1565442057967792    0.0000024485432825    0.0000015206532733    0.0034266734284203
  0.1573269268257630    0.0000013773908001    0.0000015537802489    0.0034438067955624
  0.1581135614598919    0.0000027501739190    0.0000015470541482    0.0034610258295403
  0.1589041292671913   -0.0000006835797143    0.0000014478771123    0.0034783309586880
  0.1596986499135272    0.0000018049709142    0.0000013601698750    0.0034957226134814
  0.1604971431630948    0.0000030722238675    0.0000014126544978    0.0035132012265488
  0.1612996288789103    0.0000015789841158    0.0000014416820224    0.0035307672326815
  0.1621061270233048    0.0000003265483445    0.0000013835428592    0.0035484210688449
  0.1629166576584213    0.0000015815644933    0.0000014226527045    0.0035661631741892
  0.1637312409467134    0.0000013939781625    0.0000013645911497    0.0035839939900601
  0.1645498971514470    0.0000010649519449    0.0000014218385671    0.0036019139600104
  0.1653726466372042    0.0000018384702818    0.0000014133848697    0.0036199235298105
  0.1661995098703902    0.0000025083742952    0.0000014019149921    0.0036380231474595
  0.1670305074197421    0.0000022846972703    0.0000013523669147    0.0036562132631968
  0.1678656599568408    0.0000014987879479    0.0000013361889215    0.0036744943295128
  0.1687049882566250    0.0000016900194678    0.0000013392845428    0.0036928668011604
  0.1695485131979081   -0.0000012214375516    0.0000013520168186    0.0037113311351662
  0.1703962557638976    0.0000039767410047    0.0000013511533548    0.0037298877908420
  0.1712482370427171    0.0000015453342195    0.0000013111730760    0.0037485372297962
  0.1721044782279307    0.0000016584056590    0.0000014011205744    0.0037672799159452
  0.1729650006190703    0.0000017236629649    0.0000013495419049    0.0037861163155249
  0.1738298256221656    0.0000035508913590    0.0000013457273625    0.0038050468971025
  0.1746989747502765    0.0000006053939541    0.0000013573079634    0.0038240721315880
  0.1755724696240278    0.0000036528544609    0.0000013360373026    0.0038431924922460
  0.1764503319721480    0.0000003246593750    0.0000013498557230    0.0038624084547072
  0.1773325836320087   -0.0000003898941255    0.0000013701998653    0.0038817204969808
  0.1782192465501687    0.0000028605783006    0.0000013266388954    0.0039011290994657
  0.1791103427829195    0.0000011879605996    0.0000013332818264    0.0039206347449630
  0.1800058944968341   -0.0000007189846631    0.0000013085292724    0.0039402379186878
  0.1809059239693183    0.0000011379775888    0.0000013734444742    0.0039599391082812
  0.1818104535891648    0.0000010365566176    0.0000013329212229    0.0039797388038226
  0.1827195058571106    0.0000026094436602    0.0000013359550598    0.0039996374978418
  0.1836331033863962    0.0000006955995502    0.0000013396895140    0.0040196356853310
  0.1845512689033281    0.0000022011200719    0.0000013227360665    0.0040397338637576
  0.1854740252478447    0.0000022835268565    0.0000013055368956    0.0040599325330764
  0.1864013953740840    0.0000000166864541    0.0000013216634102    0.0040802321957418
  0.1873334023509544    0.0000008801939348    0.0000013864870192    0.0041006333567205
  0.1882700693627091   -0.0000012768345295    0.0000013555474823    0.0041211365235041
  0.1892114197095226    0.0000019903663763    0.0000013914258729    0.0041417422061216
  0.1901574768080702    0.0000023439839702    0.0000014637941864    0.0041624509171522
  0.1911082641921105    0.0000021335896260    0.0000015028836291    0.0041832631717380
  0.1920638055130711   -0.0000015609911115    0.0000014682277450    0.0042041794875967
  0.1930241245406364    0.0000029389836427    0.0000014328164203    0.0042252003850347
  0.1939892451633396    0.0000004045448821    0.0000014427374947    0.0042463263869598
  0.1949591913891562    0.0000003080024479    0.0000014140144561    0.0042675580188946
  0.1959339873461020   -0.0000003313487596    0.0000013384326545    0.0042888958089891
  0.1969136572828325    0.0000016767749713    0.0000013761719966    0.0043103402880341
  0.1978982255692466    0.0000015466384322    0.0000013540126116    0.0043318919894742
  0.1988877166970929    0.0000019731028579    0.0000013439679492    0.0043535514494216
  0.1998821552805783    0.0000007255318530    0.0000013269510284    0.0043753192066687
  0.2008815660569812    0.0000015519612905    0.0000013148085578    0.0043971958027020
  0.2018859738872660    0.0000009460740698    0.0000012987174608    0.0044191817817156
  0.2028954037567023   -0.0000020606090279    0.0000013505415166    0.0044412776906241
  0.2039098807754859    0.0000004143092892    0.0000013166173978    0.0044634840790772
  0.2049294301793633   -0.0000008527907192    0.0000012613832127    0.0044858014994726
  0.2059540773302601   -0.0000004260556645    0.0000012911715359    0.0045082305069700
  0.2069838477169113    0.0000009823981330    0.0000013160154424    0.0045307716595048
  0.2080187669554959   -0.0000006105563263    0.0000012949411534    0.0045534255178024
  0.2090588607902733   -0.0000012828038315    0.0000012615194009    0.0045761926453914
  0.2101041550942246    0.0000013088353459    0.0000012629458058    0.0045990736086183
  0.2111546758696958    0.0000009032919654    0.0000012995492068    0.0046220689766614
  0.2122104492490442    0.0000018697676543    0.0000012661451689    0.0046451793215447
  0.2132715014952894    0.0000001856294998    0.0000012513681055    0.0046684052181525
  0.2143378590027659    0.0000001593808111    0.0000012261327258    0.0046917472442432
  0.2154095482977796    0.0000008517521370    0.0000012699811507    0.0047152059804644
  0.2164865960392685    0.0000007077633867    0.0000012546811562    0.0047387820103668
  0.2175690290194648    0.0000008908680572    0.0000012741091489    0.0047624759204186
  0.2186568741645621   -0.0000004009299052    0.0000012390685183    0.0047862883000207
  0.2197501585353849   -0.0000001418925286    0.0000012216629893    0.0048102197415208
  0.2208489093280618    0.0000007347625003    0.0000012317214418    0.0048342708402284
  0.2219531538747021   -0.0000000292708483    0.0000012086127089    0.0048584421944295
  0.2230629196440756    0.0000018682594212    0.0000012180477417    0.0048827344054017
  0.2241782342422960    0.0000000492560449    0.0000012207377205    0.0049071480774287
  0.2252991254135074    0.0000009225852378    0.0000011975185039    0.0049316838178158
  0.2264256210405749    0.0000026186333955    0.0000012350564918    0.0049563422369049
  0.2275577491457778   -0.0000003036742161    0.0000012127304128    0.0049811239480894
  0.2286955378915067   -0.0000010277379163    0.0000011828273862    0.0050060295678299
  0.2298390155809641   -0.0000003496457630    0.0000012128058338    0.0050310597156690
  0.2309882106588690    0.0000041453912650    0.0000012265523526    0.0050562150142474
  0.2321431517121633   -0.0000001009435632    0.0000011723641779    0.0050814960893186
  0.2333038674707241   -0.0000010217532994    0.0000012102979060    0.0051069035697652
  0.2344703868080777    0.0000003152022749    0.0000011963938537    0.0051324380876140
  0.2356427387421181   -0.0000014161775855    0.0000012008191461    0.0051581002780521
  0.2368209524358286    0.0000001133609030    0.0000011779879640    0.0051838907794424
  0.2380050571980077    0.0000010893768258    0.0000011640442718    0.0052098102333396
  0.2391950824839977    0.0000011981611788    0.0000011853094847    0.0052358592845063
  0.2403910578964177   -0.0000003382679425    0.0000012030814814    0.0052620385809288
  0.2415930131858998    0.0000024352949118    0.0000012049173399    0.0052883487738334
  0.2428009782518292    0.0000003462418453    0.0000011962574558    0.0053147905177026
  0.2440149831430883    0.0000009463631996    0.0000011719247424    0.0053413644702911
  0.2452350580588037   -0.0000015420059975    0.0000012000908292    0.0053680712926426
  0.2464612333490978   -0.0000004112236810    0.0000011966153952    0.0053949116491058
  0.2476935395158432    0.0000005313993329    0.0000011805702350    0.0054218862073513
  0.2489320072134224   -0.0000000916492261    0.0000011925487024    0.0054489956383881
  0.2501766672494895    0.0000023295121753    0.0000011942397288    0.0054762406165800
  0.2514275505857369   -0.0000001039317760    0.0000012110924315    0.0055036218196629
  0.2526846883386655   -0.0000012347437547    0.0000011853989273    0.0055311399287612
  0.2539481117803589    0.0000017551696672    0.0000011819123222    0.0055587956284050
  0.2552178523392606    0.0000004254789452    0.0000011611315918    0.0055865896065471
  0.2564939416009570   -0.0000010424610096    0.0000011931792739    0.0056145225545798
  0.2577764113089617    0.0000018024449259    0.0000011850671517    0.0056425951673527
  0.2590652933655064   -0.0000000188031851    0.0000011531058137    0.0056708081431894
  0.2603606198323339   -0.0000019339161633    0.0000011451409027    0.0056991621839054
  0.2616624229314956   -0.0000012029843547    0.0000011828896633    0.0057276579948249
  0.2629707350461531   -0.0000008361867145    0.0000012026828894    0.0057562962847990
  0.2642855887213838   -0.0000003916920764    0.0000011842485068    0.0057850777662230
  0.2656070166649907   -0.0000004463020137    0.0000012164458212    0.0058140031550542
  0.2669350517483157   -0.0000005881668869    0.0000011864032598    0.0058430731708294
  0.2682697270070572    0.0000003529668069    0.0000012381015128    0.0058722885366836
  0.2696110756420924    0.0000009812766888    0.0000012661917091    0.0059016499793670
  0.2709591310203028   -0.0000009537781755    0.0000012793307887    0.0059311582292638
  0.2723139266754043   -0.0000008917065470    0.0000012782476145    0.0059608140204101
  0.2736754963087813   -0.0000017892185589    0.0000012399895015    0.0059906180905122
  0.2750438737903252   -0.0000002809484799    0.0000012358297159    0.0060205711809648
  0.2764190931592768   -0.0000000363520500    0.0000012386595853    0.0060506740368696
  0.2778011886250731    0.0000005676519127    0.0000012454452453    0.0060809274070539
