# Experiment IPTS-36897 Run 226566
# Reduction 2.9.0rc3
# Run title: Sample1_CP-226566-1.
# Run start time: 2026-03-28T00:46:48.464003667
# Reduction time: Fri Mar 27 20:55:25 2026
# Q summing: False
# TOF weighted: False
# Bck in Q: False
# Theta offset: 0.0
# Stitching type: None
# DataRun   NormRun   TwoTheta(deg)  LambdaMin(A)   LambdaMax(A) Qmin(1/A)    Qmax(1/A)    SF_A         SF_B          SF
# 226566    226559    0.739356       2.74975        9.4987       0.0085       0.0294       4.0          0            1.0         
# 226567    226560    2.4003         2.74978        9.49867      0.0277       0.0957       25.0         0            1.0         
# 226568    226561    7.00039        2.74977        9.49868      0.0807       0.2790       196.0        0            1.0         
# Q [1/Angstrom]        R                     dR                    dQ [FWHM]            
  0.0085471828233962    0.7211345233359993    0.2759605482999627    0.0001884565160962
  0.0085899187375132    1.0103664590340773    0.0708015656323190    0.0001893987986767
  0.0086328683312008    0.8825223404895779    0.0589627534764286    0.0001903457926701
  0.0086760326728568    0.9756155065842944    0.0669062535362452    0.0001912975216334
  0.0087194128362210    0.8812046588448286    0.0586332538004272    0.0001922540092416
  0.0087630099004021    0.9160051413738117    0.0596764473025200    0.0001932152792878
  0.0088068249499042    0.9382215641087814    0.0612712756709954    0.0001941813556843
  0.0088508590746537    0.9186295992721327    0.0594415236324594    0.0001951522624627
  0.0088951133700269    0.9062879811151496    0.0593516005452358    0.0001961280237750
  0.0089395889368771    0.9304647708307073    0.0583201177540147    0.0001971086638939
  0.0089842868815615    0.8665436256034162    0.0526472061833208    0.0001980942072133
  0.0090292083159693    0.8866412633163400    0.0538044056539055    0.0001990846782494
  0.0090743543575491    1.0469704534791133    0.0687905029273808    0.0002000801016406
  0.0091197261293369    0.9657929173006834    0.0596851083529331    0.0002010805021489
  0.0091653247599835    1.1121370730651681    0.0707536311360792    0.0002020859046596
  0.0092111513837835    0.8196735988360222    0.0455066999060826    0.0002030963341829
  0.0092572071407024    1.0326723709710406    0.0627057822454637    0.0002041118158538
  0.0093034931764059    1.1305196715681889    0.0722398723751556    0.0002051323749331
  0.0093500106422879    0.9878560737610437    0.0579078342598876    0.0002061580368077
  0.0093967606954993    0.9605693031758042    0.0536594423619802    0.0002071888269918
  0.0094437444989768    0.9001821394536577    0.0483741282101038    0.0002082247711267
  0.0094909632214717    0.9806074782040185    0.0535204169879671    0.0002092658949824
  0.0095384180375791    0.8578164960744826    0.0453149189548561    0.0002103122244573
  0.0095861101277670    0.8978488434956060    0.0490909318529578    0.0002113637855796
  0.0096340406784058    0.9897699611587555    0.0534020640230305    0.0002124206045075
  0.0096822108817978    0.9162040749145530    0.0468744021818935    0.0002134827075300
  0.0097306219362068    0.9063593429840933    0.0469900137703866    0.0002145501210677
  0.0097792750458879    1.0581445138731578    0.0575171399133210    0.0002156228716730
  0.0098281714211173    0.8850338452721846    0.0443914072846729    0.0002167009860314
  0.0098773122782229    0.9373194109982058    0.0467943796370225    0.0002177844909615
  0.0099266988396140    0.9731045624242116    0.0486360831840197    0.0002188734134163
  0.0099763323338121    1.0411587125503643    0.0534630687270374    0.0002199677804834
  0.0100262139954811    0.9518468157010918    0.0467210764545927    0.0002210676193858
  0.0100763450654585    0.8984568792827021    0.0425241045965466    0.0002221729574828
  0.0101267267907858    1.0435190301391102    0.0505271585652887    0.0002232838222702
  0.0101773604247398    0.9265915495559403    0.0435749883949521    0.0002244002413815
  0.0102282472268634    0.8858357710322836    0.0398793380119354    0.0002255222425884
  0.0102793884629978    0.8655496062190838    0.0384945909721707    0.0002266498538014
  0.0103307854053128    0.9844354436738089    0.0451832508311324    0.0002277831030704
  0.0103824393323393    0.9500660784820033    0.0429805060967479    0.0002289220185857
  0.0104343515290010    0.9215846714984123    0.0408209333647411    0.0002300666286787
  0.0104865232866460    0.9144330043524322    0.0391631071647426    0.0002312169618220
  0.0105389559030792    0.9532358304088332    0.0416033277240518    0.0002323730466312
  0.0105916506825946    0.9131115526770337    0.0387513337581592    0.0002335349118643
  0.0106446089360076    0.9686638591912310    0.0427424598931277    0.0002347025864236
  0.0106978319806876    0.8878911421553043    0.0366014609725275    0.0002358760993558
  0.0107513211405911    0.8546490844446321    0.0342733098563241    0.0002370554798525
  0.0108050777462940    0.8773605685418334    0.0352598460970672    0.0002382407572518
  0.0108591031350255    0.8758842336345058    0.0345213635135078    0.0002394319610381
  0.0109133986507006    0.9203740420652423    0.0372154373819375    0.0002406291208432
  0.0109679656439541    0.9322782371078329    0.0384705523315725    0.0002418322664475
  0.0110228054721739    0.8852229759454162    0.0351746209114084    0.0002430414277797
  0.0110779194995348    0.9323198757511330    0.0364650929091820    0.0002442566349186
  0.0111333090970324    0.9223544694682312    0.0362956142102827    0.0002454779180932
  0.0111889756425176    0.9304510680355983    0.0353124035718560    0.0002467053076837
  0.0112449205207302    0.9093417906579434    0.0345419810019092    0.0002479388342221
  0.0113011451233338    0.9353047413685018    0.0352911205029491    0.0002491785283932
  0.0113576508489505    0.8997876327372319    0.0329943567390990    0.0002504244210352
  0.0114144391031953    0.8679805611337937    0.0312299158164971    0.0002516765431403
  0.0114715112987112    0.8703639088500496    0.0308840960763091    0.0002529349258560
  0.0115288688552048    0.9210907626789040    0.0326158325264953    0.0002541996004853
  0.0115865131994808    0.8970860033627640    0.0312823516682282    0.0002554705984877
  0.0116444457654782    0.9109263967388821    0.0316356371862003    0.0002567479514802
  0.0117026679943056    0.8996067293151547    0.0310979731678297    0.0002580316912376
  0.0117611813342771    0.8700566881062918    0.0296054440215492    0.0002593218496938
  0.0118199872409485    0.9365020059099470    0.0320135161754657    0.0002606184589422
  0.0118790871771533    0.9080519137856854    0.0303036073251389    0.0002619215512369
  0.0119384826130390    0.8464107344015436    0.0271936178157819    0.0002632311589931
  0.0119981750261042    0.8739300653780070    0.0279879521517882    0.0002645473147881
  0.0120581659012347    0.8695845435115676    0.0277594222823863    0.0002658700513620
  0.0121184567307409    0.8996923066804782    0.0285465854518380    0.0002671994016188
  0.0121790490143946    0.9103264721450742    0.0290581643425162    0.0002685353986269
  0.0122399442594666    0.8740749945182440    0.0272692987994884    0.0002698780756201
  0.0123011439807639    0.8582057924466903    0.0261197132539475    0.0002712274659982
  0.0123626497006677    0.9372623256389001    0.0291920534768632    0.0002725836033282
  0.0124244629491711    0.9019040808749399    0.0274307365339013    0.0002739465213448
  0.0124865852639169    0.8428643214189212    0.0247291758348763    0.0002753162539515
  0.0125490181902365    0.8429141025432177    0.0245277832282365    0.0002766928352213
  0.0126117632811877    0.9010915094239104    0.0267662380187743    0.0002780762993974
  0.0126748220975936    0.9190410039616232    0.0274848600644810    0.0002794666808944
  0.0127381962080816    0.9270200196513446    0.0275283368438636    0.0002808640142989
  0.0128018871891220    0.9337660631078775    0.0277560297684792    0.0002822683343703
  0.0128658966250676    0.8722649619487814    0.0251010145169065    0.0002836796760422
  0.0129302261081930    0.8428564430109043    0.0235218187302649    0.0002850980744224
  0.0129948772387339    0.8987644973331604    0.0257143302048661    0.0002865235647945
  0.0130598516249276    0.8289465434173019    0.0228966548723347    0.0002879561826185
  0.0131251508830522    0.9126383298526456    0.0259867523749925    0.0002893959635316
  0.0131907766374675    0.9039213403799231    0.0250257359348885    0.0002908429433492
  0.0132567305206548    0.8459166583289666    0.0229059561643324    0.0002922971580660
  0.0133230141732581    0.8578934514192994    0.0232932091122889    0.0002937586438563
  0.0133896292441244    0.8749602378215119    0.0232561252205515    0.0002952274370756
  0.0134565773903450    0.8669197697923987    0.0229271283441066    0.0002967035742610
  0.0135238602772967    0.8691564220129032    0.0229620486628354    0.0002981870921323
  0.0135914795786832    0.8865002270031843    0.0235098375848100    0.0002996780275929
  0.0136594369765766    0.8958699030766567    0.0234896849225265    0.0003011764177309
  0.0137277341614595    0.8135744805435619    0.0204494569744041    0.0003026822998196
  0.0137963728322668    0.8611519853701286    0.0220252994315139    0.0003041957113187
  0.0138653546964281    0.8662106906347096    0.0216700405315107    0.0003057166898753
  0.0139346814699103    0.8376679569554014    0.0208305140339928    0.0003072452733246
  0.0140043548772598    0.8392214024893130    0.0208124663824851    0.0003087814996913
  0.0140743766516461    0.8343548397047904    0.0204318483816011    0.0003103254071897
  0.0141447485349043    0.7765411393899132    0.0184091077452507    0.0003118770342257
  0.0142154722775789    0.7820670338628337    0.0185717909800550    0.0003134364193968
  0.0142865496389668    0.7677613334496056    0.0180398464997741    0.0003150036014938
  0.0143579823871616    0.7695340855207859    0.0183051723182365    0.0003165786195012
  0.0144297722990974    0.7613139377676037    0.0179782019342229    0.0003181615125987
  0.0145019211605929    0.7368042596181876    0.0172183619294274    0.0003197523201617
  0.0145744307663958    0.7319511318524624    0.0172638145287237    0.0003213510817625
  0.0146473029202278    0.6786135448762250    0.0157816098961057    0.0003229578371714
  0.0147205394348290    0.6937572299975296    0.0160768594069671    0.0003245726263572
  0.0147941421320031    0.6436884779501590    0.0148226816774955    0.0003261954894890
  0.0148681128426631    0.6271491072002507    0.0144906424481836    0.0003278264669364
  0.0149424534068764    0.6152492304591605    0.0143339473030589    0.0003294655992711
  0.0150171656739108    0.5526861329098856    0.0125488312611686    0.0003311129272675
  0.0150922515022804    0.5437617154037141    0.0125455789692557    0.0003327684919038
  0.0151677127597918    0.5427899515382614    0.0129824978887728    0.0003344323343633
  0.0152435513235907    0.4859865207787063    0.0116320916893769    0.0003361044960352
  0.0153197690802087    0.4628122053276371    0.0104843468120363    0.0003377850185153
  0.0153963679256097    0.4310729286764206    0.0095932365035016    0.0003394739436079
  0.0154733497652378    0.4159386580860286    0.0093075851276998    0.0003411713133260
  0.0155507165140639    0.4264372096560838    0.0096141604240573    0.0003428771698926
  0.0156284700966343    0.3923550402104532    0.0087417103499502    0.0003445915557420
  0.0157066124471174    0.3724418997808754    0.0082520939221891    0.0003463145135208
  0.0157851455093530    0.3656344036953835    0.0081195610638229    0.0003480460860884
  0.0158640712368998    0.3499682271865833    0.0077542341487792    0.0003497863165188
  0.0159433915930843    0.3560846318934432    0.0079415623474095    0.0003515352481014
  0.0160231085510497    0.3079749888783083    0.0068641792948474    0.0003532929243419
  0.0161032240938049    0.3380264308367009    0.0074302572063665    0.0003550593889636
  0.0161837402142740    0.3241971326511887    0.0070406626868093    0.0003568346859084
  0.0162646589153453    0.3532364036612451    0.0076125682676196    0.0003586188593380
  0.0163459822099221    0.3547234800853479    0.0077396264355118    0.0003604119536347
  0.0164277121209717    0.3415994403721104    0.0073193490379089    0.0003622140134028
  0.0165098506815765    0.3428061550313223    0.0074413308106607    0.0003640250834698
  0.0165923999349844    0.3288788563370569    0.0072494212978204    0.0003658452088872
  0.0166753619346593    0.3382865533618556    0.0074150266508527    0.0003676744349316
  0.0167587387443326    0.3206776666398466    0.0066630687202193    0.0003695128071063
  0.0168425324380543    0.3179093941507330    0.0065143925733164    0.0003713603711418
  0.0169267451002446    0.3049213916345953    0.0061987600803073    0.0003732171729975
  0.0170113788257458    0.2989315767176881    0.0061161210868256    0.0003750832588625
  0.0170964357198745    0.2953820429270861    0.0059510750158602    0.0003769586751568
  0.0171819178984739    0.2888543382352347    0.0059117509214260    0.0003788434685326
  0.0172678274879662    0.2785409099441030    0.0057524021151271    0.0003807376858753
  0.0173541666254061    0.2724195216983016    0.0056277675415659    0.0003826413743047
  0.0174409374585331    0.2548015500832744    0.0053431904895677    0.0003845545811762
  0.0175281421458258    0.2496013374982052    0.0052682269158005    0.0003864773540821
  0.0176157828565549    0.2368087473086830    0.0050028471055535    0.0003884097408525
  0.0177038617708377    0.2268501902553533    0.0048752730017727    0.0003903517895567
  0.0177923810796918    0.2004767062076734    0.0042683846772095    0.0003923035485045
  0.0178813429850903    0.1978335993887319    0.0042809735046057    0.0003942650662470
  0.0179707497000158    0.1779708939160851    0.0039313238943008    0.0003962363915783
  0.0180606034485158    0.1636872306428767    0.0036547181441846    0.0003982175735362
  0.0181509064657584    0.1551596525431776    0.0035456079956826    0.0004002086614038
  0.0182416609980872    0.1401033736400294    0.0032051989654792    0.0004022097047109
  0.0183328693030776    0.1288200967403653    0.0030435120173375    0.0004042207532344
  0.0184245336495930    0.1162500152352828    0.0028717102967967    0.0004062418570006
  0.0185166563178410    0.1014208838830376    0.0025991281089252    0.0004082730662856
  0.0186092395994302    0.0959674573648578    0.0025477394537766    0.0004103144316170
  0.0187022857974273    0.0869534629341968    0.0023011873726854    0.0004123660037751
  0.0187957972264145    0.0793043899963554    0.0022325369561168    0.0004144278337940
  0.0188897762125465    0.0683876222477028    0.0020660027263746    0.0004164999729630
  0.0189842250936093    0.0635621519589215    0.0019646864448114    0.0004185824728278
  0.0190791462190773    0.0569846104486040    0.0018763343370768    0.0004206753851919
  0.0191745419501727    0.0538889715504135    0.0017790056951940    0.0004227787621179
  0.0192704146599236    0.0459633894972608    0.0017013455936301    0.0004248926559285
  0.0193667667332232    0.0455643181332739    0.0016345589635918    0.0004270171192081
  0.0194636005668893    0.0414592590578794    0.0015673801624716    0.0004291522048041
  0.0195609185697237    0.0388893327623029    0.0015447396952342    0.0004312979658282
  0.0196587231625724    0.0349792296664014    0.0014946751455446    0.0004334544556573
  0.0197570167783852    0.0298418548829451    0.0013772481149539    0.0004356217279356
  0.0198558018622771    0.0335502480503669    0.0014350789370517    0.0004377998365753
  0.0199550808715885    0.0298216353857842    0.0013750492663821    0.0004399888357581
  0.0200548562759465    0.0280487456879318    0.0013812716962602    0.0004421887799369
  0.0201551305573262    0.0284510196208133    0.0014108463834131    0.0004443997238366
  0.0202559062101128    0.0266421303765337    0.0013959748939728    0.0004466217224558
  0.0203571857411634    0.0261312957579213    0.0013682001173035    0.0004488548310681
  0.0204589716698692    0.0247386705254337    0.0012974709014939    0.0004510991052234
  0.0205612665282185    0.0230701096502095    0.0012856289108563    0.0004533546007495
  0.0206640728608596    0.0186442453145534    0.0012758363769888    0.0004556213737533
  0.0207673932251639    0.0221707210582841    0.0012459951440436    0.0004578994806220
  0.0208712301912897    0.0195831538857525    0.0011859688102749    0.0004601889780252
  0.0209755863422462    0.0200989733685855    0.0011996804152366    0.0004624899229153
  0.0210804642739574    0.0171959445053636    0.0011650717742857    0.0004648023725299
  0.0211858665953272    0.0150446872748163    0.0010472744995444    0.0004671263843925
  0.0212917959283038    0.0133639606403085    0.0010240471382552    0.0004694620163145
  0.0213982549079454    0.0125014470482649    0.0010421985194469    0.0004718093263960
  0.0215052461824851    0.0125707585022080    0.0010014953447305    0.0004741683730280
  0.0216127724133975    0.0127739021874429    0.0009772310393855    0.0004765392148932
  0.0217208362754645    0.0107789622668053    0.0009388093564411    0.0004789219109676
  0.0218294404568418    0.0093509034418358    0.0009867325225612    0.0004813165205225
  0.0219385876591260    0.0084961194795196    0.0009638248387529    0.0004837231031251
  0.0220482805974216    0.0099473930572462    0.0009002353508643    0.0004861417186407
  0.0221585220004087    0.0101624892476808    0.0009379940936794    0.0004885724272339
  0.0222693146104108    0.0091909035058439    0.0009041262612034    0.0004910152893701
  0.0223806611834628    0.0112242129035398    0.0009030846186157    0.0004934703658169
  0.0224925644893802    0.0103379138426953    0.0009667768008288    0.0004959377176460
  0.0226050273118271    0.0089777050966565    0.0009397253920871    0.0004984174062342
  0.0227180524483862    0.0107048267251690    0.0009298300538646    0.0005009094932654
  0.0228316427106281    0.0120172813528315    0.0008953238396154    0.0005034140407317
  0.0229458009241813    0.0120674419440092    0.0009119845098212    0.0005059311109354
  0.0230605299288022    0.0120906356070435    0.0009217147988206    0.0005084607664901
  0.0231758325784462    0.0118481944431178    0.0009273544805813    0.0005110030703225
  0.0232917117413384    0.0134968350508267    0.0008956532090067    0.0005135580856741
  0.0234081703000451    0.0135865507729785    0.0008971789125170    0.0005161258761025
  0.0235252111515453    0.0125091230814445    0.0008967084562920    0.0005187065054830
  0.0236428372073030    0.0146603590817364    0.0008756284830495    0.0005213000380104
  0.0237610513933395    0.0140351503480629    0.0009067024891129    0.0005239065382005
  0.0238798566503062    0.0139460379397833    0.0008486557433146    0.0005265260708915
  0.0239992559335578    0.0156797664640120    0.0009048430371454    0.0005291587012459
  0.0241192522132255    0.0142139553192988    0.0008797643472616    0.0005318044947522
  0.0242398484742917    0.0141252142614850    0.0008292860620805    0.0005344635172259
  0.0243610477166631    0.0133118023633096    0.0008541468862446    0.0005371358348121
  0.0244828529552464    0.0145345433545344    0.0008017840303013    0.0005398215139861
  0.0246052672200227    0.0134096142757051    0.0008284957130414    0.0005425206215561
  0.0247282935561228    0.0134470253847331    0.0008328059560110    0.0005452332246638
  0.0248519350239034    0.0140374251573353    0.0007963224977583    0.0005479593907872
  0.0249761946990229    0.0123567947486277    0.0008010368074630    0.0005506991877411
  0.0251010756725180    0.0147513768762743    0.0007862814262077    0.0005534526836798
  0.0252265810508806    0.0110956525545353    0.0008558930470976    0.0005562199470982
  0.0253527139561350    0.0111561215802057    0.0007732677153926    0.0005590010468337
  0.0254794775259157    0.0120849196601749    0.0007263290510401    0.0005617960520679
  0.0256068749135453    0.0115932862528888    0.0007684645433335    0.0005646050323282
  0.0257349092881130    0.0134739525540827    0.0007242180494395    0.0005674280574898
  0.0258635838345535    0.0129689307826223    0.0007128580350858    0.0005702651977773
  0.0259929017537263    0.0122356051176995    0.0007309820492060    0.0005731165237662
  0.0261228662624949    0.0133754513418492    0.0007319360421340    0.0005759821063850
  0.0262534805938074    0.0114294613517558    0.0007243228013143    0.0005788620169169
  0.0263847479967764    0.0124717473937449    0.0007500690567688    0.0005817563270015
  0.0265166717367603    0.0129848439701245    0.0007162511121855    0.0005846651086365
  0.0266492550954441    0.0125721525525670    0.0007120878708790    0.0005875884341797
  0.0267825013709213    0.0135101213386480    0.0006803321165576    0.0005905263763506
  0.0269164138777759    0.0116672604101759    0.0006960104076092    0.0005934790082324
  0.0270509959471648    0.0140541342242886    0.0006706230475883    0.0005964464032735
  0.0271862509269006    0.0135717500947017    0.0006698276991434    0.0005994286352899
  0.0273221821815351    0.0121257743525364    0.0007028766030702    0.0006024257784663
  0.0274587930924428    0.0135524583867526    0.0006585666329199    0.0006054379073587
  0.0275960870579050    0.0137091611942579    0.0006958477800535    0.0006084650968955
  0.0277340674931945    0.0115383976082202    0.0006652285906663    0.0006115074223799
  0.0278727378306605    0.0117337316162609    0.0006472605721928    0.0006145649594918
  0.0280121015198138    0.0106800779466070    0.0006588804618338    0.0006176377842893
  0.0280121015198138    0.0127095017584458    0.0008253260975747    0.0006137412283081
  0.0281521620274129    0.0121672493987784    0.0007530436076852    0.0006168099344496
  0.0281521620274129    0.0108522940910607    0.0006135664366498    0.0006207259732107
  0.0282929228375499    0.0111640726838197    0.0006641395832357    0.0006238296030768
  0.0282929228375499    0.0116861809606293    0.0007490896787650    0.0006198939841218
  0.0284343874517377    0.0112075964507800    0.0006255757401633    0.0006269487510922
  0.0284343874517377    0.0104218806536599    0.0006558577039938    0.0006229934540424
  0.0285765593889964    0.0097639690592474    0.0006312710950398    0.0006261084213127
  0.0285765593889964    0.0100430831502833    0.0006130725163199    0.0006300834948476
  0.0287194421859414    0.0095059687869997    0.0005945024589937    0.0006332339123219
  0.0287194421859414    0.0094015588330293    0.0006092716759372    0.0006292389634192
  0.0288630393968711    0.0084692331856333    0.0005471827592184    0.0006323851582363
  0.0288630393968711    0.0080587532995622    0.0006050624585887    0.0006364000818835
  0.0290073545938554    0.0079059948628400    0.0005334562087211    0.0006355470840275
  0.0290073545938554    0.0082602588445086    0.0005448340290634    0.0006395820822929
  0.0291523913668247    0.0084558523979109    0.0005322011627259    0.0006427799927044
  0.0291523913668247    0.0078366787018541    0.0005172578144912    0.0006387248194476
  0.0292981533236588    0.0062726696689290    0.0004333570942891    0.0006419184435449
  0.0292981533236588    0.0083134150423836    0.0005372032362039    0.0006459938926679
  0.0294446440902771    0.0075175886106440    0.0004784626058380    0.0006451280357626
  0.0295918673107285    0.0061210172863734    0.0004151358546552    0.0006483536759414
  0.0297398266472821    0.0061716894229753    0.0004007536857841    0.0006515954443211
  0.0298885257805185    0.0064017697967249    0.0004254182960009    0.0006548534215427
  0.0300379684094211    0.0061662826449844    0.0003958795963341    0.0006581276886504
  0.0301881582514682    0.0062719859194906    0.0004037457970511    0.0006614183270937
  0.0303390990427256    0.0060054916512579    0.0003904399780856    0.0006647254187292
  0.0304907945379392    0.0052519977032990    0.0003486340434517    0.0006680490458228
  0.0306432485106289    0.0054171713949552    0.0003589525147023    0.0006713892910519
  0.0307964647531820    0.0046131597810777    0.0003100067709864    0.0006747462375072
  0.0309504470769479    0.0049130734013754    0.0003222069069153    0.0006781199686947
  0.0311051993123327    0.0041509851190243    0.0002833540581877    0.0006815105685382
  0.0312607253088943    0.0038647186133842    0.0002782556648628    0.0006849181213809
  0.0314170289354388    0.0035655490613057    0.0002640188221565    0.0006883427119878
  0.0315741140801160    0.0032150102770016    0.0002385573254892    0.0006917844255477
  0.0317319846505165    0.0034643796611607    0.0002443344620004    0.0006952433476755
  0.0318906445737691    0.0025706217446206    0.0002163379700356    0.0006987195644138
  0.0320500977966380    0.0027317899009849    0.0002184346095102    0.0007022131622359
  0.0322103482856212    0.0022241542706724    0.0001874087773607    0.0007057242280471
  0.0323714000270493    0.0015527359220138    0.0001631515875258    0.0007092528491873
  0.0325332570271845    0.0014471462650339    0.0001403022338707    0.0007127991134333
  0.0326959233123204    0.0016771636837350    0.0001537316831972    0.0007163631090004
  0.0328594029288820    0.0011950518399340    0.0001447358899237    0.0007199449245454
  0.0330236999435264    0.0010513337697029    0.0001199525564452    0.0007235446491682
  0.0331888184432441    0.0008444402798617    0.0001125372199486    0.0007271623724140
  0.0333547625354603    0.0007816928285228    0.0001130115280060    0.0007307981842761
  0.0335215363481376    0.0008913745228723    0.0001119576754472    0.0007344521751974
  0.0336891440298783    0.0009479024221207    0.0001144561002118    0.0007381244360734
  0.0338575897500276    0.0009192795272902    0.0001118428283976    0.0007418150582538
  0.0340268776987778    0.0008326460917804    0.0001126791126081    0.0007455241335451
  0.0341970120872717    0.0008907505186372    0.0001130873859295    0.0007492517542128
  0.0343679971477080    0.0006980091321438    0.0000973219384971    0.0007529980129839
  0.0345398371334466    0.0008146421156761    0.0001081986145941    0.0007567630030488
  0.0347125363191138    0.0007550602798994    0.0000915929522731    0.0007605468180640
  0.0348860990007094    0.0009191103345394    0.0001081844561625    0.0007643495521543
  0.0350605294957129    0.0008116643714424    0.0001110697808612    0.0007681712999151
  0.0352358321431915    0.0008205482995056    0.0000984120479505    0.0007720121564147
  0.0354120113039074    0.0008564844786270    0.0000977037342592    0.0007758722171968
  0.0355890713604269    0.0006920331409964    0.0000991211561049    0.0007797515782827
  0.0357670167172291    0.0008428874993924    0.0001005782336900    0.0007836503361742
  0.0359458518008152    0.0010422677318246    0.0001046811920731    0.0007875685878550
  0.0361255810598193    0.0010415353617263    0.0001020584819692    0.0007915064307943
  0.0363062089651184    0.0009645212789970    0.0001022955448527    0.0007954639629483
  0.0364877400099440    0.0010430252064676    0.0000917479944476    0.0007994412827630
  0.0366701787099937    0.0013993684089863    0.0001112269728025    0.0008034384891768
  0.0368535296035436    0.0012965581382074    0.0001082171824585    0.0008074556816227
  0.0370377972515614    0.0014237210619575    0.0001068845704198    0.0008114929600308
  0.0372229862378192    0.0014682038981251    0.0001120647673230    0.0008155504248310
  0.0374091011690083    0.0014704885465521    0.0001035362927799    0.0008196281769551
  0.0375961466748533    0.0018680802093338    0.0001195120010391    0.0008237263178399
  0.0377841274082275    0.0016677401521970    0.0001068841361598    0.0008278449494291
  0.0379730480452687    0.0018365755610675    0.0001114200695944    0.0008319841741763
  0.0381629132854950    0.0017518590590841    0.0001107006287424    0.0008361440950471
  0.0383537278519225    0.0021160731438414    0.0001256105032514    0.0008403248155224
  0.0385454964911821    0.0016381687944618    0.0001023604749631    0.0008445264396000
  0.0387382239736380    0.0018690808068721    0.0001104642527266    0.0008487490717980
  0.0389319150935062    0.0019692306956754    0.0001124260487084    0.0008529928171570
  0.0391265746689737    0.0020019601067390    0.0001110150480845    0.0008572577812428
  0.0393222075423186    0.0017972978892787    0.0001088934528331    0.0008615440701490
  0.0395188185800302    0.0017338160410703    0.0001020996785041    0.0008658517904997
  0.0397164126729303    0.0018799608491624    0.0001043497024431    0.0008701810494522
  0.0399149947362950    0.0016407763895162    0.0000937224254410    0.0008745319546995
  0.0401145697099764    0.0018984339552368    0.0001053400772832    0.0008789046144730
  0.0403151425585263    0.0016836301838134    0.0000959162400621    0.0008832991375453
  0.0405167182713189    0.0016330565367951    0.0000936446382538    0.0008877156332331
  0.0407193018626755    0.0017994646114539    0.0000954636032544    0.0008921542113992
  0.0409228983719889    0.0015587843948314    0.0000902165504294    0.0008966149824562
  0.0411275128638489    0.0015038075809813    0.0000881394416037    0.0009010980573685
  0.0413331504281681    0.0016758553258776    0.0000906775192884    0.0009056035476554
  0.0415398161803089    0.0015116422119818    0.0000836396862715    0.0009101315653936
  0.0417475152612105    0.0015368912698616    0.0000838900878033    0.0009146822232206
  0.0419562528375165    0.0013912317365741    0.0000790683124596    0.0009192556343367
  0.0421660341017041    0.0014836987132250    0.0000811663893495    0.0009238519125084
  0.0423768642722126    0.0013129707719185    0.0000755079291514    0.0009284711720709
  0.0425887485935737    0.0012032840195239    0.0000730862669630    0.0009331135279313
  0.0428016923365415    0.0012475372489894    0.0000751476419721    0.0009377790955709
  0.0430157007982242    0.0011404521012673    0.0000687827589289    0.0009424679910488
  0.0432307793022154    0.0010694934616086    0.0000670017578313    0.0009471803310040
  0.0434469331987264    0.0010487922178075    0.0000656344495595    0.0009519162326591
  0.0436641678647200    0.0009465393296926    0.0000646781991727    0.0009566758138224
  0.0438824887040437    0.0009372373092496    0.0000598119920867    0.0009614591928915
  0.0441019011475639    0.0007063559003566    0.0000504418397977    0.0009662664888559
  0.0443224106533017    0.0006942518119998    0.0000523718227406    0.0009710978213002
  0.0445440227065682    0.0005267895257980    0.0000463091822791    0.0009759533104067
  0.0447667428201010    0.0005407824495710    0.0000490494192196    0.0009808330769587
  0.0449905765342015    0.0005241440411276    0.0000460259205477    0.0009857372423435
  0.0452155294168725    0.0004744456303234    0.0000415309126189    0.0009906659285552
  0.0454416070639569    0.0004855243796239    0.0000423625550269    0.0009956192581980
  0.0456688150992767    0.0003949446337641    0.0000423528249266    0.0010005973544890
  0.0458971591747730    0.0004287103739750    0.0000400872818278    0.0010056003412615
  0.0461266449706469    0.0002910868797937    0.0000381347752755    0.0010106283429678
  0.0463572781955001    0.0002952011959737    0.0000346452452768    0.0010156814846826
  0.0465890645864776    0.0002450053940115    0.0000334483037141    0.0010207598921060
  0.0468220099094100    0.0001493700069805    0.0000304571336185    0.0010258636915665
  0.0470561199589570    0.0002407114638791    0.0000333053526716    0.0010309930100244
  0.0472914005587518    0.0001686919459655    0.0000285679336259    0.0010361479750745
  0.0475278575615456    0.0001722804733342    0.0000309659813265    0.0010413287149499
  0.0477654968493533    0.0001559500933171    0.0000278975780859    0.0010465353585246
  0.0480043243336001    0.0001305550186025    0.0000288837538181    0.0010517680353172
  0.0482443459552681    0.0001324183166510    0.0000287177712445    0.0010570268754938
  0.0484855676850444    0.0001313705748432    0.0000282373497187    0.0010623120098713
  0.0487279955234696    0.0001151448907627    0.0000258732678118    0.0010676235699207
  0.0489716355010870    0.0001102093725609    0.0000280934068154    0.0010729616877703
  0.0492164936785924    0.0001178044770535    0.0000283937430726    0.0010783264962091
  0.0494625761469853    0.0001312176658679    0.0000298028061778    0.0010837181286902
  0.0497098890277203    0.0001418624435595    0.0000250388790993    0.0010891367193336
  0.0499584384728589    0.0000697781732356    0.0000293003251475    0.0010945824029303
  0.0502082306652232    0.0001732568865022    0.0000288343599634    0.0011000553149449
  0.0504592718185493    0.0002166273155850    0.0000297544531701    0.0011055555915197
  0.0507115681776420    0.0001847005124253    0.0000265897136518    0.0011110833694773
  0.0509651260185302    0.0001678658958109    0.0000249692253914    0.0011166387863246
  0.0512199516486228    0.0001870850778915    0.0000295545465482    0.0011222219802563
  0.0514760514068660    0.0002156261975269    0.0000270511684025    0.0011278330901575
  0.0517334316639003    0.0002532376440440    0.0000278208473126    0.0011334722556083
  0.0519920988222198    0.0002429618077798    0.0000279676496050    0.0011391396168864
  0.0522520593163309    0.0002590232159626    0.0000261434409094    0.0011448353149708
  0.0525133196129125    0.0002831455619623    0.0000281052414174    0.0011505594915457
  0.0527758862109771    0.0002762531389318    0.0000286798310371    0.0011563122890034
  0.0530397656420320    0.0002315042868129    0.0000274459936560    0.0011620938504484
  0.0533049644702421    0.0002713407973973    0.0000267924196890    0.0011679043197006
  0.0535714892925933    0.0002682497581185    0.0000287517329912    0.0011737438412991
  0.0538393467390563    0.0003180621139061    0.0000289270738597    0.0011796125605056
  0.0541085434727516    0.0003242526547705    0.0000302853593311    0.0011855106233082
  0.0543790861901153    0.0003017252822848    0.0000279360091792    0.0011914381764247
  0.0546509816210659    0.0003437950175724    0.0000273938389556    0.0011973953673068
  0.0549242365291712    0.0003029864254983    0.0000264033063208    0.0012033823441434
  0.0551988577118171    0.0003013857274005    0.0000271142147557    0.0012093992558641
  0.0554748520003761    0.0003003987444834    0.0000240349055481    0.0012154462521434
  0.0557522262603780    0.0002996213335305    0.0000258859517194    0.0012215234834041
  0.0560309873916799    0.0002675732185287    0.0000249540182247    0.0012276311008211
  0.0563111423286383    0.0002807871061186    0.0000247863934332    0.0012337692563252
  0.0565926980402815    0.0002542043791327    0.0000257935400093    0.0012399381026069
  0.0568756615304829    0.0002254273752798    0.0000226220662985    0.0012461377931199
  0.0571600398381353    0.0002834062453431    0.0000246781654129    0.0012523684820855
  0.0574458400373259    0.0002056942573387    0.0000237013417758    0.0012586303244959
  0.0577330692375126    0.0001956885601388    0.0000220254271720    0.0012649234761184
  0.0580217345837001    0.0002078866094527    0.0000229585144757    0.0012712480934990
  0.0583118432566186    0.0001767621567264    0.0000212097121412    0.0012776043339665
  0.0586034024729017    0.0001644289163360    0.0000209781690919    0.0012839923556363
  0.0588964194852662    0.0001185487796840    0.0000196348029350    0.0012904123174145
  0.0591909015826925    0.0001504958718457    0.0000207532017153    0.0012968643790016
  0.0594868560906060    0.0001301168437116    0.0000204132069679    0.0013033487008966
  0.0597842903710590    0.0001191866980618    0.0000181268832078    0.0013098654444011
  0.0600832118229143    0.0001127748988654    0.0000181035218996    0.0013164147716231
  0.0603836278820289    0.0000832408253945    0.0000184910743744    0.0013229968454812
  0.0606855460214390    0.0000768640643399    0.0000185926301177    0.0013296118297086
  0.0609889737515462    0.0000782521203137    0.0000170847989571    0.0013362598888571
  0.0612939186203039    0.0000873788399076    0.0000164649109718    0.0013429411883014
  0.0616003882134054    0.0000727155345539    0.0000168039967978    0.0013496558942429
  0.0619083901544725    0.0000665228050337    0.0000159828344739    0.0013564041737142
  0.0622179321052448    0.0000521317705198    0.0000167416099471    0.0013631861945827
  0.0625290217657710    0.0000370661487516    0.0000177785291898    0.0013700021255556
  0.0628416668745999    0.0000329323914189    0.0000168708887523    0.0013768521361834
  0.0631558752089729    0.0000569488025306    0.0000144953263345    0.0013837363968643
  0.0634716545850177    0.0000484444919990    0.0000154293519234    0.0013906550788487
  0.0637890128579428    0.0000272592594800    0.0000157104067119    0.0013976083542429
  0.0641079579222325    0.0000501167961456    0.0000148490742556    0.0014045963960141
  0.0644284977118437    0.0000289958365407    0.0000156506961555    0.0014116193779942
  0.0647506402004029    0.0000301658643857    0.0000157673967606    0.0014186774748842
  0.0650743934014049    0.0000415963450954    0.0000157038054094    0.0014257708622586
  0.0653997653684119    0.0000381811328594    0.0000153312533617    0.0014328997165699
  0.0657267641952540    0.0000695958505941    0.0000159998909979    0.0014400642151527
  0.0660553980162302    0.0000445705544800    0.0000161441732949    0.0014472645362285
  0.0663856750063114    0.0000468521962133    0.0000165326519814    0.0014545008589096
  0.0667176033813429    0.0000623620934174    0.0000168990008747    0.0014617733632042
  0.0670511913982496    0.0000562958102039    0.0000159847392779    0.0014690822300202
  0.0673864473552409    0.0000505791463894    0.0000154268755488    0.0014764276411703
  0.0677233795920171    0.0000537296412528    0.0000151347844893    0.0014838097793761
  0.0680619964899772    0.0000735934135625    0.0000165167967628    0.0014912288282730
  0.0684023064724270    0.0000793127653629    0.0000168551658593    0.0014986849724144
  0.0687443180047892    0.0000510332186441    0.0000150456580025    0.0015061783972765
  0.0690880395948131    0.0000552275081680    0.0000150158988051    0.0015137092892628
  0.0694334797927871    0.0000845279936668    0.0000163449600827    0.0015212778357092
  0.0697806471917511    0.0000600066347779    0.0000157563369666    0.0015288842248877
  0.0701295504277098    0.0000656067340713    0.0000158808663835    0.0015365286460121
  0.0704801981798484    0.0000637524471706    0.0000146612228267    0.0015442112892422
  0.0708325991707476    0.0000715160160065    0.0000160041868903    0.0015519323456884
  0.0711867621666013    0.0000699820350977    0.0000162763624173    0.0015596920074169
  0.0715426959774343    0.0000711401950226    0.0000168756561540    0.0015674904674539
  0.0719004094573215    0.0000426363965245    0.0000158821960855    0.0015753279197912
  0.0722599115046081    0.0000770656099613    0.0000151953465663    0.0015832045593902
  0.0726212110621311    0.0000586430706905    0.0000139638587948    0.0015911205821871
  0.0729843171174418    0.0000734335154097    0.0000150436772129    0.0015990761850980
  0.0733492387030290    0.0001017264562647    0.0000142553751377    0.0016070715660235
  0.0737159848965441    0.0000182430321367    0.0000150575872232    0.0016151069238537
  0.0740845648210268    0.0000496088052430    0.0000141776836094    0.0016231824584729
  0.0744549876451319    0.0000206342044749    0.0000134029930283    0.0016312983707653
  0.0748272625833576    0.0000132146784899    0.0000133568339109    0.0016394548626191
  0.0752013988962744    0.0000481166750496    0.0000140534233181    0.0016476521369322
  0.0755774058907557    0.0000218509636105    0.0000119524146852    0.0016558903976169
  0.0759552929202095    0.0000056443021907    0.0000136678320310    0.0016641698496050
  0.0763350693848105    0.0000141162677906    0.0000141742113695    0.0016724906988530
  0.0767167447317346    0.0000370839669629    0.0000127405378903    0.0016808531523472
  0.0771003284553933    0.0000060690056496    0.0000127664543607    0.0016892574181090
  0.0774858300976702    0.0000385544473892    0.0000115735510380    0.0016977037051995
  0.0778732592481586    0.0000196757179147    0.0000126067071938    0.0017061922237255
  0.0782626255443993    0.0000366896160665    0.0000118517057429    0.0017147231848442
  0.0786539386721213    0.0000243480636600    0.0000117104544179    0.0017232968007684
  0.0790472083654819    0.0000199976644872    0.0000117077535166    0.0017319132847722
  0.0794424444073093    0.0000346266361713    0.0000110223406467    0.0017405728511961
  0.0798396566293459    0.0000279893509024    0.0000116981246588    0.0017492757154521
  0.0802388549124926    0.0000168605440254    0.0000129787950544    0.0017580220940293
  0.0806400491870551    0.0000314058500900    0.0000122609031317    0.0017668122044995
  0.0810432494329903    0.0000163653958147    0.0000112131423959    0.0017756462655220
  0.0814484656801553    0.0000119416162671    0.0000121329119715    0.0017845244968496
  0.0814484656801553    0.0000069332828201    0.0000101127420808    0.0017824825338035
  0.0818557080085560    0.0000131609536697    0.0000048722881170    0.0017913949464725
  0.0818557080085560    0.0000176829341764    0.0000122887643322    0.0017934471193338
  0.0822649865485988    0.0000268888222256    0.0000113974880839    0.0018024143549305
  0.0822649865485988    0.0000113914533297    0.0000046157377484    0.0018003519212049
  0.0826763114813418    0.0000148872220950    0.0000041459994111    0.0018093536808109
  0.0826763114813418    0.0000201141334876    0.0000123753139753    0.0018114264267051
  0.0830896930387485    0.0000301119829768    0.0000121662010847    0.0018204835588387
  0.0830896930387485    0.0000204636715339    0.0000050992033900    0.0018184004492150
  0.0835051415039422    0.0000322049802889    0.0000056905664923    0.0018274924514611
  0.0835051415039422   -0.0000004363304819    0.0000113708980617    0.0018295859766329
  0.0839226672114619    0.0000123080606233    0.0000130902357073    0.0018387339065160
  0.0839226672114619    0.0000123348453898    0.0000045275142587    0.0018366299137184
  0.0843422805475192    0.0000289862910933    0.0000056132334758    0.0018458130632869
  0.0843422805475192    0.0000205602925038    0.0000128120846215    0.0018479275760486
  0.0847639919502568    0.0000054001800245    0.0000121446791179    0.0018571672139288
  0.0847639919502568    0.0000243868143213    0.0000048311728746    0.0018550421286034
  0.0851878119100081    0.0000212729617707    0.0000049832046928    0.0018643173392464
  0.0851878119100081    0.0000327483642914    0.0000122017717205    0.0018664530499985
  0.0856137509695581    0.0000219139430731    0.0000049351127354    0.0018736389259426
  0.0856137509695581    0.0000351436373064    0.0000115633800917    0.0018757853152485
  0.0860418197244059    0.0000489599723078    0.0000122413260611    0.0018851642418247
  0.0860418197244059    0.0000303877921470    0.0000051934610162    0.0018830071205723
  0.0864720288230279    0.0000288614364865    0.0000127820099007    0.0018945900630338
  0.0864720288230279    0.0000214162454627    0.0000048215478829    0.0018924221561752
  0.0869043889671431    0.0000265008655574    0.0000123216066541    0.0019040630133490
  0.0869043889671431    0.0000222580821796    0.0000050924790656    0.0019018842669561
  0.0873389109119788    0.0000250835118230    0.0000053143434036    0.0019113936882909
  0.0873389109119788    0.0000261428295149    0.0000116261866499    0.0019135833284158
  0.0877756054665386    0.0000303769751083    0.0000123363566567    0.0019231512450578
  0.0877756054665386    0.0000326472026751    0.0000053664654347    0.0019209506567323
  0.0882144834938713    0.0000303313331377    0.0000056452031061    0.0019305554100160
  0.0882144834938713    0.0000351686746901    0.0000129571790467    0.0019327670012831
  0.0886555559113407    0.0000173069725110    0.0000120966801486    0.0019424308362895
  0.0886555559113407    0.0000301410870472    0.0000053280809614    0.0019402081870661
  0.0890988336908974    0.0000224153205827    0.0000050992893891    0.0019499092280014
  0.0890988336908974    0.0000348875504243    0.0000113901335512    0.0019521429904710
  0.0895443278593518    0.0000253277461137    0.0000116138280744    0.0019619037054233
  0.0895443278593518    0.0000188156955029    0.0000051689729588    0.0019596587741414
  0.0899920494986486    0.0000133682440378    0.0000050130537452    0.0019694570680121
  0.0899920494986486    0.0000424635329425    0.0000114126673124    0.0019717132239505
  0.0904420097461418    0.0000228787133419    0.0000120611988749    0.0019815717900702
  0.0904420097461418    0.0000155877356757    0.0000049212004354    0.0019793043533522
  0.0908942197948725    0.0000103706126207    0.0000050721239116    0.0019892008751189
  0.0908942197948725    0.0000215248428358    0.0000109757375082    0.0019914796490206
  0.0913486908938469    0.0000116674992879    0.0000046147547212    0.0019991468794945
  0.0913486908938469    0.0000051879505314    0.0000111390304700    0.0020014370472657
  0.0918054343483161    0.0000113935170934    0.0000044326558748    0.0020091426138920
  0.0918054343483161    0.0000026592712155    0.0000115568854593    0.0020114442325020
  0.0922644615200577    0.0000108256319744    0.0000045686077122    0.0020191883269614
  0.0922644615200577    0.0000003365197025    0.0000126490271982    0.0020215014536645
  0.0927257838276579   -0.0000071690933039    0.0000133527181483    0.0020316089609328
  0.0927257838276579    0.0000088494596138    0.0000046918445830    0.0020292842685963
  0.0931894127467962    0.0000076526454820    0.0000045405939314    0.0020394306899392
  0.0931894127467962   -0.0000143906726023    0.0000131869871813    0.0020417670057375
  0.0936553598105302    0.0000262779046738    0.0000111915008973    0.0020519758407662
  0.0936553598105302    0.0000060410700453    0.0000044003220332    0.0020496278433889
  0.0941236366095829    0.0000085467586070    0.0000040912196541    0.0020598759826059
  0.0941236366095829    0.0000138668109005    0.0000114665660505    0.0020622357199700
  0.0945942547926308    0.0000106266938316    0.0000041758233479    0.0020701753625189
  0.0945942547926308   -0.0000042099540875    0.0000123869973732    0.0020725468985699
  0.0950672260665939    0.0000033909139307    0.0000039710587178    0.0020805262393315
  0.0950672260665939    0.0000355997056631    0.0000117666875436    0.0020829096330627
  0.0955425621969268    0.0000088484261225    0.0000039274515380    0.0020909288705282
  0.0960202750079115    0.0000074820469128    0.0000044145209452    0.0021013835148808
  0.0965003763829510    0.0000114308022710    0.0000044671727038    0.0021118904324552
  0.0969828782648658    0.0000072640304551    0.0000037440050465    0.0021224498846175
  0.0974677926561901    0.0000163243331767    0.0000040382198255    0.0021330621340406
  0.0979551316194710    0.0000157888993888    0.0000041063226896    0.0021437274447108
  0.0984449072775684    0.0000062994194785    0.0000037510132979    0.0021544460819343
  0.0989371318139562    0.0000147498266273    0.0000039793808681    0.0021652183123440
  0.0994318174730260    0.0000095607522708    0.0000037834850761    0.0021760444039057
  0.0999289765603911    0.0000136344167241    0.0000040374779699    0.0021869246259252
  0.1004286214431930    0.0000138829209351    0.0000039676781617    0.0021978592490549
  0.1009307645504090    0.0000135762972493    0.0000041351153295    0.0022088485453001
  0.1014354183731610    0.0000139805955354    0.0000035892515392    0.0022198927880266
  0.1019425954650268    0.0000146057975859    0.0000035625298527    0.0022309922519668
  0.1024523084423520    0.0000155761258628    0.0000039618096840    0.0022421472132266
  0.1029645699845637    0.0000114878113569    0.0000036273070862    0.0022533579492927
  0.1034793928344865    0.0000136036678452    0.0000035437811394    0.0022646247390392
  0.1039967897986589    0.0000164582907384    0.0000036052067735    0.0022759478627344
  0.1045167737476522    0.0000126948504731    0.0000032703893281    0.0022873276020481
  0.1050393576163905    0.0000128738948513    0.0000034375694136    0.0022987642400583
  0.1055645544044724    0.0000103344943571    0.0000033857037885    0.0023102580612586
  0.1060923771764948    0.0000113586954506    0.0000033352590046    0.0023218093515649
  0.1066228390623772    0.0000024490248907    0.0000031494186802    0.0023334183983227
  0.1071559532576891    0.0000106415077834    0.0000034383197340    0.0023450854903143
  0.1076917330239775    0.0000022265612448    0.0000032566464906    0.0023568109177659
  0.1082301916890974    0.0000109163029464    0.0000030921228749    0.0023685949723547
  0.1087713426475429    0.0000077502431475    0.0000030442873754    0.0023804379472165
  0.1093151993607806    0.0000050530094751    0.0000029075070863    0.0023923401369526
  0.1098617753575845    0.0000072897175147    0.0000029039699345    0.0024043018376374
  0.1104110842343724    0.0000046176110964    0.0000029626642738    0.0024163233468255
  0.1109631396555442    0.0000087795978549    0.0000027477208719    0.0024284049635597
  0.1115179553538219    0.0000040101902333    0.0000028291630793    0.0024405469883775
  0.1120755451305910    0.0000074714322544    0.0000027453097679    0.0024527497233194
  0.1126359228562440    0.0000069908114215    0.0000027317443879    0.0024650134719359
  0.1131991024705252    0.0000030440947165    0.0000028451933273    0.0024773385392956
  0.1137650979828778    0.0000080534573542    0.0000027693775957    0.0024897252319921
  0.1143339234727922    0.0000096067018468    0.0000027949606778    0.0025021738581521
  0.1149055930901561    0.0000066153968274    0.0000027090456684    0.0025146847274428
  0.1154801210556069    0.0000090121327919    0.0000027076890649    0.0025272581510800
  0.1160575216608849    0.0000090179661374    0.0000026551274009    0.0025398944418354
  0.1166378092691893    0.0000065416116659    0.0000025454370565    0.0025525939140446
  0.1172209983155353    0.0000099193275819    0.0000024871908027    0.0025653568836148
  0.1178071033071129    0.0000062850614968    0.0000025642436133    0.0025781836680329
  0.1183961388236485    0.0000071275713013    0.0000025072587263    0.0025910745863731
  0.1189881195177667    0.0000034942809915    0.0000024598889394    0.0026040299593049
  0.1195830601153555    0.0000054683306005    0.0000023786716595    0.0026170501091015
  0.1201809754159323    0.0000055956774785    0.0000024831938437    0.0026301353596470
  0.1207818802930119    0.0000077235517679    0.0000023857852132    0.0026432860364452
  0.1213857896944770    0.0000057918768862    0.0000023639637416    0.0026565024666274
  0.1219927186429494    0.0000067860561495    0.0000023611204866    0.0026697849789606
  0.1226026822361641    0.0000080492976231    0.0000022528865998    0.0026831339038554
  0.1232156956473449    0.0000037876699222    0.0000021579846503    0.0026965495733746
  0.1238317741255816    0.0000049236903258    0.0000022637828126    0.0027100323212415
  0.1244509329962095    0.0000032064670541    0.0000022772946309    0.0027235824828477
  0.1250731876611905    0.0000030894157393    0.0000022278188062    0.0027372003952620
  0.1256985535994965    0.0000038520793430    0.0000020679379084    0.0027508863972383
  0.1263270463674940    0.0000061751432530    0.0000022115866250    0.0027646408292245
  0.1269586815993314   -0.0000001699871269    0.0000021743442178    0.0027784640333706
  0.1275934750073280    0.0000038812055487    0.0000021536616415    0.0027923563535374
  0.1282314423823647    0.0000037033020126    0.0000020548916569    0.0028063181353051
  0.1288725995942765    0.0000037391991872    0.0000021496654490    0.0028203497259817
  0.1295169625922478    0.0000054931547212    0.0000020172714821    0.0028344514746116
  0.1301645474052091    0.0000018749998585    0.0000019965986100    0.0028486237319846
  0.1308153701422351    0.0000046439646249    0.0000020535754199    0.0028628668506445
  0.1314694469929463    0.0000039407839693    0.0000019980430652    0.0028771811848978
  0.1321267942279110    0.0000020012572071    0.0000019386924930    0.0028915670908223
  0.1327874281990505    0.0000014262174993    0.0000020303499504    0.0029060249262764
  0.1334513653400458    0.0000032870341616    0.0000018475212995    0.0029205550509077
  0.1341186221667460    0.0000022838532953    0.0000018888043231    0.0029351578261623
  0.1347892152775797    0.0000047856113850    0.0000019458200114    0.0029498336152931
  0.1354631613539676    0.0000013532589132    0.0000018026420359    0.0029645827833696
  0.1361404771607374    0.0000007368380292    0.0000018818843074    0.0029794056972864
  0.1368211795465411    0.0000033988778251    0.0000017732779276    0.0029943027257728
  0.1375052854442738    0.0000042099738797    0.0000017980907968    0.0030092742394017
  0.1381928118714951    0.0000034512190228    0.0000018077018593    0.0030243206105987
  0.1388837759308526    0.0000021274059935    0.0000017937466393    0.0030394422136517
  0.1395781948105068    0.0000037287152002    0.0000016885958970    0.0030546394247200
  0.1402760857845594    0.0000027908773084    0.0000017112968935    0.0030699126218436
  0.1409774662134821    0.0000028834198341    0.0000017502714279    0.0030852621849528
  0.1416823535445495    0.0000004395588482    0.0000017307453584    0.0031006884958775
  0.1423907653122723    0.0000042898538019    0.0000016866617162    0.0031161919383569
  0.1431027191388336    0.0000057560790091    0.0000017096217506    0.0031317728980487
  0.1438182327345278    0.0000028033704692    0.0000018055588795    0.0031474317625390
  0.1445373238982004    0.0000028475865705    0.0000018386793268    0.0031631689213517
  0.1452600105176914    0.0000005520021585    0.0000016288011218    0.0031789847659584
  0.1459863105702798    0.0000007401655138    0.0000015688111211    0.0031948796897882
  0.1467162421231312    0.0000044518989505    0.0000016706379060    0.0032108540882371
  0.1474498233337468    0.0000012126243130    0.0000014918090676    0.0032269083586783
  0.1481870724504156   -0.0000002432210210    0.0000016250676362    0.0032430429004717
  0.1489280078126676    0.0000033830112097    0.0000015544135642    0.0032592581149741
  0.1496726478517310    0.0000016967404223    0.0000015608148004    0.0032755544055490
  0.1504210110909896    0.0000018695636661    0.0000016236114205    0.0032919321775767
  0.1511731161464445    0.0000022298064935    0.0000015196124277    0.0033083918384646
  0.1519289817271767    0.0000021671844992    0.0000015254165930    0.0033249337976569
  0.1526886266358126    0.0000001713816230    0.0000015163125156    0.0033415584666452
  0.1534520697689916    0.0000018494261283    0.0000014763497232    0.0033582662589784
  0.1542193301178366    0.0000023133987415    0.0000014967995430    0.0033750575902733
  0.1549904267684257    0.0000016229278849    0.0000015118431323    0.0033919328782247
  0.1557653789022678    0.0000003651319524    0.0000014992488117    0.0034088925426158
  0.1565442057967792   -0.0000000905882291    0.0000014765756618    0.0034259370053289
  0.1573269268257630    0.0000020707634736    0.0000015740768377    0.0034430666903555
  0.1581135614598919   -0.0000000358386641    0.0000015112761017    0.0034602820238073
  0.1589041292671913   -0.0000020053660346    0.0000014062102278    0.0034775834339263
  0.1596986499135272    0.0000009090648894    0.0000013700940367    0.0034949713510960
  0.1604971431630948    0.0000018209199587    0.0000014164102869    0.0035124462078514
  0.1612996288789103    0.0000029131378855    0.0000014177351766    0.0035300084388907
  0.1621061270233048   -0.0000000959563530    0.0000014192055502    0.0035476584810851
  0.1629166576584213    0.0000043615405091    0.0000014423706843    0.0035653967734906
  0.1637312409467134    0.0000014294204504    0.0000013626187845    0.0035832237573580
  0.1645498971514470    0.0000022526890011    0.0000014544493654    0.0036011398761448
  0.1653726466372042    0.0000010297717631    0.0000014294687703    0.0036191455755255
  0.1661995098703902    0.0000007801958760    0.0000014051337646    0.0036372413034032
  0.1670305074197421    0.0000018222484122    0.0000014029749522    0.0036554275099202
  0.1678656599568408    0.0000017586302546    0.0000013718985973    0.0036737046474698
  0.1687049882566250    0.0000002729093641    0.0000013706513076    0.0036920731707071
  0.1695485131979081    0.0000008831672315    0.0000013473489357    0.0037105335365607
  0.1703962557638976   -0.0000009815254172    0.0000013602761802    0.0037290862042435
  0.1712482370427171    0.0000000534493589    0.0000013481768882    0.0037477316352647
  0.1721044782279307   -0.0000003235489103    0.0000013662810861    0.0037664702934410
  0.1729650006190703    0.0000005015136088    0.0000013551890186    0.0037853026449082
  0.1738298256221656    0.0000023903943872    0.0000013683614929    0.0038042291581328
  0.1746989747502765    0.0000023084707908    0.0000013949437250    0.0038232503039234
  0.1755724696240278    0.0000031422686555    0.0000013481238393    0.0038423665554430
  0.1764503319721480   -0.0000002933015345    0.0000013442936132    0.0038615783882202
  0.1773325836320087    0.0000008013451343    0.0000013919586535    0.0038808862801614
  0.1782192465501687    0.0000007901747976    0.0000013356282868    0.0039002907115622
  0.1791103427829195    0.0000003254855722    0.0000013563308894    0.0039197921651200
  0.1800058944968341    0.0000014531123146    0.0000013341493048    0.0039393911259456
  0.1809059239693183    0.0000002304100170    0.0000013449398387    0.0039590880815753
  0.1818104535891648   -0.0000017628506118    0.0000013476544781    0.0039788835219832
  0.1827195058571106   -0.0000009121267599    0.0000013883393437    0.0039987779395931
  0.1836331033863962    0.0000009595713368    0.0000013298961048    0.0040187718292910
  0.1845512689033281    0.0000025854102458    0.0000013169855913    0.0040388656884375
  0.1854740252478447    0.0000028485031446    0.0000013275444754    0.0040590600168797
  0.1864013953740840    0.0000015386824652    0.0000013533571758    0.0040793553169641
  0.1873334023509544   -0.0000010800981643    0.0000013610935919    0.0040997520935489
  0.1882700693627091   -0.0000012444537531    0.0000013958113002    0.0041202508540167
  0.1892114197095226    0.0000016748344165    0.0000013904442754    0.0041408521082867
  0.1901574768080702    0.0000007946608195    0.0000014723225367    0.0041615563688282
  0.1911082641921105    0.0000013706332954    0.0000014890661498    0.0041823641506723
  0.1920638055130711   -0.0000001736984541    0.0000014541988893    0.0042032759714257
  0.1930241245406364    0.0000001058488889    0.0000014397394856    0.0042242923512828
  0.1939892451633396    0.0000001776443366    0.0000014146176751    0.0042454138130392
  0.1949591913891562   -0.0000002042033245    0.0000014179217532    0.0042666408821044
  0.1959339873461020   -0.0000007580749144    0.0000014020468145    0.0042879740865149
  0.1969136572828325    0.0000003887933813    0.0000013685264199    0.0043094139569475
  0.1978982255692466   -0.0000004761342488    0.0000013670001061    0.0043309610267322
  0.1988877166970929    0.0000021099286239    0.0000013363070615    0.0043526158318659
  0.1998821552805783    0.0000014503971139    0.0000013449315084    0.0043743789110252
  0.2008815660569812    0.0000012382315414    0.0000013344406904    0.0043962508055804
  0.2018859738872660   -0.0000002504953538    0.0000013134614330    0.0044182320596083
  0.2028954037567023    0.0000004519522803    0.0000013324520673    0.0044403232199063
  0.2039098807754859   -0.0000011347922048    0.0000013215100423    0.0044625248360058
  0.2049294301793633   -0.0000003825327593    0.0000013034045366    0.0044848374601859
  0.2059540773302601   -0.0000012998921358    0.0000012795858865    0.0045072616474868
  0.2069838477169113    0.0000004041808190    0.0000012979995394    0.0045297979557242
  0.2080187669554959   -0.0000000029773270    0.0000013043281730    0.0045524469455028
  0.2090588607902733   -0.0000003665174198    0.0000012829560660    0.0045752091802304
  0.2101041550942246   -0.0000016359247826    0.0000012463659140    0.0045980852261315
  0.2111546758696958    0.0000028446396083    0.0000012890319385    0.0046210756522622
  0.2122104492490442    0.0000024330789224    0.0000012816401841    0.0046441810305235
  0.2132715014952894    0.0000007735207599    0.0000012739545102    0.0046674019356761
  0.2143378590027659    0.0000021463405468    0.0000012874948140    0.0046907389453545
  0.2154095482977796    0.0000001809939709    0.0000012836815112    0.0047141926400812
  0.2164865960392685    0.0000002792309466    0.0000012625109548    0.0047377636032816
  0.2175690290194648    0.0000011455098844    0.0000012293412868    0.0047614524212981
  0.2186568741645621    0.0000004343929673    0.0000012523833337    0.0047852596834045
  0.2197501585353849    0.0000003533338013    0.0000012234955529    0.0048091859818216
  0.2208489093280618    0.0000005440727218    0.0000012440481331    0.0048332319117307
  0.2219531538747021    0.0000006557256608    0.0000012044250131    0.0048573980712893
  0.2230629196440756    0.0000012230070190    0.0000012290566549    0.0048816850616458
  0.2241782342422960   -0.0000001127341285    0.0000012484852868    0.0049060934869540
  0.2252991254135074    0.0000008174233418    0.0000012281269516    0.0049306239543888
  0.2264256210405749    0.0000015005674547    0.0000012447226513    0.0049552770741607
  0.2275577491457778   -0.0000005731942726    0.0000012040754879    0.0049800534595315
  0.2286955378915067    0.0000011384920924    0.0000012105921969    0.0050049537268292
  0.2298390155809641   -0.0000008463474943    0.0000012267980029    0.0050299784954633
  0.2309882106588690   -0.0000008422995913    0.0000012302552272    0.0050551283879406
  0.2321431517121633    0.0000013179864698    0.0000012077708360    0.0050804040298803
  0.2333038674707241    0.0000004143577284    0.0000012126271778    0.0051058060500297
  0.2344703868080777   -0.0000002465769623    0.0000012289102886    0.0051313350802799
  0.2356427387421181    0.0000012971222674    0.0000011917178813    0.0051569917556813
  0.2368209524358286    0.0000010012990536    0.0000012029468390    0.0051827767144597
  0.2380050571980077    0.0000010496342692    0.0000011904937712    0.0052086905980320
  0.2391950824839977   -0.0000001977893695    0.0000011852574422    0.0052347340510222
  0.2403910578964177    0.0000015563490772    0.0000012170010457    0.0052609077212773
  0.2415930131858998    0.0000006700366832    0.0000012344337658    0.0052872122598836
  0.2428009782518292    0.0000006382384632    0.0000012033423676    0.0053136483211831
  0.2440149831430883   -0.0000006971954236    0.0000011877394027    0.0053402165627890
  0.2452350580588037   -0.0000012028543940    0.0000012282492753    0.0053669176456029
  0.2464612333490978    0.0000001311405437    0.0000012365851314    0.0053937522338309
  0.2476935395158432    0.0000001152127458    0.0000012119549468    0.0054207209950001
  0.2489320072134224    0.0000008025984367    0.0000012148492611    0.0054478245999751
  0.2501766672494895    0.0000013585085600    0.0000011966503933    0.0054750637229750
  0.2514275505857369   -0.0000010112087576    0.0000012230396664    0.0055024390415898
  0.2526846883386655    0.0000027108008391    0.0000012067449317    0.0055299512367978
  0.2539481117803589    0.0000015636485084    0.0000011939699821    0.0055576009929818
  0.2552178523392606   -0.0000003372540717    0.0000011880649231    0.0055853889979467
  0.2564939416009570    0.0000005811127803    0.0000012058251018    0.0056133159429364
  0.2577764113089617    0.0000023944266553    0.0000011895949105    0.0056413825226511
  0.2590652933655064    0.0000000312246794    0.0000011827969761    0.0056695894352644
  0.2603606198323339   -0.0000006588271862    0.0000011683432785    0.0056979373824407
  0.2616624229314956   -0.0000019355285634    0.0000011895727976    0.0057264270693529
  0.2629707350461531    0.0000013844036269    0.0000012079529160    0.0057550592046996
  0.2642855887213838    0.0000014627874450    0.0000012551992977    0.0057838345007231
  0.2656070166649907   -0.0000007784799818    0.0000012182526557    0.0058127536732268
  0.2669350517483157   -0.0000007522367927    0.0000012533221562    0.0058418174415929
  0.2682697270070572    0.0000004534321152    0.0000012457824462    0.0058710265288009
  0.2696110756420924   -0.0000002891210395    0.0000012781873543    0.0059003816614449
  0.2709591310203028    0.0000006934114202    0.0000012882315687    0.0059298835697521
  0.2723139266754043   -0.0000002462687362    0.0000013029456806    0.0059595329876008
  0.2736754963087813    0.0000007354257672    0.0000012455847196    0.0059893306525388
  0.2750438737903252   -0.0000008927232649    0.0000012493675255    0.0060192773058015
  0.2764190931592768    0.0000006472001222    0.0000012329255686    0.0060493736923305
  0.2778011886250731    0.0000015187507430    0.0000012874401521    0.0060796205607922
