# Experiment IPTS-36897 Run 226569
# Reduction 2.9.0rc3
# Run title: Sample1_CP-226569-1.
# Run start time: 2026-03-28T02:03:44.422514667
# Reduction time: Fri Mar 27 22:08:37 2026
# Q summing: False
# TOF weighted: False
# Bck in Q: False
# Theta offset: 0.0
# Stitching type: None
# DataRun   NormRun   TwoTheta(deg)  LambdaMin(A)   LambdaMax(A) Qmin(1/A)    Qmax(1/A)    SF_A         SF_B          SF
# 226569    226559    0.739853       2.74975        9.4987       0.0085       0.0295       4.0          0            1.0         
# 226570    226560    2.40028        2.74978        9.49867      0.0277       0.0957       25.0         0            1.0         
# 226571    226561    7.00059        2.74977        9.49868      0.0807       0.2790       196.0        0            1.0         
# Q [1/Angstrom]        R                     dR                    dQ [FWHM]            
  0.0085899187375132    0.9025572987298857    0.0681016812378103    0.0001866305679822
  0.0086328683312008    0.8139077957274562    0.0552899246010033    0.0001875637208222
  0.0086760326728568    0.8398255833380897    0.0556105095158199    0.0001885015394263
  0.0087194128362210    0.8576351208468556    0.0585028800760956    0.0001894440471234
  0.0087630099004021    0.8232518193310022    0.0559513494598807    0.0001903912673590
  0.0088068249499042    0.8611875341820884    0.0552884107700288    0.0001913432236958
  0.0088508590746537    0.8136103144159286    0.0526596854618255    0.0001922999398143
  0.0088951133700269    0.8949117559853317    0.0595269647415491    0.0001932614395134
  0.0089395889368771    0.8464543646111852    0.0533706060712110    0.0001942277467109
  0.0089842868815615    0.8080178284090239    0.0497204506792169    0.0001951988854445
  0.0090292083159693    0.8322301927780563    0.0502360833654615    0.0001961748798717
  0.0090743543575491    0.9107582102431647    0.0580987705103381    0.0001971557542711
  0.0091197261293369    0.9114981489011300    0.0574449143893055    0.0001981415330424
  0.0091653247599835    0.9563660362733192    0.0612441290383819    0.0001991322407076
  0.0092111513837835    0.7721016101559182    0.0440706119712779    0.0002001279019112
  0.0092572071407024    0.9100438451142897    0.0551085758946305    0.0002011285414207
  0.0093034931764059    1.0294430624719697    0.0656474800963802    0.0002021341841278
  0.0093500106422879    0.9187678542588565    0.0527653931442021    0.0002031448550485
  0.0093967606954993    0.9146665931967722    0.0526954087198825    0.0002041605793237
  0.0094437444989768    0.8013699899383523    0.0444975719535524    0.0002051813822203
  0.0094909632214717    0.8345156189892254    0.0453275670124949    0.0002062072891314
  0.0095384180375791    0.8121546243503465    0.0432528637524792    0.0002072383255771
  0.0095861101277670    0.8337351478025868    0.0455858041898072    0.0002082745172050
  0.0096340406784058    0.9368338537439523    0.0516638526324708    0.0002093158897910
  0.0096822108817978    0.8516136993263350    0.0440442926930701    0.0002103624692400
  0.0097306219362068    0.8190318890425211    0.0418473534915714    0.0002114142815862
  0.0097792750458879    0.9316119825408871    0.0511090006916850    0.0002124713529941
  0.0098281714211173    0.8344242708868477    0.0426194162694148    0.0002135337097591
  0.0098773122782229    0.8737665406111990    0.0438976341536789    0.0002146013783078
  0.0099266988396140    0.8930235986788335    0.0449372285743469    0.0002156743851994
  0.0099763323338121    0.9327724896325472    0.0464068064133652    0.0002167527571254
  0.0100262139954811    0.9212446991359703    0.0470596641658221    0.0002178365209110
  0.0100763450654585    0.8163424218198982    0.0384404135195729    0.0002189257035156
  0.0101267267907858    0.9264289782047638    0.0451680540536184    0.0002200203320331
  0.0101773604247398    0.9010175083277042    0.0434656238734340    0.0002211204336933
  0.0102282472268634    0.7731501688547129    0.0345956754598584    0.0002222260358618
  0.0102793884629978    0.8482885055707731    0.0384464838449362    0.0002233371660411
  0.0103307854053128    0.8733636012196615    0.0397278041893700    0.0002244538518713
  0.0103824393323393    0.8709804417025945    0.0396760117121668    0.0002255761211306
  0.0104343515290010    0.8526989348664936    0.0378347164084504    0.0002267040017363
  0.0104865232866460    0.8798041680198211    0.0384309570322765    0.0002278375217450
  0.0105389559030792    0.8382155524224224    0.0366304729827869    0.0002289767093537
  0.0105916506825946    0.8157731551741692    0.0347770600448177    0.0002301215929005
  0.0106446089360076    0.9306275054892849    0.0412796447348848    0.0002312722008650
  0.0106978319806876    0.8060478210920274    0.0334533661303574    0.0002324285618693
  0.0107513211405911    0.8131994151991019    0.0329076660639972    0.0002335907046786
  0.0108050777462940    0.8214559336076706    0.0331887252181968    0.0002347586582020
  0.0108591031350255    0.7683094485720738    0.0303273794526828    0.0002359324514931
  0.0109133986507006    0.8516723409276646    0.0347344166159098    0.0002371121137505
  0.0109679656439541    0.8621045980923852    0.0350519006846215    0.0002382976743193
  0.0110228054721739    0.8427407800893021    0.0342104790520459    0.0002394891626909
  0.0110779194995348    0.8925888174988862    0.0359043434391386    0.0002406866085043
  0.0111333090970324    0.8515082995425052    0.0331731345021084    0.0002418900415468
  0.0111889756425176    0.8202654988768332    0.0315520670998922    0.0002430994917546
  0.0112449205207302    0.8180904975189124    0.0310800254532901    0.0002443149892133
  0.0113011451233338    0.8727443666668364    0.0332550474577027    0.0002455365641594
  0.0113576508489505    0.8193544118618916    0.0303800028598121    0.0002467642469802
  0.0114144391031953    0.8116695512568772    0.0293286419525933    0.0002479980682151
  0.0114715112987112    0.7971037654056863    0.0285851805284710    0.0002492380585562
  0.0115288688552048    0.8262645403034408    0.0294233768738268    0.0002504842488490
  0.0115865131994808    0.8235719413238130    0.0291160031731651    0.0002517366700932
  0.0116444457654782    0.7842859566555617    0.0274378238525580    0.0002529953534437
  0.0117026679943056    0.8302210826283527    0.0287392751489705    0.0002542603302109
  0.0117611813342771    0.8232603515884299    0.0280579238934920    0.0002555316318620
  0.0118199872409485    0.8865664708416073    0.0304930242912584    0.0002568092900213
  0.0118790871771533    0.8412177124684788    0.0282385525199474    0.0002580933364714
  0.0119384826130390    0.8102876291092024    0.0261284592164778    0.0002593838031537
  0.0119981750261042    0.8241475518084825    0.0269309302165559    0.0002606807221695
  0.0120581659012347    0.7765428110396700    0.0246587251677944    0.0002619841257803
  0.0121184567307409    0.8613703977084627    0.0279670875425570    0.0002632940464092
  0.0121790490143946    0.8115290868565351    0.0257994254587613    0.0002646105166413
  0.0122399442594666    0.8039217049037570    0.0252848140926145    0.0002659335692245
  0.0123011439807639    0.7901542951327176    0.0241458002147644    0.0002672632370706
  0.0123626497006677    0.8510893001278138    0.0266546723937561    0.0002685995532560
  0.0124244629491711    0.8153995703933548    0.0248037337697520    0.0002699425510223
  0.0124865852639169    0.7890173769302239    0.0235927965669119    0.0002712922637774
  0.0125490181902365    0.7804289164459746    0.0229687044514833    0.0002726487250963
  0.0126117632811877    0.8209596052667364    0.0242929751744760    0.0002740119687217
  0.0126748220975936    0.8384277099245724    0.0254210125833792    0.0002753820285653
  0.0127381962080816    0.8427133072696845    0.0249848232934094    0.0002767589387082
  0.0128018871891220    0.8549153012349350    0.0256628474142069    0.0002781427334017
  0.0128658966250676    0.8103375037508195    0.0233746504405772    0.0002795334470687
  0.0129302261081930    0.8015700034998862    0.0227051549059760    0.0002809311143041
  0.0129948772387339    0.8269565911743966    0.0236745873858073    0.0002823357698756
  0.0130598516249276    0.7579102103161431    0.0208916910615170    0.0002837474487250
  0.0131251508830522    0.8141253813916109    0.0232293784654314    0.0002851661859686
  0.0131907766374675    0.8329723563989747    0.0235706139518568    0.0002865920168984
  0.0132567305206548    0.7778240949953703    0.0211313134421285    0.0002880249769829
  0.0133230141732581    0.7981762636048254    0.0217034534593840    0.0002894651018678
  0.0133896292441244    0.8118621811303345    0.0219300756074887    0.0002909124273772
  0.0134565773903450    0.7833319265741449    0.0209265999162589    0.0002923669895141
  0.0135238602772967    0.7979961765954331    0.0211852407820949    0.0002938288244616
  0.0135914795786832    0.8264033960875229    0.0218639815878753    0.0002952979685839
  0.0136594369765766    0.8138318818314230    0.0215608403715901    0.0002967744584269
  0.0137277341614595    0.7612676964341193    0.0192499991311203    0.0002982583307190
  0.0137963728322668    0.8156681069008026    0.0209743697298072    0.0002997496223726
  0.0138653546964281    0.7945196131115799    0.0199024414748555    0.0003012483704844
  0.0139346814699103    0.7941363542308705    0.0199469700204900    0.0003027546123369
  0.0140043548772598    0.7928874219424578    0.0198990840490845    0.0003042683853986
  0.0140743766516461    0.7679055511198694    0.0187510843533911    0.0003057897273255
  0.0141447485349043    0.7200167079261978    0.0172606883454355    0.0003073186759622
  0.0142154722775789    0.7247132375510285    0.0173407180712208    0.0003088552693420
  0.0142865496389668    0.7124102582268518    0.0169063561537215    0.0003103995456887
  0.0143579823871616    0.7188939783846893    0.0171126922866443    0.0003119515434171
  0.0144297722990974    0.7118917597715516    0.0170069384131242    0.0003135113011342
  0.0145019211605929    0.6729410728020331    0.0157978440719692    0.0003150788576399
  0.0145744307663958    0.6731042333827260    0.0158892050738101    0.0003166542519281
  0.0146473029202278    0.6438765094621682    0.0150529820520087    0.0003182375231877
  0.0147205394348290    0.6507442056585170    0.0153357457344934    0.0003198287108037
  0.0147941421320031    0.5895243300870266    0.0135624639730514    0.0003214278543577
  0.0148681128426631    0.5870236682276154    0.0136917575417614    0.0003230349936295
  0.0149424534068764    0.5730143584423405    0.0133796153808695    0.0003246501685976
  0.0150171656739108    0.5109147745743259    0.0117035690986020    0.0003262734194406
  0.0150922515022804    0.5026389844763257    0.0117612047614345    0.0003279047865378
  0.0151677127597918    0.4886763215380673    0.0116736361636155    0.0003295443104705
  0.0152435513235907    0.4633997560573292    0.0112576334206728    0.0003311920320229
  0.0153197690802087    0.4319579710507659    0.0099706633991607    0.0003328479921830
  0.0153963679256097    0.3969939125089681    0.0089021582400735    0.0003345122321439
  0.0154733497652378    0.3842337256315416    0.0086327588630499    0.0003361847933046
  0.0155507165140639    0.3972001688558736    0.0090363344911323    0.0003378657172711
  0.0156284700966343    0.3680886554468524    0.0083012061971619    0.0003395550458575
  0.0157066124471174    0.3460952438370242    0.0077739707392261    0.0003412528210868
  0.0157851455093530    0.3438823378196722    0.0077030551979215    0.0003429590851922
  0.0158640712368998    0.3334457148504545    0.0074478866934869    0.0003446738806182
  0.0159433915930843    0.3263602982809546    0.0073437545493150    0.0003463972500213
  0.0160231085510497    0.2963962309408560    0.0066822466690087    0.0003481292362714
  0.0161032240938049    0.3239283204111394    0.0072160926758734    0.0003498698824527
  0.0161837402142740    0.3083422652498028    0.0067453850914141    0.0003516192318650
  0.0162646589153453    0.3245176451394257    0.0070859739584192    0.0003533773280243
  0.0163459822099221    0.3400675720168749    0.0074204107652893    0.0003551442146644
  0.0164277121209717    0.3288677367097875    0.0071632284040428    0.0003569199357378
  0.0165098506815765    0.3174898931490748    0.0069163188656039    0.0003587045354164
  0.0165923999349844    0.3124023346960889    0.0069632600229494    0.0003604980580935
  0.0166753619346593    0.3155004269730523    0.0070236370003056    0.0003623005483840
  0.0167587387443326    0.3085647692966638    0.0065136335455695    0.0003641120511259
  0.0168425324380543    0.2980375665550132    0.0061679551191625    0.0003659326113815
  0.0169267451002446    0.2932601105421984    0.0059743338562258    0.0003677622744385
  0.0170113788257458    0.2956619719330391    0.0060655035497531    0.0003696010858106
  0.0170964357198745    0.2854738132564952    0.0057796171707242    0.0003714490912397
  0.0171819178984739    0.2732759630575109    0.0056405023583569    0.0003733063366959
  0.0172678274879662    0.2688745188905359    0.0055367391275622    0.0003751728683794
  0.0173541666254061    0.2567436624439260    0.0053782330662432    0.0003770487327213
  0.0174409374585331    0.2427385904604455    0.0051284394631821    0.0003789339763849
  0.0175281421458258    0.2359006089369297    0.0050701553393416    0.0003808286462668
  0.0176157828565549    0.2229834265367045    0.0047757506834431    0.0003827327894981
  0.0177038617708377    0.2108805611255055    0.0046081615968145    0.0003846464534456
  0.0177923810796918    0.1892247991147618    0.0041021660888198    0.0003865696857129
  0.0178813429850903    0.1799294770338322    0.0039539916683297    0.0003885025341414
  0.0179707497000158    0.1676869928636212    0.0037925295044896    0.0003904450468121
  0.0180606034485158    0.1544310484417133    0.0034584646006513    0.0003923972720462
  0.0181509064657584    0.1403441766070736    0.0033340247178079    0.0003943592584064
  0.0182416609980872    0.1262867992648855    0.0030012854032803    0.0003963310546985
  0.0183328693030776    0.1193608273033139    0.0028815529910843    0.0003983127099719
  0.0184245336495930    0.1065400570808841    0.0027015692593946    0.0004003042735218
  0.0185166563178410    0.0967004786336180    0.0025083942180499    0.0004023057948894
  0.0186092395994302    0.0885350354508938    0.0024310468335066    0.0004043173238639
  0.0187022857974273    0.0752586797196389    0.0021729335526961    0.0004063389104832
  0.0187957972264145    0.0730460722848543    0.0020723872420420    0.0004083706050356
  0.0188897762125465    0.0654488990529817    0.0019900652860529    0.0004104124580608
  0.0189842250936093    0.0546829740645541    0.0018048353278489    0.0004124645203511
  0.0190791462190773    0.0541307342427045    0.0017608436452265    0.0004145268429528
  0.0191745419501727    0.0457850727082171    0.0016217566728077    0.0004165994771676
  0.0192704146599236    0.0412314792321941    0.0015639845429641    0.0004186824745534
  0.0193667667332232    0.0429835072130710    0.0015802050589259    0.0004207758869262
  0.0194636005668893    0.0390121335514468    0.0015114192363046    0.0004228797663608
  0.0195609185697237    0.0326782376565251    0.0014220291756202    0.0004249941651926
  0.0196587231625724    0.0326269273955591    0.0014399590022210    0.0004271191360186
  0.0197570167783852    0.0326536718341140    0.0013691934018369    0.0004292547316987
  0.0198558018622771    0.0313284693887352    0.0013623693894883    0.0004314010053572
  0.0199550808715885    0.0285424652754659    0.0013022486440250    0.0004335580103840
  0.0200548562759465    0.0304672332509151    0.0013935685574629    0.0004357258004359
  0.0201551305573262    0.0273681956363410    0.0013657005501567    0.0004379044294381
  0.0202559062101128    0.0241950229180653    0.0013649918697388    0.0004400939515853
  0.0203571857411634    0.0248272250809067    0.0012814983072046    0.0004422944213432
  0.0204589716698692    0.0204447443930271    0.0012991205705801    0.0004445058934499
  0.0205612665282185    0.0211381097933849    0.0012370180328600    0.0004467284229172
  0.0206640728608596    0.0211915316424726    0.0012727581458099    0.0004489620650317
  0.0207673932251639    0.0176933263087163    0.0011717922034592    0.0004512068753569
  0.0208712301912897    0.0162785394671554    0.0011271510978439    0.0004534629097337
  0.0209755863422462    0.0165302713888622    0.0011251930429151    0.0004557302242823
  0.0210804642739574    0.0168129419671267    0.0011148040033952    0.0004580088754038
  0.0211858665953272    0.0145053384814957    0.0010355424932739    0.0004602989197808
  0.0212917959283038    0.0149883503447774    0.0010424151590451    0.0004626004143797
  0.0213982549079454    0.0117302809473667    0.0009917247935888    0.0004649134164516
  0.0215052461824851    0.0106100196410995    0.0010278972999462    0.0004672379835338
  0.0216127724133975    0.0093932197234139    0.0009859557069270    0.0004695741734515
  0.0217208362754645    0.0102555700198979    0.0009271684248781    0.0004719220443188
  0.0218294404568418    0.0101681485318130    0.0009604125158644    0.0004742816545404
  0.0219385876591260    0.0073657983180939    0.0009203766262238    0.0004766530628131
  0.0220482805974216    0.0095722843460598    0.0008762741898962    0.0004790363281271
  0.0221585220004087    0.0104436059091553    0.0008953800788773    0.0004814315097678
  0.0222693146104108    0.0076066605078344    0.0009126216919578    0.0004838386673166
  0.0223806611834628    0.0095286707160525    0.0009076167045163    0.0004862578606532
  0.0224925644893802    0.0105331178748277    0.0009083678791911    0.0004886891499565
  0.0226050273118271    0.0100910898691740    0.0009039011102271    0.0004911325957062
  0.0227180524483862    0.0103354007603629    0.0009126028716035    0.0004935882586848
  0.0228316427106281    0.0122957093250617    0.0008639147185073    0.0004960561999782
  0.0229458009241813    0.0113373028758744    0.0009036225227654    0.0004985364809781
  0.0230605299288022    0.0126786659069065    0.0009134330875158    0.0005010291633830
  0.0231758325784462    0.0111364988485613    0.0009127539856187    0.0005035343091999
  0.0232917117413384    0.0111614993067286    0.0009276906051444    0.0005060519807459
  0.0234081703000451    0.0147349094688420    0.0008905377498698    0.0005085822406496
  0.0235252111515453    0.0117064170157444    0.0008784588501222    0.0005111251518529
  0.0236428372073030    0.0139719696600057    0.0008657460704944    0.0005136807776121
  0.0237610513933395    0.0126993320436711    0.0008713408147576    0.0005162491815002
  0.0238798566503062    0.0130853745666818    0.0008296343471588    0.0005188304274077
  0.0239992559335578    0.0128094745214420    0.0008536718257031    0.0005214245795447
  0.0241192522132255    0.0127854005142460    0.0008028270637210    0.0005240317024424
  0.0242398484742917    0.0129236534737287    0.0008315268693810    0.0005266518609547
  0.0243610477166631    0.0126931631226026    0.0008233799406798    0.0005292851202594
  0.0244828529552464    0.0105844740206690    0.0007962268129891    0.0005319315458607
  0.0246052672200227    0.0120369516563450    0.0008049011747034    0.0005345912035900
  0.0247282935561228    0.0116281246952798    0.0007811928894143    0.0005372641596080
  0.0248519350239034    0.0119894462990171    0.0007670984260312    0.0005399504804060
  0.0249761946990229    0.0102823167163421    0.0007627131440349    0.0005426502328081
  0.0251010756725180    0.0118249740148934    0.0007710080479731    0.0005453634839721
  0.0252265810508806    0.0124049039416710    0.0007054204006810    0.0005480903013920
  0.0253527139561350    0.0102314620524154    0.0007422239244047    0.0005508307528989
  0.0254794775259157    0.0112708374219966    0.0007191468283831    0.0005535849066634
  0.0256068749135453    0.0130676347595128    0.0007487400431851    0.0005563528311967
  0.0257349092881130    0.0132554926150169    0.0007375708657652    0.0005591345953527
  0.0258635838345535    0.0121388056953639    0.0007182386532344    0.0005619302683295
  0.0259929017537263    0.0110166807018510    0.0006849303292885    0.0005647399196711
  0.0261228662624949    0.0119650300443685    0.0006965619248186    0.0005675636192695
  0.0262534805938074    0.0116543402855994    0.0006698291782399    0.0005704014373658
  0.0263847479967764    0.0115601847937457    0.0007143127521810    0.0005732534445527
  0.0265166717367603    0.0125205479809926    0.0007034660901557    0.0005761197117754
  0.0266492550954441    0.0126471182508010    0.0006780916347262    0.0005790003103343
  0.0267825013709213    0.0124296812423320    0.0006711851334497    0.0005818953118860
  0.0269164138777759    0.0114414598042856    0.0006679295346132    0.0005848047884454
  0.0270509959471648    0.0132455700140004    0.0006837315594923    0.0005877288123876
  0.0271862509269006    0.0118610582611907    0.0006338042767311    0.0005906674564496
  0.0273221821815351    0.0117386002275920    0.0006637868707538    0.0005936207937318
  0.0274587930924428    0.0118591201344986    0.0006397747497053    0.0005965888977005
  0.0275960870579050    0.0117272309963265    0.0006498392088476    0.0005995718421890
  0.0277340674931945    0.0111882582494967    0.0006627002978481    0.0006025697013999
  0.0278727378306605    0.0122131169667535    0.0006151530492107    0.0006055825499069
  0.0280121015198138    0.0132543638165422    0.0008478807709556    0.0006139058917357
  0.0280121015198138    0.0101131468936206    0.0006161458709705    0.0006086104626564
  0.0281521620274129    0.0116513642697405    0.0007260647635782    0.0006169754211944
  0.0281521620274129    0.0098622943634818    0.0005816940136791    0.0006116535149697
  0.0282929228375499    0.0098019740561141    0.0005974395554392    0.0006147117825446
  0.0282929228375499    0.0099668992357687    0.0006639432870788    0.0006200602983004
  0.0284343874517377    0.0094919422625624    0.0006106776685814    0.0006231605997919
  0.0284343874517377    0.0096165580970716    0.0006118979217073    0.0006177853414573
  0.0285765593889964    0.0090199494232513    0.0005650464917342    0.0006208742681646
  0.0285765593889964    0.0087840600072758    0.0005795834008346    0.0006262764027908
  0.0287194421859414    0.0094206228023702    0.0006139174723986    0.0006294077848048
  0.0287194421859414    0.0073572683184248    0.0005745835310354    0.0006239786395054
  0.0288630393968711    0.0080949094318275    0.0005342867134647    0.0006325548237288
  0.0288630393968711    0.0081269185241389    0.0005114945395710    0.0006270985327029
  0.0290073545938554    0.0073551311814532    0.0005112248546354    0.0006357175978475
  0.0290073545938554    0.0066436848193747    0.0005171645831884    0.0006302340253665
  0.0291523913668247    0.0079301011409643    0.0005205818918216    0.0006388961858367
  0.0291523913668247    0.0077277933006558    0.0004916673033060    0.0006333851954933
  0.0292981533236588    0.0063945342172709    0.0004360573891197    0.0006420906667659
  0.0292981533236588    0.0073638914117565    0.0004859517568508    0.0006365521214707
  0.0294446440902771    0.0066087809156232    0.0004382875306694    0.0006453011200997
  0.0295918673107285    0.0066463626991510    0.0004398340688330    0.0006485276257002
  0.0297398266472821    0.0062034207741183    0.0003948098881879    0.0006517702638287
  0.0298885257805185    0.0060111675087377    0.0004039070863734    0.0006550291151479
  0.0300379684094211    0.0061022219384002    0.0003887431775593    0.0006583042607236
  0.0301881582514682    0.0059968226924908    0.0003895026928440    0.0006615957820272
  0.0303390990427256    0.0060144227276814    0.0003927009327270    0.0006649037609373
  0.0304907945379392    0.0056365177206735    0.0003619499698921    0.0006682282797420
  0.0306432485106289    0.0056836511720494    0.0003762879590020    0.0006715694211407
  0.0307964647531820    0.0045222569355101    0.0003033356265574    0.0006749272682464
  0.0309504470769479    0.0046297228127540    0.0003168555852477    0.0006783019045877
  0.0311051993123327    0.0041286213658881    0.0002742659509426    0.0006816934141106
  0.0312607253088943    0.0038749467338579    0.0002852440150998    0.0006851018811812
  0.0314170289354388    0.0041226213713582    0.0002815289469387    0.0006885273905871
  0.0315741140801160    0.0032826195923175    0.0002443520302534    0.0006919700275400
  0.0317319846505165    0.0025351656642603    0.0002064478635006    0.0006954298776777
  0.0318906445737691    0.0025535116733078    0.0002053871601345    0.0006989070270661
  0.0320500977966380    0.0019358983492192    0.0001815556481721    0.0007024015622014
  0.0322103482856212    0.0018087384935301    0.0001755525569424    0.0007059135700124
  0.0323714000270493    0.0013875986899505    0.0001487053746239    0.0007094431378625
  0.0325332570271845    0.0013779822799493    0.0001445812624871    0.0007129903535518
  0.0326959233123204    0.0016154517702327    0.0001578773391732    0.0007165553053196
  0.0328594029288820    0.0010488886658445    0.0001355102310844    0.0007201380818462
  0.0330236999435264    0.0009561156269395    0.0001123446545411    0.0007237387722554
  0.0331888184432441    0.0010275078155329    0.0001173649298520    0.0007273574661167
  0.0333547625354603    0.0007798064927747    0.0001209083633126    0.0007309942534473
  0.0335215363481376    0.0008864222567990    0.0001188737039979    0.0007346492247145
  0.0336891440298783    0.0008159900202057    0.0001171170583700    0.0007383224708381
  0.0338575897500276    0.0010441411011138    0.0001099050894613    0.0007420140831923
  0.0340268776987778    0.0010422221226639    0.0001182923721621    0.0007457241536082
  0.0341970120872717    0.0008410929278687    0.0001148535901575    0.0007494527743763
  0.0343679971477080    0.0007716420702287    0.0001037781880499    0.0007532000382481
  0.0345398371334466    0.0008130491917739    0.0001068273523355    0.0007569660384394
  0.0347125363191138    0.0008290379446545    0.0001097143047215    0.0007607508686316
  0.0348860990007094    0.0009669380229103    0.0001052793997256    0.0007645546229747
  0.0350605294957129    0.0010384924335890    0.0001078643218832    0.0007683773960896
  0.0352358321431915    0.0008696541245515    0.0000990814786243    0.0007722192830701
  0.0354120113039074    0.0011037078023979    0.0001044579029944    0.0007760803794854
  0.0355890713604269    0.0012190584826857    0.0001122891969309    0.0007799607813828
  0.0357670167172291    0.0010559319043028    0.0000999025240761    0.0007838605852897
  0.0359458518008152    0.0011237557791363    0.0001023525160632    0.0007877798882162
  0.0361255810598193    0.0011344145421584    0.0001053167187350    0.0007917187876573
  0.0363062089651184    0.0014125835900764    0.0001068216025185    0.0007956773815956
  0.0364877400099440    0.0012839877994358    0.0001033516961419    0.0007996557685035
  0.0366701787099937    0.0014865524492204    0.0001178808824211    0.0008036540473461
  0.0368535296035436    0.0015012105696095    0.0001194141598430    0.0008076723175828
  0.0370377972515614    0.0015371083802511    0.0001090285555418    0.0008117106791707
  0.0372229862378192    0.0015949468031409    0.0001122670595647    0.0008157692325666
  0.0374091011690083    0.0016889111945734    0.0001119570280653    0.0008198480787294
  0.0375961466748533    0.0018116523247829    0.0001187000015786    0.0008239473191230
  0.0377841274082275    0.0017634770254822    0.0001100316128615    0.0008280670557187
  0.0379730480452687    0.0019148144534410    0.0001176957845939    0.0008322073909972
  0.0381629132854950    0.0019840262754404    0.0001181837538516    0.0008363684279522
  0.0383537278519225    0.0020429010247396    0.0001249655121883    0.0008405502700920
  0.0385454964911821    0.0016336316021492    0.0001025142365145    0.0008447530214425
  0.0387382239736380    0.0020753031915004    0.0001178928447318    0.0008489767865497
  0.0389319150935062    0.0019797127412221    0.0001129138157115    0.0008532216704824
  0.0391265746689737    0.0018951028061004    0.0001102383526054    0.0008574877788348
  0.0393222075423186    0.0017620514610223    0.0001048297347228    0.0008617752177290
  0.0395188185800302    0.0018031556295894    0.0001032600332059    0.0008660840938176
  0.0397164126729303    0.0018838094052833    0.0001027185684054    0.0008704145142867
  0.0399149947362950    0.0017526646903487    0.0000974429053475    0.0008747665868582
  0.0401145697099764    0.0015804905396928    0.0000944970406377    0.0008791404197925
  0.0403151425585263    0.0015442509450005    0.0000921721024582    0.0008835361218914
  0.0405167182713189    0.0017037827571503    0.0000956915477877    0.0008879538025009
  0.0407193018626755    0.0015523677948052    0.0000897001997875    0.0008923935715134
  0.0409228983719889    0.0015833761641073    0.0000911406420178    0.0008968555393709
  0.0411275128638489    0.0014647606795967    0.0000875476672945    0.0009013398170678
  0.0413331504281681    0.0015207165831773    0.0000879516377815    0.0009058465161531
  0.0415398161803089    0.0016349336178724    0.0000883669682667    0.0009103757487339
  0.0417475152612105    0.0013602126090321    0.0000804597794836    0.0009149276274776
  0.0419562528375165    0.0014531590189224    0.0000806877182136    0.0009195022656150
  0.0421660341017041    0.0015681235561800    0.0000844825776986    0.0009240997769430
  0.0423768642722126    0.0012530848515989    0.0000748096187109    0.0009287202758278
  0.0425887485935737    0.0012284078270113    0.0000727509487312    0.0009333638772069
  0.0428016923365415    0.0011407786537898    0.0000688143071621    0.0009380306965929
  0.0430157007982242    0.0010478736034736    0.0000664889628775    0.0009427208500759
  0.0432307793022154    0.0009784119881719    0.0000644222700578    0.0009474344543263
  0.0434469331987264    0.0009823820517738    0.0000661548754121    0.0009521716265979
  0.0436641678647200    0.0008225838869449    0.0000606765452934    0.0009569324847309
  0.0438824887040437    0.0009014487375495    0.0000583720099291    0.0009617171471545
  0.0441019011475639    0.0006880338917914    0.0000512799344110    0.0009665257328903
  0.0443224106533017    0.0006648396907696    0.0000506892630982    0.0009713583615548
  0.0445440227065682    0.0004969966857219    0.0000439635393624    0.0009762151533625
  0.0447667428201010    0.0005174030567696    0.0000502822766945    0.0009810962291294
  0.0449905765342015    0.0004917321124749    0.0000453592520082    0.0009860017102750
  0.0452155294168725    0.0004690846994594    0.0000441283124564    0.0009909317188264
  0.0454416070639569    0.0003827793921553    0.0000422119634532    0.0009958863774205
  0.0456688150992767    0.0003929357994543    0.0000401786864205    0.0010008658093076
  0.0458971591747730    0.0002954229264330    0.0000367098797840    0.0010058701383542
  0.0461266449706469    0.0002925973313255    0.0000359440138017    0.0010108994890459
  0.0463572781955001    0.0002674754046997    0.0000345300963472    0.0010159539864912
  0.0465890645864776    0.0002118532590522    0.0000333808294436    0.0010210337564236
  0.0468220099094100    0.0001814142822625    0.0000283328947015    0.0010261389252057
  0.0470561199589570    0.0001585574570559    0.0000318143282526    0.0010312696198318
  0.0472914005587518    0.0001683768210124    0.0000290281619717    0.0010364259679309
  0.0475278575615456    0.0001440760542430    0.0000299036310154    0.0010416080977706
  0.0477654968493533    0.0001293075489590    0.0000273987702281    0.0010468161382594
  0.0480043243336001    0.0001443623360618    0.0000269262734857    0.0010520502189507
  0.0482443459552681    0.0001413674331059    0.0000274338336486    0.0010573104700455
  0.0484855676850444    0.0001105288359654    0.0000279603945103    0.0010625970223957
  0.0487279955234696    0.0001653129861645    0.0000273649423219    0.0010679100075077
  0.0489716355010870    0.0001388162641267    0.0000263204322728    0.0010732495575452
  0.0492164936785924    0.0001476844106904    0.0000293451908082    0.0010786158053329
  0.0494625761469853    0.0001441818688333    0.0000303093617774    0.0010840088843596
  0.0497098890277203    0.0001623966480322    0.0000281558458640    0.0010894289287814
  0.0499584384728589    0.0001170181084025    0.0000253059047246    0.0010948760734253
  0.0502082306652232    0.0001850701557988    0.0000272381641765    0.0011003504537924
  0.0504592718185493    0.0002154639433072    0.0000281757631552    0.0011058522060614
  0.0507115681776420    0.0002145613500830    0.0000266695087009    0.0011113814670917
  0.0509651260185302    0.0001728532120556    0.0000261947597079    0.0011169383744272
  0.0512199516486228    0.0002245745597644    0.0000269074079064    0.0011225230662993
  0.0514760514068660    0.0002594437649490    0.0000265677001818    0.0011281356816308
  0.0517334316639003    0.0002804006118588    0.0000278602644755    0.0011337763600389
  0.0519920988222198    0.0003119671269625    0.0000293690354231    0.0011394452418391
  0.0522520593163309    0.0002786434646234    0.0000276882606709    0.0011451424680483
  0.0525133196129125    0.0003020187357910    0.0000281814239445    0.0011508681803886
  0.0527758862109771    0.0002937735717845    0.0000269499324536    0.0011566225212905
  0.0530397656420320    0.0002319680942926    0.0000279947474791    0.0011624056338970
  0.0533049644702421    0.0002393036730976    0.0000281936558614    0.0011682176620665
  0.0535714892925933    0.0003239502973171    0.0000288981141500    0.0011740587503768
  0.0538393467390563    0.0003511987536804    0.0000289166258880    0.0011799290441287
  0.0541085434727516    0.0003132896036006    0.0000287153049774    0.0011858286893493
  0.0543790861901153    0.0002850565212747    0.0000270832842145    0.0011917578327961
  0.0546509816210659    0.0003118328395386    0.0000262241147746    0.0011977166219600
  0.0549242365291712    0.0002919725027633    0.0000257180622635    0.0012037052050698
  0.0551988577118171    0.0002855826462418    0.0000277451599254    0.0012097237310952
  0.0554748520003761    0.0002735411939763    0.0000253220516417    0.0012157723497507
  0.0557522262603780    0.0002745374331887    0.0000258945655370    0.0012218512114994
  0.0560309873916799    0.0002494735564100    0.0000259297680183    0.0012279604675569
  0.0563111423286383    0.0002917235596516    0.0000254556729149    0.0012341002698947
  0.0565926980402815    0.0002444888473277    0.0000244499739584    0.0012402707712442
  0.0568756615304829    0.0002396268312654    0.0000249628952464    0.0012464721251004
  0.0571600398381353    0.0001914237610664    0.0000234242894799    0.0012527044857259
  0.0574458400373259    0.0002261138399474    0.0000219514599885    0.0012589680081545
  0.0577330692375126    0.0001686345962614    0.0000213863041333    0.0012652628481953
  0.0580217345837001    0.0001563342012343    0.0000210687002671    0.0012715891624363
  0.0583118432566186    0.0001511327547063    0.0000212286014151    0.0012779471082485
  0.0586034024729017    0.0001572784997906    0.0000199057791140    0.0012843368437897
  0.0588964194852662    0.0001193880156397    0.0000184765664230    0.0012907585280087
  0.0591909015826925    0.0001287371899096    0.0000199969204464    0.0012972123206487
  0.0594868560906060    0.0001001800606762    0.0000181162854435    0.0013036983822519
  0.0597842903710590    0.0000844149182760    0.0000190826929360    0.0013102168741632
  0.0600832118229143    0.0001188057150872    0.0000172100169628    0.0013167679585340
  0.0603836278820289    0.0000624547850961    0.0000180597315103    0.0013233517983267
  0.0606855460214390    0.0000528898365585    0.0000168883292965    0.0013299685573183
  0.0609889737515462    0.0000490120197374    0.0000160589100355    0.0013366184001049
  0.0612939186203039    0.0000805712040580    0.0000154897846956    0.0013433014921054
  0.0616003882134054    0.0000387296857114    0.0000174079467748    0.0013500179995660
  0.0619083901544725    0.0000718672690989    0.0000165980436053    0.0013567680895638
  0.0622179321052448    0.0000505018538105    0.0000152881991408    0.0013635519300116
  0.0625290217657710    0.0000370844187290    0.0000152114384222    0.0013703696896617
  0.0628416668745999    0.0000442964820204    0.0000168177633642    0.0013772215381100
  0.0631558752089729    0.0000410491295935    0.0000146349331177    0.0013841076458005
  0.0634716545850177    0.0000505598731999    0.0000166754234081    0.0013910281840295
  0.0637890128579428    0.0000320108411476    0.0000131311909383    0.0013979833249497
  0.0641079579222325    0.0000603598373013    0.0000141997030886    0.0014049732415744
  0.0644284977118437    0.0000279911539709    0.0000152521220891    0.0014119981077823
  0.0647506402004029    0.0000350254207156    0.0000144607767309    0.0014190580983212
  0.0650743934014049    0.0000503100767365    0.0000152076393695    0.0014261533888128
  0.0653997653684119    0.0000796329577845    0.0000154971748824    0.0014332841557569
  0.0657267641952540    0.0000716757982213    0.0000170106333915    0.0014404505765357
  0.0660553980162302    0.0000426792464424    0.0000162661206803    0.0014476528294183
  0.0663856750063114    0.0000286500969880    0.0000169422999226    0.0014548910935654
  0.0667176033813429    0.0000390144733323    0.0000174311151329    0.0014621655490333
  0.0670511913982496    0.0000394509795514    0.0000171253740704    0.0014694763767784
  0.0673864473552409    0.0000675052412533    0.0000153015445609    0.0014768237586623
  0.0677233795920171    0.0000721859002909    0.0000152927730150    0.0014842078774556
  0.0680619964899772    0.0000875191563768    0.0000148550400558    0.0014916289168429
  0.0684023064724270    0.0000936196745094    0.0000173439284222    0.0014990870614271
  0.0687443180047892    0.0000897950057699    0.0000164089203138    0.0015065824967343
  0.0690880395948131    0.0000643498952721    0.0000145541629892    0.0015141154092179
  0.0694334797927871    0.0000553274312622    0.0000151670601499    0.0015216859862640
  0.0697806471917511    0.0000732211913221    0.0000157313450674    0.0015292944161953
  0.0701295504277098    0.0000615106236544    0.0000146300627040    0.0015369408882763
  0.0704801981798484    0.0000786612950564    0.0000149076771365    0.0015446255927177
  0.0708325991707476    0.0000725021326236    0.0000156083900430    0.0015523487206813
  0.0711867621666013    0.0000603191260866    0.0000162570801830    0.0015601104642847
  0.0715426959774343    0.0000557378549333    0.0000154553025957    0.0015679110166061
  0.0719004094573215    0.0000589912472964    0.0000141260872723    0.0015757505716891
  0.0722599115046081    0.0000239074867614    0.0000147500986933    0.0015836293245476
  0.0726212110621311    0.0000735856157493    0.0000148129088822    0.0015915474711703
  0.0729843171174418    0.0000728749030066    0.0000147289591333    0.0015995052085262
  0.0733492387030290    0.0000447003653080    0.0000145669713732    0.0016075027345688
  0.0737159848965441    0.0000321369987492    0.0000151674986719    0.0016155402482416
  0.0740845648210268    0.0000272659516058    0.0000146536260096    0.0016236179494829
  0.0744549876451319    0.0000433614801809    0.0000138974679004    0.0016317360392303
  0.0748272625833576    0.0000383369916084    0.0000133119389901    0.0016398947194264
  0.0752013988962744    0.0000524058131618    0.0000128326391986    0.0016480941930236
  0.0755774058907557    0.0000387902487812    0.0000122589072730    0.0016563346639887
  0.0759552929202095    0.0000130325926156    0.0000115046369117    0.0016646163373086
  0.0763350693848105    0.0000317605536661    0.0000131925261645    0.0016729394189952
  0.0767167447317346    0.0000002405936846    0.0000132415566101    0.0016813041160901
  0.0771003284553933    0.0000406460766910    0.0000118677097313    0.0016897106366706
  0.0774858300976702    0.0000313522240612    0.0000127493431277    0.0016981591898539
  0.0778732592481586    0.0000330577402123    0.0000123152984484    0.0017066499858032
  0.0782626255443993    0.0000196215690943    0.0000122194915558    0.0017151832357322
  0.0786539386721213    0.0000088600538795    0.0000126684897265    0.0017237591519109
  0.0790472083654819    0.0000386914517717    0.0000113790720377    0.0017323779476704
  0.0794424444073093    0.0000193478688041    0.0000122878543126    0.0017410398374088
  0.0798396566293459    0.0000064354316016    0.0000118813156853    0.0017497450365958
  0.0802388549124926    0.0000158734685821    0.0000119730488849    0.0017584937617788
  0.0806400491870551    0.0000118439784098    0.0000122134917573    0.0017672862305877
  0.0810432494329903    0.0000166132827985    0.0000115337154139    0.0017761226617406
  0.0814484656801553    0.0000394982283653    0.0000111114371268    0.0017850032750493
  0.0814484656801553    0.0000146277849140    0.0000084890320347    0.0017828508020297
  0.0818557080085560    0.0000336802673189    0.0000118698562308    0.0017939282914246
  0.0818557080085560    0.0000105556976007    0.0000041993924774    0.0017917650560399
  0.0822649865485988    0.0000154243157202    0.0000049477090610    0.0018007238813201
  0.0822649865485988    0.0000194287081358    0.0000107559322549    0.0018028979328817
  0.0826763114813418    0.0000160456650244    0.0000104684861543    0.0018119124225461
  0.0826763114813418    0.0000122066950156    0.0000046028208984    0.0018097275007267
  0.0830896930387485    0.0000340033744270    0.0000123444001686    0.0018209719846589
  0.0830896930387485    0.0000280300517817    0.0000052633545747    0.0018187761382303
  0.0835051415039422    0.0000249825394700    0.0000054454609962    0.0018278700189215
  0.0835051415039422    0.0000369922250875    0.0000113560980854    0.0018300768445821
  0.0839226672114619    0.0000213346646146    0.0000049137745316    0.0018370093690161
  0.0839226672114619    0.0000276260697173    0.0000125560472872    0.0018392272288051
  0.0843422805475192    0.0000320355474327    0.0000051282555846    0.0018461944158612
  0.0843422805475192    0.0000175968629494    0.0000126445681767    0.0018484233649491
  0.0847639919502568    0.0000250393153987    0.0000048726502616    0.0018554253879405
  0.0847639919502568    0.0000125565329663    0.0000127434877406    0.0018576654817738
  0.0851878119100081    0.0000229533911668    0.0000049256090338    0.0018647025148802
  0.0851878119100081    0.0000334561879600    0.0000127537941800    0.0018669538091827
  0.0856137509695581    0.0000347530407784    0.0000125734186977    0.0018762885782286
  0.0856137509695581    0.0000288096284171    0.0000046789882919    0.0018740260274546
  0.0860418197244059    0.0000299315201112    0.0000120928266537    0.0018856700211198
  0.0860418197244059    0.0000239417943057    0.0000052138556885    0.0018833961575918
  0.0864720288230279    0.0000232978706174    0.0000050160219982    0.0018928131383798
  0.0864720288230279    0.0000414916422577    0.0000116321243749    0.0018950983712254
  0.0869043889671431    0.0000345882796348    0.0000056831398569    0.0019022772040717
  0.0869043889671431    0.0000238630646100    0.0000112259755275    0.0019045738630815
  0.0873389109119788    0.0000163978200291    0.0000118126989082    0.0019140967323969
  0.0873389109119788    0.0000257397608344    0.0000052441839865    0.0019117885900921
  0.0877756054665386    0.0000234524897215    0.0000050939875222    0.0019213475330425
  0.0877756054665386    0.0000340030829958    0.0000125711098385    0.0019236672160589
  0.0882144834938713   -0.0000021484275966    0.0000127376160867    0.0019332855521392
  0.0882144834938713    0.0000244983595071    0.0000055360134102    0.0019309542707077
  0.0886555559113407    0.0000220466810291    0.0000119732870054    0.0019429519798999
  0.0886555559113407    0.0000211591279996    0.0000052706652457    0.0019406090420613
  0.0890988336908974    0.0000234191330840    0.0000048938485132    0.0019503120872716
  0.0890988336908974    0.0000101374423397    0.0000111815579638    0.0019526667397994
  0.0895443278593518    0.0000190226159649    0.0000049404127729    0.0019600636477079
  0.0895443278593518    0.0000237635771450    0.0000128581390896    0.0019624300734984
  0.0899920494986486    0.0000244926093471    0.0000050468451822    0.0019698639659465
  0.0899920494986486    0.0000053952176947    0.0000120606698521    0.0019722422238658
  0.0904420097461418    0.0000460358347651    0.0000124162278761    0.0019821034349852
  0.0904420097461418    0.0000184618757777    0.0000048334427183    0.0019797132857762
  0.0908942197948725    0.0000155240974680    0.0000115796563724    0.0019920139521601
  0.0908942197948725    0.0000135117516409    0.0000050307726059    0.0019896118522051
  0.0913486908938469    0.0000138652466423    0.0000128922314388    0.0020019740219209
  0.0913486908938469    0.0000104826273157    0.0000042630157490    0.0019995599114661
  0.0918054343483161    0.0000034411298175    0.0000114229382705    0.0020119838920305
  0.0918054343483161    0.0000030863104499    0.0000043194606673    0.0020095577110234
  0.0922644615200577    0.0000269572614730    0.0000126870931541    0.0020220438114907
  0.0922644615200577    0.0000064508641967    0.0000044501222375    0.0020196054995786
  0.0927257838276579    0.0000091062018788    0.0000045105940383    0.0020297035270764
  0.0927257838276579    0.0000048585993179    0.0000125982656736    0.0020321540305481
  0.0931894127467962    0.0000363820603846    0.0000125068043653    0.0020423148007009
  0.0931894127467962    0.0000117209939445    0.0000043641973717    0.0020398520447118
  0.0936553598105302    0.0000106524240993    0.0000045993353518    0.0020500513049354
  0.0936553598105302    0.0000171799029555    0.0000122908886679    0.0020525263747044
  0.0941236366095829   -0.0000020919728676    0.0000115977153065    0.0020627890065779
  0.0941236366095829    0.0000015720369000    0.0000038088307217    0.0020603015614601
  0.0945942547926308    0.0000054353315451    0.0000125786220899    0.0020731029516108
  0.0945942547926308    0.0000104044316611    0.0000042870728006    0.0020706030692674
  0.0950672260665939   -0.0000042795680380    0.0000112816149513    0.0020834684663688
  0.0950672260665939    0.0000094278258555    0.0000041773751820    0.0020809560846137
  0.0955425621969268    0.0000079792414050    0.0000040787984946    0.0020913608650368
  0.0960202750079115    0.0000057615234149    0.0000040660855248    0.0021018176693619
  0.0965003763829510    0.0000088166920404    0.0000044649409647    0.0021123267577088
  0.0969828782648658    0.0000093027761326    0.0000039852001180    0.0021228883914973
  0.0974677926561901    0.0000101099562498    0.0000037726966723    0.0021335028334548
  0.0979551316194710    0.0000120009956700    0.0000040883069571    0.0021441703476221
  0.0984449072775684    0.0000024986447423    0.0000038404381773    0.0021548911993602
  0.0989371318139562    0.0000113400103620    0.0000041032097489    0.0021656656553570
  0.0994318174730260    0.0000137914740295    0.0000038430565623    0.0021764939836338
  0.0999289765603911    0.0000084114546008    0.0000038266741830    0.0021873764535519
  0.1004286214431930    0.0000149784539788    0.0000038955107996    0.0021983133358197
  0.1009307645504090    0.0000099597566533    0.0000039124734238    0.0022093049024988
  0.1014354183731610    0.0000108444738743    0.0000036850089748    0.0022203514270113
  0.1019425954650268    0.0000196592863153    0.0000037999422300    0.0022314531841463
  0.1024523084423520    0.0000156856089247    0.0000036495217819    0.0022426104500671
  0.1029645699845637    0.0000117596182535    0.0000036096733931    0.0022538235023174
  0.1034793928344865    0.0000128539503093    0.0000035037943168    0.0022650926198290
  0.1039967897986589    0.0000018146704520    0.0000034642866166    0.0022764180829281
  0.1045167737476522    0.0000104147081295    0.0000033639407615    0.0022878001733428
  0.1050393576163905    0.0000095007458197    0.0000033597236915    0.0022992391742095
  0.1055645544044724    0.0000090656203976    0.0000033818976245    0.0023107353700805
  0.1060923771764948    0.0000086449721723    0.0000030458462458    0.0023222890469309
  0.1066228390623772    0.0000061878273550    0.0000029936493708    0.0023339004921656
  0.1071559532576891    0.0000048524803132    0.0000031305248957    0.0023455699946264
  0.1076917330239775    0.0000020290291958    0.0000032053911470    0.0023572978445995
  0.1082301916890974    0.0000071846285449    0.0000029483392411    0.0023690843338225
  0.1087713426475429    0.0000047936571929    0.0000031092164215    0.0023809297554917
  0.1093151993607806    0.0000040990324664    0.0000029446117041    0.0023928344042691
  0.1098617753575845    0.0000050902516594    0.0000029485654554    0.0024047985762905
  0.1104110842343724    0.0000052401147185    0.0000029157615931    0.0024168225691719
  0.1109631396555442    0.0000021690416965    0.0000026974645523    0.0024289066820178
  0.1115179553538219    0.0000068651962596    0.0000028163313253    0.0024410512154279
  0.1120755451305910    0.0000053832404480    0.0000028489372028    0.0024532564715050
  0.1126359228562440    0.0000058448200677    0.0000026842732442    0.0024655227538625
  0.1131991024705252    0.0000066288406333    0.0000027416725234    0.0024778503676318
  0.1137650979828778    0.0000093813520951    0.0000029037570043    0.0024902396194700
  0.1143339234727922    0.0000077854272728    0.0000027351726341    0.0025026908175673
  0.1149055930901561    0.0000049051344038    0.0000025693854592    0.0025152042716552
  0.1154801210556069    0.0000069523809458    0.0000026304983407    0.0025277802930135
  0.1160575216608849    0.0000086613056696    0.0000026811310372    0.0025404191944785
  0.1166378092691893    0.0000045634952570    0.0000025361210966    0.0025531212904509
  0.1172209983155353    0.0000084440003310    0.0000026030193408    0.0025658868969032
  0.1178071033071129    0.0000065794454628    0.0000025641148471    0.0025787163313877
  0.1183961388236485    0.0000091078924284    0.0000026106501794    0.0025916099130446
  0.1189881195177667    0.0000066292593272    0.0000024795518444    0.0026045679626099
  0.1195830601153555    0.0000026572314895    0.0000023519150610    0.0026175908024229
  0.1201809754159323    0.0000083023023763    0.0000024696898069    0.0026306787564350
  0.1207818802930119    0.0000012969273980    0.0000023790111982    0.0026438321502172
  0.1213857896944770    0.0000025365656229    0.0000023083674972    0.0026570513109683
  0.1219927186429494    0.0000029632955593    0.0000022503889538    0.0026703365675231
  0.1226026822361641    0.0000002608089089    0.0000022725104373    0.0026836882503607
  0.1232156956473449    0.0000011989195167    0.0000021718042119    0.0026971066916125
  0.1238317741255816    0.0000036423486865    0.0000021297243460    0.0027105922250706
  0.1244509329962095    0.0000036515194076    0.0000021430536610    0.0027241451861959
  0.1250731876611905    0.0000054160029404    0.0000021382680079    0.0027377659121269
  0.1256985535994965    0.0000010792973388    0.0000021241429850    0.0027514547416876
  0.1263270463674940    0.0000042346686923    0.0000021937680044    0.0027652120153960
  0.1269586815993314    0.0000031671962289    0.0000020933954904    0.0027790380754730
  0.1275934750073280    0.0000089938076062    0.0000021097348100    0.0027929332658503
  0.1282314423823647    0.0000054346276212    0.0000021257094792    0.0028068979321796
  0.1288725995942765    0.0000071386276400    0.0000021684118106    0.0028209324218405
  0.1295169625922478    0.0000025178858779    0.0000019864821019    0.0028350370839497
  0.1301645474052091    0.0000061153015784    0.0000020106950999    0.0028492122693694
  0.1308153701422351    0.0000029848855228    0.0000019282251231    0.0028634583307163
  0.1314694469929463   -0.0000000935770772    0.0000019638981107    0.0028777756223699
  0.1321267942279110    0.0000042785914257    0.0000018641423053    0.0028921645004817
  0.1327874281990505    0.0000039598506994    0.0000020065366564    0.0029066253229841
  0.1334513653400458    0.0000015819069974    0.0000018404132177    0.0029211584495990
  0.1341186221667460    0.0000045118195000    0.0000019179471065    0.0029357642418470
  0.1347892152775797    0.0000029811308411    0.0000019073959567    0.0029504430630563
  0.1354631613539676    0.0000012080798935    0.0000017794113089    0.0029651952783716
  0.1361404771607374    0.0000002752740375    0.0000018780802327    0.0029800212547634
  0.1368211795465411    0.0000029540459394    0.0000017907290780    0.0029949213610372
  0.1375052854442738    0.0000021045159698    0.0000017687620494    0.0030098959678424
  0.1381928118714951    0.0000035989830753    0.0000018466289778    0.0030249454476816
  0.1388837759308526    0.0000022082334630    0.0000017585400351    0.0030400701749200
  0.1395781948105068    0.0000014151455596    0.0000016899099022    0.0030552705257946
  0.1402760857845594    0.0000022176097477    0.0000016789673816    0.0030705468784236
  0.1409774662134821    0.0000026187575168    0.0000017063417983    0.0030858996128157
  0.1416823535445495    0.0000014379942425    0.0000016870815231    0.0031013291108798
  0.1423907653122723    0.0000026028331545    0.0000016811304442    0.0031168357564342
  0.1431027191388336    0.0000006104117013    0.0000017316288848    0.0031324199352164
  0.1438182327345278    0.0000029605307223    0.0000017723680024    0.0031480820348925
  0.1445373238982004    0.0000006312664947    0.0000017704561945    0.0031638224450669
  0.1452600105176914   -0.0000002383966676    0.0000016628324421    0.0031796415572923
  0.1459863105702798    0.0000037358896608    0.0000016439713983    0.0031955397650787
  0.1467162421231312    0.0000030129661351    0.0000016249770379    0.0032115174639041
  0.1474498233337468    0.0000031233587230    0.0000015248328140    0.0032275750512236
  0.1481870724504156    0.0000018917677797    0.0000016017356510    0.0032437129264797
  0.1489280078126676    0.0000005330729065    0.0000015230535077    0.0032599314911121
  0.1496726478517310    0.0000012891009487    0.0000015895147692    0.0032762311485677
  0.1504210110909896    0.0000026138479701    0.0000016020674092    0.0032926123043105
  0.1511731161464445    0.0000035255525232    0.0000015603933686    0.0033090753658321
  0.1519289817271767    0.0000009422060276    0.0000015384982028    0.0033256207426613
  0.1526886266358126    0.0000019181670819    0.0000014520088345    0.0033422488463746
  0.1534520697689916    0.0000010967473236    0.0000014625728025    0.0033589600906064
  0.1542193301178366   -0.0000010572668128    0.0000014817646411    0.0033757548910595
  0.1549904267684257    0.0000017430866432    0.0000014950468870    0.0033926336655148
  0.1557653789022678    0.0000007721797042    0.0000015664773507    0.0034095968338423
  0.1565442057967792    0.0000008260485877    0.0000015126926045    0.0034266448180115
  0.1573269268257630    0.0000011491347947    0.0000016043934226    0.0034437780421016
  0.1581135614598919    0.0000018180653670    0.0000015125610239    0.0034609969323121
  0.1589041292671913    0.0000021856083786    0.0000014222125898    0.0034783019169737
  0.1596986499135272   -0.0000021464072959    0.0000013911872183    0.0034956934265585
  0.1604971431630948    0.0000009548017274    0.0000014508080714    0.0035131718936913
  0.1612996288789103    0.0000025758749853    0.0000014178091153    0.0035307377531598
  0.1621061270233048    0.0000035441140374    0.0000013854436246    0.0035483914419256
  0.1629166576584213   -0.0000008903521636    0.0000014262636777    0.0035661333991352
  0.1637312409467134    0.0000018643488478    0.0000014009125586    0.0035839640661309
  0.1645498971514470    0.0000015730616394    0.0000014059589076    0.0036018838864615
  0.1653726466372042    0.0000020855111700    0.0000013860965451    0.0036198933058939
  0.1661995098703902    0.0000028994011948    0.0000013516921027    0.0036379927724233
  0.1670305074197421    0.0000028144126733    0.0000014017247871    0.0036561827362854
  0.1678656599568408   -0.0000000730196606    0.0000013553681692    0.0036744636499669
  0.1687049882566250    0.0000022817975662    0.0000013222601345    0.0036928359682167
  0.1695485131979081    0.0000024940877803    0.0000013457800417    0.0037113001480578
  0.1703962557638976    0.0000013061226244    0.0000013444191264    0.0037298566487981
  0.1712482370427171    0.0000004309428117    0.0000013789736248    0.0037485059320421
  0.1721044782279307    0.0000008186656250    0.0000013477193895    0.0037672484617023
  0.1729650006190703    0.0000005223904978    0.0000013908847494    0.0037860847040108
  0.1738298256221656    0.0000011063699079    0.0000013476529175    0.0038050151275308
  0.1746989747502765    0.0000017127571257    0.0000013474061707    0.0038240402031685
  0.1755724696240278    0.0000008608171967    0.0000013370199698    0.0038431604041843
  0.1764503319721480    0.0000027553319238    0.0000013384411176    0.0038623762062053
  0.1773325836320087    0.0000021428399363    0.0000014082436344    0.0038816880872363
  0.1782192465501687    0.0000031213027625    0.0000013407917690    0.0039010965276725
  0.1791103427829195   -0.0000017401709657    0.0000013834928185    0.0039206020103108
  0.1800058944968341    0.0000031158390616    0.0000013368871248    0.0039402050203624
  0.1809059239693183    0.0000012134998628    0.0000013529367391    0.0039599060454642
  0.1818104535891648    0.0000033094642993    0.0000013593388276    0.0039797055756915
  0.1827195058571106    0.0000020254681480    0.0000013493165277    0.0039996041035700
  0.1836331033863962    0.0000001238151636    0.0000013253897810    0.0040196021240878
  0.1845512689033281   -0.0000016284330783    0.0000013026746911    0.0040397001347083
  0.1854740252478447    0.0000006346438897    0.0000013152481763    0.0040598986353818
  0.1864013953740840    0.0000007160973455    0.0000013438139889    0.0040801981285587
  0.1873334023509544    0.0000043624093975    0.0000013688752088    0.0041005991192015
  0.1882700693627091   -0.0000009909557614    0.0000013922172008    0.0041211021147975
  0.1892114197095226    0.0000017432051369    0.0000014161368443    0.0041417076253715
  0.1901574768080702    0.0000002741445666    0.0000014498156023    0.0041624161634983
  0.1911082641921105    0.0000005163080565    0.0000014570407038    0.0041832282443158
  0.1920638055130711    0.0000013876221954    0.0000015029826258    0.0042041443855374
  0.1930241245406364    0.0000015362476018    0.0000014558230247    0.0042251651074651
  0.1939892451633396   -0.0000001747302572    0.0000014306780670    0.0042462909330024
  0.1949591913891562    0.0000003444690830    0.0000013900969273    0.0042675223876674
  0.1959339873461020   -0.0000002605917416    0.0000013730862079    0.0042888599996058
  0.1969136572828325    0.0000017886886960    0.0000013930610638    0.0043103042996038
  0.1978982255692466   -0.0000007249236111    0.0000013402262768    0.0043318558211018
  0.1988877166970929    0.0000004344743740    0.0000014175597600    0.0043535151002073
  0.1998821552805783   -0.0000024731638675    0.0000013749957419    0.0043752826757084
  0.2008815660569812    0.0000013655743699    0.0000013472585456    0.0043971590890869
  0.2018859738872660    0.0000007383415995    0.0000013117264245    0.0044191448845323
  0.2028954037567023   -0.0000001521969505    0.0000013126271209    0.0044412406089550
  0.2039098807754859    0.0000016508444420    0.0000013412444162    0.0044634468119998
  0.2049294301793633    0.0000018965373173    0.0000012695057440    0.0044857640460598
  0.2059540773302601   -0.0000006008512649    0.0000013082761084    0.0045081928662901
  0.2069838477169113    0.0000006979567162    0.0000013067544630    0.0045307338306215
  0.2080187669554959   -0.0000023046935114    0.0000012890769238    0.0045533874997746
  0.2090588607902733    0.0000007208308914    0.0000012632104247    0.0045761544372735
  0.2101041550942246    0.0000012960304466    0.0000012446408539    0.0045990352094599
  0.2111546758696958   -0.0000006682467254    0.0000013125848574    0.0046220303855072
  0.2122104492490442   -0.0000000977937236    0.0000012894346528    0.0046451405374347
  0.2132715014952894    0.0000017446695892    0.0000012510464692    0.0046683662401219
  0.2143378590027659   -0.0000011941177248    0.0000012995665095    0.0046917080713225
  0.2154095482977796   -0.0000006276555364    0.0000012778632836    0.0047151666116791
  0.2164865960392685    0.0000012043418895    0.0000012397705001    0.0047387424447375
  0.2175690290194648    0.0000002085158353    0.0000012579702876    0.0047624361569612
  0.2186568741645621    0.0000020863056795    0.0000012570181649    0.0047862483377460
  0.2197501585353849   -0.0000000595626105    0.0000012090276762    0.0048101795794347
  0.2208489093280618   -0.0000018225094500    0.0000012573625902    0.0048342304773319
  0.2219531538747021    0.0000006454217119    0.0000012092756259    0.0048584016297186
  0.2230629196440756    0.0000012324509714    0.0000012377582324    0.0048826936378671
  0.2241782342422960    0.0000002687482873    0.0000012625506658    0.0049071071060565
  0.2252991254135074    0.0000008277945871    0.0000011849679341    0.0049316426415868
  0.2264256210405749    0.0000005508185945    0.0000012434765276    0.0049563008547947
  0.2275577491457778    0.0000004959291296    0.0000011968271665    0.0049810823590687
  0.2286955378915067   -0.0000016699860794    0.0000012146182653    0.0050059877708640
  0.2298390155809641   -0.0000001547050965    0.0000012199526476    0.0050310177097183
  0.2309882106588690   -0.0000011095915770    0.0000012206689420    0.0050561727982669
  0.2321431517121633    0.0000008116848762    0.0000011888687120    0.0050814536622583
  0.2333038674707241   -0.0000000306228065    0.0000011933962353    0.0051068609305695
  0.2344703868080777    0.0000013283493722    0.0000012214670317    0.0051323952352224
  0.2356427387421181    0.0000016437308330    0.0000012070986729    0.0051580572113985
  0.2368209524358286   -0.0000010933827529    0.0000011471938688    0.0051838474974555
  0.2380050571980077   -0.0000015690590527    0.0000012169910096    0.0052097667349428
  0.2391950824839977   -0.0000002974049576    0.0000012040150804    0.0052358155686175
  0.2403910578964177   -0.0000016245953814    0.0000012220285398    0.0052619946464606
  0.2415930131858998    0.0000007376763552    0.0000012159344201    0.0052883046196929
  0.2428009782518292   -0.0000005861828669    0.0000012046726501    0.0053147461427913
  0.2440149831430883    0.0000008439141435    0.0000011965595578    0.0053413198735053
  0.2452350580588037    0.0000006093051240    0.0000011912815650    0.0053680264728728
  0.2464612333490978    0.0000007737171973    0.0000012316632071    0.0053948666052372
  0.2476935395158432   -0.0000010152504802    0.0000012001289410    0.0054218409382634
  0.2489320072134224    0.0000014663711852    0.0000012221419051    0.0054489501429547
  0.2501766672494895    0.0000000908724309    0.0000011936698350    0.0054761948936695
  0.2514275505857369   -0.0000000012178735    0.0000012048153387    0.0055035758681378
  0.2526846883386655    0.0000011774220622    0.0000012290657992    0.0055310937474785
  0.2539481117803589    0.0000011455638980    0.0000011972551697    0.0055587492162159
  0.2552178523392606    0.0000022349419952    0.0000012056946916    0.0055865429622970
  0.2564939416009570    0.0000003543415402    0.0000012079028558    0.0056144756771084
  0.2577764113089617   -0.0000008959533868    0.0000011864929102    0.0056425480554940
  0.2590652933655064   -0.0000006403413374    0.0000011555928821    0.0056707607957715
  0.2603606198323339    0.0000017832172716    0.0000011646322568    0.0056991145997503
  0.2616624229314956    0.0000006810786541    0.0000011919755754    0.0057276101727491
  0.2629707350461531   -0.0000026829488239    0.0000012050336415    0.0057562482236128
  0.2642855887213838   -0.0000016702325738    0.0000012023056527    0.0057850294647309
  0.2656070166649907   -0.0000020204227035    0.0000012061076952    0.0058139546120545
  0.2669350517483157    0.0000002558452413    0.0000012114765323    0.0058430243851148
  0.2682697270070572   -0.0000000766408083    0.0000012238123042    0.0058722395070404
  0.2696110756420924    0.0000006139274104    0.0000012605433287    0.0059016007045756
  0.2709591310203028    0.0000024624631387    0.0000012698153830    0.0059311087080985
  0.2723139266754043    0.0000002155395253    0.0000012996322744    0.0059607642516389
  0.2736754963087813    0.0000009358518844    0.0000012703908844    0.0059905680728971
  0.2750438737903252   -0.0000008301867740    0.0000012458833003    0.0060205209132616
  0.2764190931592768   -0.0000001545660045    0.0000012696072785    0.0060506235178279
  0.2778011886250731    0.0000017261601805    0.0000012676976675    0.0060808766354171
