1.442977229909739312e-02 5.508220691653296086e-01 2.049959849376489784e-02 4.012835029382323475e-04
1.450192116059288022e-02 5.207471930842844099e-01 1.913517091388917610e-02 4.032899204529234965e-04
1.457443076639584369e-02 5.377185057450610817e-01 2.013496497137631097e-02 4.053063700551880698e-04
1.464730292022782196e-02 4.696159311103685341e-01 1.821923314965668769e-02 4.073329019054639909e-04
1.472053943482895880e-02 4.670286844662270842e-01 1.819713119114973326e-02 4.093695664149912751e-04
1.479414213200310087e-02 4.089607660309799719e-01 1.624062683784234171e-02 4.114164142470661261e-04
1.486811284266311567e-02 4.440657867309601992e-01 1.700190343965815934e-02 4.134734963183014293e-04
1.494245340687642976e-02 4.346496133252113481e-01 1.654408527808464216e-02 4.155408637998929378e-04
1.501716567391080982e-02 4.048666935019630819e-01 1.569608933903192047e-02 4.176185681188923421e-04
1.509225150228036064e-02 4.055901431499949195e-01 1.535442464065414278e-02 4.197066609594866829e-04
1.516771275979176062e-02 3.701701141633577108e-01 1.451628021393381977e-02 4.218051942642840526e-04
1.524355132359071774e-02 3.629849062180601216e-01 1.414165165346544135e-02 4.239142202356054761e-04
1.531976908020867001e-02 3.576314258129457135e-01 1.413150390924624612e-02 4.260337913367834599e-04
1.539636792560971322e-02 3.483515488614760125e-01 1.395426438448242080e-02 4.281639602934673712e-04
1.547334976523776114e-02 3.379821173541107671e-01 1.361850860294171184e-02 4.303047800949346725e-04
1.555071651406394681e-02 3.198583630608737294e-01 1.290870839892581043e-02 4.324563039954092570e-04
1.562847009663426504e-02 2.904523414500728706e-01 1.196014238717669348e-02 4.346185855153862892e-04
1.570661244711743509e-02 3.039896231886760058e-01 1.233046586487791807e-02 4.367916784429631718e-04
1.578514550935301852e-02 2.912080743733599375e-01 1.200137681398000256e-02 4.389756368351778850e-04
1.586407123689978493e-02 2.751330273486162770e-01 1.180730347069284050e-02 4.411705150193537760e-04
1.594339159308428081e-02 2.794963431623403993e-01 1.154094434340963496e-02 4.433763675944504758e-04
1.602310855104970011e-02 2.621651030984673003e-01 1.101371090104842805e-02 4.455932494324226748e-04
1.610322409380494577e-02 2.490029979366915891e-01 1.057231433750201698e-02 4.478212156795847000e-04
1.618374021427396864e-02 2.294750092813566955e-01 1.005070370132933252e-02 4.500603217579825731e-04
1.626465891534533553e-02 2.148341388752068870e-01 9.789529329206778097e-03 4.523106233667724104e-04
1.634598220992206086e-02 2.186638289224379916e-01 9.577708293566012526e-03 4.545721764836062502e-04
1.642771212097167421e-02 2.260904383524169892e-01 9.693892593275762679e-03 4.568450373660243313e-04
1.650985068157653085e-02 2.207354106439640140e-01 9.461834274934277297e-03 4.591292625528544183e-04
1.659239993498441007e-02 1.984138839122617515e-01 8.717353004047863341e-03 4.614249088656186080e-04
1.667536193465932876e-02 1.821393262110618805e-01 8.262950684350223868e-03 4.637320334099465872e-04
1.675873874433262550e-02 1.690730166370041088e-01 7.974476980368504567e-03 4.660506935769963169e-04
1.684253243805428762e-02 1.582833940230156944e-01 7.600250037500126503e-03 4.683809470448812760e-04
1.692674510024455570e-02 1.530847390853131984e-01 7.269745700805836305e-03 4.707228517801056197e-04
1.701137882574577792e-02 1.401727114237023564e-01 6.837502436042717201e-03 4.730764660390061145e-04
1.709643571987450386e-02 1.366822473180714093e-01 6.723463714524404757e-03 4.754418483692010654e-04
1.718191789847387657e-02 1.487941188074732024e-01 7.105353579888139259e-03 4.778190576110471046e-04
1.726782748796624328e-02 1.334929245644005946e-01 6.648591648443754124e-03 4.802081528991022138e-04
1.735416662540607141e-02 1.302041607609714935e-01 6.406546651628665032e-03 4.826091936635976912e-04
1.744093745853309702e-02 1.039898098118626074e-01 5.714464994431167448e-03 4.850222396319155398e-04
1.752814214582576469e-02 1.253445549299664619e-01 6.347682173488890245e-03 4.874473508300751793e-04
1.761578285655489295e-02 9.968314816691108138e-02 5.369193068386718566e-03 4.898845875842255254e-04
1.770386177083766582e-02 9.684415936465773367e-02 5.292839354562916057e-03 4.923340105221466097e-04
1.779238107969184982e-02 8.989032775201481751e-02 5.061706520469783609e-03 4.947956805747571627e-04
1.788134298509030939e-02 8.830440784044779612e-02 4.918174620851658262e-03 4.972696589776309795e-04
1.797074970001575484e-02 8.315607242624004081e-02 4.751670034019884505e-03 4.997560072725190303e-04
1.806060344851583357e-02 7.806149786264258983e-02 4.566885041810483589e-03 5.022547873088815474e-04
1.815090646575841238e-02 8.455530293344151738e-02 4.814116359410690674e-03 5.047660612454259654e-04
1.824166099808720298e-02 6.435295093914780717e-02 4.030155862363924736e-03 5.072898915516531023e-04
1.833286930307763407e-02 7.150777427317216162e-02 4.283983265517671973e-03 5.098263410094112545e-04
1.842453364959302162e-02 6.232838085891045238e-02 3.873442205817072530e-03 5.123754727144582072e-04
1.851665631784098556e-02 5.787020767088120465e-02 3.775322971318578313e-03 5.149373500780305086e-04
1.860923959943018915e-02 5.818725150982195088e-02 3.696119743534386718e-03 5.175120368284206584e-04
1.870228579742733849e-02 5.406221758570144836e-02 3.579870322177576038e-03 5.200995970125626457e-04
1.879579722641447001e-02 4.637254987618288221e-02 3.284981457773932228e-03 5.227000949976252919e-04
1.888977621254653988e-02 4.369939069316686880e-02 3.085298139967003039e-03 5.253135954726134010e-04
1.898422509360927352e-02 4.385455152698418402e-02 3.104153030115097602e-03 5.279401634499764984e-04
1.907914621907731700e-02 4.053697372350571759e-02 2.928925035329475214e-03 5.305798642672263522e-04
1.917454195017270074e-02 3.914113543415580210e-02 2.850672816005584559e-03 5.332327635885623007e-04
1.927041465992356331e-02 4.123419539051789012e-02 2.969247661140895448e-03 5.358989274065051453e-04
1.936676673322317715e-02 3.531528172432410462e-02 2.764060579233834549e-03 5.385784220435375479e-04
1.946360056688929002e-02 3.207047997653660748e-02 2.521511990507224570e-03 5.412713141537551630e-04
1.956091856972373699e-02 3.016392547930156487e-02 2.435528183978953772e-03 5.439776707245239486e-04
1.965872316257235436e-02 3.114043337785062787e-02 2.479459475342106652e-03 5.466975590781464767e-04
1.975701677838521270e-02 2.689921070963507271e-02 2.301702024582475466e-03 5.494310468735371343e-04
1.985580186227713789e-02 2.391136210898619011e-02 2.086666537450790077e-03 5.521782021079048048e-04
1.995508087158852362e-02 2.580119863277412565e-02 2.215026003890384690e-03 5.549390931184443321e-04
2.005485627594646297e-02 2.748665713053183648e-02 2.210764899541404951e-03 5.577137885840364410e-04
2.015513055732619241e-02 2.939485361192794091e-02 2.326899319053526115e-03 5.605023575269565484e-04
2.025590621011282011e-02 2.782795192861886591e-02 2.170481505935292505e-03 5.633048693145912720e-04
2.035718574116338053e-02 2.517549298602769423e-02 2.081108385133788059e-03 5.661213936611641552e-04
2.045897166986919424e-02 2.718839342822419389e-02 2.171879825577296454e-03 5.689520006294698480e-04
2.056126652821854001e-02 2.376303918530205464e-02 1.957656881074274630e-03 5.717967606326171794e-04
2.066407286085962872e-02 2.430796130965758375e-02 1.950158370892987559e-03 5.746557444357801433e-04
2.076739322516392428e-02 2.682630003024035273e-02 2.043039885094145944e-03 5.775290231579589687e-04
2.087123019128974549e-02 2.829521450551958014e-02 2.137724871896950606e-03 5.804166682737488866e-04
2.097558634224619065e-02 2.622312740942678647e-02 2.002826659366287350e-03 5.833187516151174630e-04
2.108046427395741940e-02 2.372225384840903964e-02 1.949927911557643992e-03 5.862353453731929901e-04
2.118586659532720531e-02 2.629559252481198164e-02 1.957402711266676646e-03 5.891665221000589496e-04
2.129179592830383883e-02 2.325449288587841043e-02 1.852183945493362724e-03 5.921123547105592091e-04
2.139825490794535628e-02 2.398092167794973334e-02 1.894547832394529070e-03 5.950729164841118924e-04
2.150524618248508130e-02 2.569878712107184771e-02 1.916365534562711756e-03 5.980482810665324655e-04
2.161277241339750604e-02 2.291713118393447213e-02 1.770844459620479414e-03 6.010385224718650622e-04
2.172083627546448834e-02 2.311281544409960267e-02 1.759746611794140488e-03 6.040437150842242189e-04
2.182944045684180601e-02 2.526065388172504464e-02 1.825036580938572787e-03 6.070639336596452820e-04
2.193858765912601316e-02 2.853317554384570548e-02 1.928112687066167470e-03 6.100992533279433810e-04
2.204828059742164337e-02 2.911987991353408647e-02 1.939658996481294318e-03 6.131497495945831353e-04
2.215852200040874936e-02 2.626151899872693554e-02 1.796400453045155507e-03 6.162154983425559502e-04
2.226931461041078975e-02 2.711869144081593269e-02 1.922190565810745749e-03 6.192965758342686968e-04
2.238066118346284175e-02 2.902234763321834277e-02 1.865018267646201180e-03 6.223930587134399823e-04
2.249256448938015407e-02 2.226584509518131014e-02 1.620985356991600044e-03 6.255050240070071524e-04
2.260502731182705005e-02 2.417568601834252373e-02 1.717523105485837392e-03 6.286325491270420771e-04
2.271805244838618482e-02 2.633125098436626607e-02 1.739290125480841319e-03 6.317757118726772354e-04
2.283164271062811460e-02 2.580092363608135417e-02 1.723766979495180117e-03 6.349345904320405831e-04
2.294580092418125120e-02 2.911251401505192404e-02 1.828347471364478831e-03 6.381092633842007193e-04
2.306052992880215646e-02 3.018145881373442488e-02 1.816228819481308142e-03 6.412998097011215950e-04
2.317583257844616634e-02 2.726114158589787104e-02 1.703542780389757537e-03 6.445063087496271954e-04
2.329171174133839312e-02 2.970792721348638685e-02 1.803238555411672142e-03 6.477288402933752218e-04
2.340817030004507804e-02 2.796018150463796398e-02 1.694715668314471973e-03 6.509674844948419407e-04
2.352521115154530135e-02 2.863481001985149904e-02 1.713519818995239185e-03 6.542223219173160312e-04
2.364283720730302879e-02 2.715881092847713049e-02 1.693801397292148602e-03 6.574934335269027328e-04
2.376105139333953981e-02 2.764550809446962576e-02 1.674512137050578747e-03 6.607809006945371006e-04
2.387985665030623386e-02 2.864505172454121992e-02 1.665788448065353561e-03 6.640848051980096202e-04
2.399925593355776293e-02 3.128376985586445169e-02 1.754751390114859394e-03 6.674052292239996288e-04
2.411925221322554908e-02 2.777911325278528340e-02 1.690154694879627282e-03 6.707422553701195781e-04
2.423984847429167672e-02 2.637763902653797801e-02 1.580634850183315057e-03 6.740959666469701402e-04
2.436104771666313187e-02 2.360454854932012708e-02 1.517902818008031980e-03 6.774664464802049616e-04
2.448285295524644731e-02 2.839029124161066356e-02 1.616371061646129951e-03 6.808537787126059350e-04
2.460526722002267380e-02 2.522188897868053031e-02 1.571764812925268567e-03 6.842580476061688784e-04
2.472829355612278512e-02 2.485364803550703383e-02 1.562131303219222106e-03 6.876793378441996242e-04
2.485193502390339870e-02 2.386020517232107299e-02 1.558593196947512596e-03 6.911177345334206228e-04
2.497619469902290917e-02 2.519887232636731922e-02 1.467685671027294967e-03 6.945733232060875232e-04
2.510107567251802091e-02 2.497452630219436365e-02 1.431029890852306748e-03 6.980461898221178947e-04
2.522658105088061015e-02 2.296861477211165417e-02 1.409432228097965171e-03 7.015364207712284066e-04
2.535271395613501039e-02 2.341045235414371609e-02 1.383093637469183946e-03 7.050441028750844760e-04
2.547947752591567944e-02 2.269042197368322314e-02 1.350779150167942836e-03 7.085693233894597813e-04
2.560687491354525849e-02 1.840605842786554799e-02 1.212810689989329924e-03 7.121121700064070520e-04
2.573490928811298165e-02 1.982307472493440026e-02 1.256240386979134331e-03 7.156727308564390499e-04
2.586358383455354334e-02 2.022868959147352402e-02 1.248681193562942984e-03 7.192510945107211508e-04
2.599290175372630934e-02 1.726092036242782637e-02 1.161739422159199916e-03 7.228473499832746606e-04
2.612286626249493704e-02 1.929854617721894761e-02 1.209592371672555148e-03 7.264615867331909727e-04
2.625348059380740867e-02 1.838166685890318605e-02 1.173570892374206946e-03 7.300938946668567844e-04
2.638474799677644617e-02 1.742267630608356974e-02 1.141710386458673647e-03 7.337443641401911317e-04
2.651667173676032496e-02 1.661181033463530674e-02 1.128483174621207254e-03 7.374130859608919644e-04
2.664925509544412152e-02 1.591713387672514385e-02 1.080599759134741626e-03 7.411001513906962735e-04
2.678250137092134248e-02 1.427514315145225927e-02 1.032574487783049491e-03 7.448056521476497608e-04
2.691641387777594235e-02 1.655375514669228318e-02 1.158572565423253865e-03 7.485296804083878914e-04
2.705099594716482009e-02 1.353487715947717350e-02 1.036502844067860871e-03 7.522723288104297404e-04
2.718625092690064166e-02 1.452071528207344274e-02 9.905676883305272653e-04 7.560336904544818137e-04
2.732218218153514150e-02 1.227499698826347435e-02 9.030022068178067754e-04 7.598138589067541214e-04
2.745879309244281599e-02 1.326603843102624157e-02 9.487641165199309093e-04 7.636129282012878508e-04
2.759608705790502631e-02 1.074339546764165217e-02 8.441278007925343517e-04 7.674309928422942077e-04
2.773406749319454884e-02 1.233236194705151709e-02 8.906103030976350024e-04 7.712681478065056169e-04
2.787273783066051419e-02 1.071487107592979451e-02 8.154703933340186730e-04 7.751244885455379824e-04
2.801210151981381458e-02 9.834705521199067421e-03 7.910503885432256530e-04 7.790001109882655232e-04
2.815216202741288587e-02 1.182000892666762101e-02 8.718099173725293687e-04 7.828951115432069945e-04
2.829292283754994419e-02 9.071976290142400381e-03 7.672255246338610538e-04 7.868095871009228581e-04
2.843438745173769086e-02 8.275210860008109723e-03 7.382265873044497858e-04 7.907436350364273076e-04
2.857655938899637815e-02 7.899585168804467566e-03 7.162561142550325942e-04 7.946973532116093997e-04
2.871944218594135734e-02 6.236623138374334727e-03 6.344792403082428903e-04 7.986708399776674136e-04
2.886303939687106038e-02 7.725118147382872835e-03 6.899649479869607912e-04 8.026641941775556786e-04
2.900735459385541531e-02 7.266155682741005060e-03 6.623854268627466825e-04 8.066775151484434359e-04
2.915239136682468840e-02 6.946210908573733148e-03 6.440788767521721334e-04 8.107109027241855186e-04
2.929815332365880848e-02 5.185356474045514120e-03 5.520444622834165321e-04 8.147644572378063676e-04
2.944464409027709728e-02 6.012958862079502073e-03 6.150387887505868057e-04 8.188382795239952140e-04
2.959186731072847854e-02 6.433513307093192968e-03 6.126620052443106654e-04 8.229324709216151402e-04
2.973982664728212072e-02 5.623897355124179293e-03 5.845221223671866672e-04 8.270471332762231991e-04
2.988852578051852740e-02 6.589981057473728865e-03 6.164694286630073485e-04 8.311823689426041948e-04
3.003796840942111676e-02 4.835678724182047167e-03 5.270032575882292389e-04 8.353382807873171480e-04
3.018815825146821744e-02 6.069576135061442203e-03 5.993619886657808316e-04 8.395149721912535798e-04
3.033909904272555358e-02 5.235681452160331588e-03 5.422915373953536696e-04 8.437125470522096726e-04
3.049079453793918093e-02 5.427997901798705532e-03 5.774872515968812502e-04 8.479311097874706830e-04
3.064324851062887045e-02 5.630615588417046263e-03 5.760074690834943948e-04 8.521707653364079312e-04
3.079646475318201237e-02 4.291423690679608063e-03 5.035741441367535447e-04 8.564316191630898852e-04
3.095044707694791924e-02 5.538635919392311500e-03 5.763845704812543477e-04 8.607137772589052794e-04
3.110519931233265631e-02 4.695494536542103858e-03 5.196193182829257585e-04 8.650173461451996773e-04
3.126072530889431600e-02 5.443307587827835546e-03 5.625554710920649447e-04 8.693424328759255873e-04
3.141702893543878161e-02 5.500211423650062589e-03 5.750093955123052221e-04 8.736891450403050461e-04
3.157411408011597670e-02 5.921750691979751208e-03 5.639170678990606568e-04 8.780575907655066223e-04
3.173198465051654815e-02 5.787846515719573086e-03 5.588188168593805809e-04 8.824478787193339125e-04
3.189064457376912520e-02 6.237750309166477380e-03 5.876502268755248769e-04 8.868601181129304092e-04
3.205009779663797742e-02 6.227841753515958416e-03 5.774631643968025510e-04 8.912944187034952098e-04
3.221034828562116537e-02 7.194585376843007189e-03 6.341522659893564316e-04 8.957508907970127129e-04
3.237140002704926023e-02 7.154249321188642201e-03 6.435034345392692812e-04 9.002296452509974930e-04
3.253325702718450757e-02 6.382307763785064966e-03 5.995947093388774097e-04 9.047307934772525102e-04
3.269592331232042820e-02 6.178958375455653566e-03 6.220834330991950167e-04 9.092544474446387056e-04
3.285940292888202274e-02 7.727018451645143587e-03 7.200470097318659472e-04 9.138007196818616167e-04
3.302369994352642724e-02 6.344031660576862283e-03 6.171135305620672334e-04 9.183697232802707881e-04
3.318881844324406138e-02 6.362374425567584278e-03 6.104818952747640033e-04 9.229615718966721919e-04
3.335476253546027642e-02 7.863630763555895520e-03 6.699446879684899103e-04 9.275763797561553930e-04
3.352153634813757888e-02 7.132986361269905498e-03 6.474910413224305421e-04 9.322142616549362187e-04
3.368914402987825685e-02 7.715604187167114311e-03 6.525312762549633806e-04 9.368753329632105963e-04
3.385758975002764459e-02 7.594839458930244432e-03 6.340491843250485246e-04 9.415597096280266037e-04
3.402687769877778268e-02 7.312081226835956925e-03 6.557181496060816590e-04 9.462675081761667134e-04
3.419701208727166097e-02 6.188200953891371744e-03 5.662737437506631119e-04 9.509988457170472738e-04
3.436799714770802372e-02 6.797817139650932580e-03 6.038939008509294293e-04 9.557538399456326278e-04
3.453983713344655621e-02 6.992393240493764185e-03 6.194446871389026627e-04 9.605326091453606158e-04
3.471253631911378618e-02 6.277589619371449180e-03 5.538510149966721511e-04 9.653352721910872687e-04
3.488609900070935299e-02 6.593726147019664079e-03 5.664184980020149076e-04 9.701619485520426682e-04
3.506052949571289434e-02 6.985110680046264196e-03 5.843151062116090253e-04 9.750127582948027449e-04
3.523583214319145340e-02 6.816010867064362967e-03 5.828162083935855891e-04 9.798878220862766893e-04
3.541201130390740637e-02 6.900779226777608091e-03 5.836824530179134107e-04 9.847872611967079144e-04
3.558907136042693820e-02 6.461259308036566319e-03 5.679193693909175477e-04 9.897111975026911743e-04
3.576701671722907344e-02 6.688714737555223611e-03 5.582470307600089030e-04 9.946597534902046431e-04
3.594585180081521364e-02 6.825418411217139096e-03 5.758921869100904270e-04 9.996330522576556566e-04
3.612558105981928530e-02 7.159236791297281417e-03 5.776732302694367752e-04 1.004631217518943799e-03
3.630620896511838058e-02 7.193065786471448952e-03 5.778692344773446107e-04 1.009654373606538522e-03
3.648774000994396693e-02 5.923378064350563049e-03 5.218070769065918805e-04 1.014702645474571067e-03
3.667017870999368656e-02 5.184328938276926840e-03 4.804397008102986128e-04 1.019776158701943746e-03
3.685352960354364854e-02 5.714011802686548049e-03 5.041136389561261168e-04 1.024875039495453310e-03
3.703779725156136626e-02 5.623715832993355333e-03 5.189612243686400617e-04 1.029999414692930578e-03
3.722298623781916671e-02 5.760628351026346287e-03 5.024146653388605758e-04 1.035149411766395034e-03
3.740910116900825200e-02 4.311435422977995258e-03 4.347484487582686016e-04 1.040325158825226772e-03
3.759614667485329520e-02 5.077168004439450502e-03 4.665997856245986835e-04 1.045526784619352960e-03
3.778412740822754967e-02 4.252100363629349698e-03 4.244900435827723430e-04 1.050754418542449494e-03
3.797304804526868693e-02 3.934888616282921497e-03 4.073771711814294910e-04 1.056008190635161726e-03
3.816291328549503009e-02 3.502646503516111069e-03 3.838601198621308824e-04 1.061288231588337341e-03
3.835372785192249501e-02 4.148001939377058030e-03 4.183807142592729181e-04 1.066594672746278743e-03
3.854549649118210741e-02 3.543163825158511179e-03 3.837462876083585920e-04 1.071927646110010192e-03
3.873822397363801268e-02 2.898241684915455266e-03 3.459087852449743727e-04 1.077287284340560118e-03
3.893191509350620028e-02 3.247614112993597348e-03 3.892935204456168612e-04 1.082673720762262950e-03
3.912657466897372788e-02 2.947543294685423584e-03 3.469020919872009578e-04 1.088087089366074171e-03
3.932220754231859072e-02 3.036720092370283428e-03 3.502171709316103895e-04 1.093527524812904243e-03
3.951881858003018083e-02 2.894443959543299000e-03 3.383506529730333483e-04 1.098995162436968787e-03
3.971641267293032906e-02 2.393443830171920229e-03 3.112361901949753829e-04 1.104490138249153517e-03
3.991499473629497863e-02 2.603958014221936096e-03 3.344124233962218599e-04 1.110012588940399118e-03
4.011456970997644145e-02 2.545190905422719998e-03 3.384075840997788397e-04 1.115562651885100868e-03
4.031514255852632067e-02 2.769776219490195385e-03 3.306944952076697132e-04 1.121140465144526265e-03
4.051671827131894665e-02 1.689144814317681707e-03 2.910140448934325883e-04 1.126746167470248691e-03
4.071930186267554153e-02 2.246827024329685688e-03 3.214061419688979469e-04 1.132379898307599945e-03
4.092289837198891111e-02 1.717459392504060026e-03 2.757213568589036317e-04 1.138041797799137743e-03
4.112751286384885852e-02 1.851163998881400841e-03 2.669232567064840512e-04 1.143732006788133592e-03
4.133315042816809726e-02 2.577589073018720766e-03 3.169606573396404844e-04 1.149450666822074115e-03
4.153981618030892775e-02 2.366912238325454953e-03 3.118150119540765721e-04 1.155197920156184272e-03
4.174751526121046885e-02 2.189776252155180031e-03 2.872432470492674510e-04 1.160973909756964897e-03
4.195625283751651391e-02 2.223758730525850474e-03 2.917008886764601541e-04 1.166778779305749532e-03
4.216603410170409461e-02 2.015849478461122397e-03 2.861062822935911735e-04 1.172612673202278388e-03
4.237686427221261376e-02 2.267044746000384473e-03 3.202766283341759571e-04 1.178475736568289660e-03
4.258874859357367204e-02 2.466950951862488008e-03 3.056631566963192406e-04 1.184368115251131000e-03
4.280169233654153305e-02 2.474613972641679510e-03 3.152390242511165586e-04 1.190289955827386397e-03
4.301570079822424064e-02 2.390532070919370970e-03 3.095838998219028549e-04 1.196241405606523426e-03
4.323077930221535387e-02 2.438373042605824007e-03 3.105983448659140750e-04 1.202222612634555685e-03
4.344693319872642429e-02 3.043603618018623450e-03 3.357206979756269119e-04 1.208233725697728436e-03
4.366416786472004929e-02 2.301587819765269025e-03 3.057535629707977716e-04 1.214274894326216811e-03
4.388248870404365398e-02 2.304866696826612070e-03 3.035234373527774076e-04 1.220346268797848103e-03
4.410190114756386282e-02 2.542780375058060691e-03 3.414268407742212207e-04 1.226448000141837054e-03
4.432241065330168317e-02 3.021180018321806358e-03 3.522797481413945855e-04 1.232580240142546303e-03
4.454402270656818152e-02 3.549894481964576808e-03 3.707969278967679990e-04 1.238743141343258761e-03
4.476674282010102007e-02 2.796030824743619015e-03 3.202948569303890546e-04 1.244936857049974916e-03
4.499057653420152070e-02 2.978407852274770479e-03 3.325371361384547755e-04 1.251161541335224676e-03
4.521552941687251997e-02 2.694646443258087113e-03 3.149498004923707091e-04 1.257417349041900457e-03
4.544160706395687643e-02 2.870104268075611247e-03 3.367647603440132044e-04 1.263704435787109783e-03
4.566881509927665783e-02 2.890275110585787798e-03 3.467155106204134547e-04 1.270022957966045240e-03
4.589715917477303619e-02 3.125732704402773947e-03 3.524234801967895958e-04 1.276373072755875460e-03
4.612664497064689756e-02 2.947627767648670731e-03 3.686571784685392541e-04 1.282754938119654757e-03
4.635727819550012480e-02 2.859122509593490635e-03 3.388537229252162344e-04 1.289168712810252705e-03
4.658906458647761595e-02 2.421599224987376793e-03 3.304535510148320443e-04 1.295614556374303670e-03
4.682200990941000340e-02 2.333441977324538473e-03 3.727506821285578829e-04 1.302092629156175211e-03
4.705611995895704613e-02 2.583748927410228768e-03 3.343415054936358169e-04 1.308603092301955989e-03
4.729140055875183379e-02 2.871625193709301249e-03 3.708995165566754187e-04 1.315146107763465796e-03
4.752785756154558061e-02 2.541831826311958999e-03 3.100975121739528353e-04 1.321721838302282719e-03
4.776549684935330747e-02 2.150818339839585380e-03 2.963510220184444499e-04 1.328330447493794152e-03
4.800432433360006523e-02 2.555877359673312636e-03 3.118532830033690141e-04 1.334972099731262987e-03
4.824434595526806702e-02 2.097418401518729488e-03 2.850615633144878026e-04 1.341646960229919174e-03
4.848556768504440340e-02 1.593739958665961118e-03 2.516763881621233143e-04 1.348355195031068635e-03
4.872799552346961799e-02 1.992628286609355367e-03 3.097470087114785066e-04 1.355096971006223856e-03
4.897163550108696306e-02 2.015447444574985404e-03 2.765121855955695370e-04 1.361872455861254860e-03
4.921649367859239066e-02 1.835618763573246964e-03 2.716245563920446199e-04 1.368681818140561005e-03
4.946257614698534866e-02 2.044442378557157457e-03 2.753658030036775124e-04 1.375525227231263591e-03
4.970988902772026374e-02 2.166900230050899153e-03 2.985502123253619021e-04 1.382402853367419721e-03
4.995843847285886402e-02 1.503960404094257554e-03 2.910722011640646482e-04 1.389314867634256758e-03
5.020823066522315387e-02 1.418950244277286535e-03 2.613825030150961548e-04 1.396261441972427826e-03
5.045927181854926308e-02 1.436364507175368630e-03 2.327731544565757055e-04 1.403242749182289847e-03
5.071156817764200381e-02 1.579006451256606720e-03 2.736138418090767349e-04 1.410258962928201106e-03
5.096512601853020463e-02 1.032456262814649122e-03 2.194778649257859808e-04 1.417310257742841794e-03
5.121995164862284955e-02 9.266772763196541064e-04 2.113020725960372179e-04 1.424396809031556023e-03
5.147605140686596636e-02 1.269972822622870284e-03 2.208953898986046186e-04 1.431518793076713789e-03
5.173343166390028530e-02 1.071851614807435181e-03 2.395573087641284112e-04 1.438676387042097000e-03
5.199209882221978579e-02 1.473696603594434017e-03 2.420860432709759672e-04 1.445869768977307412e-03
5.225205931633088163e-02 8.005713538853816407e-04 2.039538446555683518e-04 1.453099117822193856e-03
5.251331961291252903e-02 1.316815558990266444e-03 2.455753081907393058e-04 1.460364613411304626e-03
5.277588621097707711e-02 1.136713782967114237e-03 2.365561359930638049e-04 1.467666436478360899e-03
