1.442977229909739312e-02 5.062031701975107101e-01 3.479641210673418278e-02 4.012835029382323475e-04
1.450192116059288022e-02 5.069612065721816885e-01 3.344496707469376412e-02 4.032899204529234965e-04
1.457443076639584369e-02 5.398185974638752826e-01 3.538349807935796398e-02 4.053063700551880698e-04
1.464730292022782196e-02 4.488175732902820458e-01 3.232369250810926409e-02 4.073329019054639909e-04
1.472053943482895880e-02 4.581690223514824356e-01 3.128391433260362814e-02 4.093695664149912751e-04
1.479414213200310087e-02 5.183956025444813598e-01 3.183661903162577494e-02 4.114164142470661261e-04
1.486811284266311567e-02 4.439583554803886445e-01 3.009235311084132100e-02 4.134734963183014293e-04
1.494245340687642976e-02 4.391326216493024459e-01 2.956054230750423256e-02 4.155408637998929378e-04
1.501716567391080982e-02 4.293869593417977137e-01 2.819440956286369676e-02 4.176185681188923421e-04
1.509225150228036064e-02 3.977012535465543341e-01 2.659769843177784907e-02 4.197066609594866829e-04
1.516771275979176062e-02 3.655091270137623694e-01 2.519414265392695695e-02 4.218051942642840526e-04
1.524355132359071774e-02 3.542604158503217526e-01 2.436144385754603070e-02 4.239142202356054761e-04
1.531976908020867001e-02 3.551646197022956253e-01 2.476194328239224307e-02 4.260337913367834599e-04
1.539636792560971322e-02 3.597456975416342684e-01 2.515317358324019315e-02 4.281639602934673712e-04
1.547334976523776114e-02 3.491150602151269489e-01 2.410592371414436649e-02 4.303047800949346725e-04
1.555071651406394681e-02 2.795693406631572508e-01 2.093802496428641413e-02 4.324563039954092570e-04
1.562847009663426504e-02 3.297818966481155800e-01 2.236389356113186247e-02 4.346185855153862892e-04
1.570661244711743509e-02 3.116136302675828196e-01 2.190701310206844693e-02 4.367916784429631718e-04
1.578514550935301852e-02 2.753290405450518064e-01 2.060697108648064033e-02 4.389756368351778850e-04
1.586407123689978493e-02 2.632274412027688082e-01 1.994685147608536366e-02 4.411705150193537760e-04
1.594339159308428081e-02 2.789982591366869658e-01 2.021004426916775745e-02 4.433763675944504758e-04
1.602310855104970011e-02 2.781744524190219447e-01 1.980499428404815243e-02 4.455932494324226748e-04
1.610322409380494577e-02 2.168178204509455254e-01 1.724818373586095924e-02 4.478212156795847000e-04
1.618374021427396864e-02 2.090910518394309137e-01 1.706184056500947149e-02 4.500603217579825731e-04
1.626465891534533553e-02 2.494946037256031146e-01 1.847659499170015499e-02 4.523106233667724104e-04
1.634598220992206086e-02 2.313756464057604989e-01 1.719187885383584996e-02 4.545721764836062502e-04
1.642771212097167421e-02 2.202956283364010392e-01 1.655415092542034811e-02 4.568450373660243313e-04
1.650985068157653085e-02 1.978857941408586618e-01 1.583476321928790898e-02 4.591292625528544183e-04
1.659239993498441007e-02 1.851334033135672297e-01 1.477784112922803789e-02 4.614249088656186080e-04
1.667536193465932876e-02 1.835753646101148939e-01 1.446996769905258169e-02 4.637320334099465872e-04
1.675873874433262550e-02 1.875844102552322035e-01 1.474145428957061681e-02 4.660506935769963169e-04
1.684253243805428762e-02 1.677317109262648209e-01 1.373228266820364710e-02 4.683809470448812760e-04
1.692674510024455570e-02 1.186902014074533995e-01 1.153376605986481014e-02 4.707228517801056197e-04
1.701137882574577792e-02 1.497803889125197963e-01 1.240445535905084634e-02 4.730764660390061145e-04
1.709643571987450386e-02 1.373137827750266216e-01 1.225008219329202022e-02 4.754418483692010654e-04
1.718191789847387657e-02 1.238475028874633510e-01 1.132339298052898943e-02 4.778190576110471046e-04
1.726782748796624328e-02 1.262912307320284699e-01 1.126664301518488440e-02 4.802081528991022138e-04
1.735416662540607141e-02 1.184658961648208803e-01 1.090712053652546053e-02 4.826091936635976912e-04
1.744093745853309702e-02 1.283566249716032170e-01 1.097932240045475585e-02 4.850222396319155398e-04
1.752814214582576469e-02 1.164210306883243923e-01 1.102250252727199516e-02 4.874473508300751793e-04
1.761578285655489295e-02 9.062150407954787379e-02 8.908481300553151155e-03 4.898845875842255254e-04
1.770386177083766582e-02 1.007931215920290918e-01 9.418860981234126323e-03 4.923340105221466097e-04
1.779238107969184982e-02 8.818240508423333401e-02 8.798799501857908906e-03 4.947956805747571627e-04
1.788134298509030939e-02 8.304247444648502063e-02 8.622999030070738549e-03 4.972696589776309795e-04
1.797074970001575484e-02 7.054565356752466598e-02 7.681166518233271956e-03 4.997560072725190303e-04
1.806060344851583357e-02 7.850037652634907215e-02 8.037690986125573672e-03 5.022547873088815474e-04
1.815090646575841238e-02 8.447833446674503366e-02 8.389388570575379706e-03 5.047660612454259654e-04
1.824166099808720298e-02 6.899007063667028650e-02 7.493958013604300195e-03 5.072898915516531023e-04
1.833286930307763407e-02 6.054688294769246942e-02 6.799358807426191149e-03 5.098263410094112545e-04
1.842453364959302162e-02 6.548665767527728221e-02 6.968291665904464104e-03 5.123754727144582072e-04
1.851665631784098556e-02 6.016262219991638793e-02 6.673044282642333520e-03 5.149373500780305086e-04
1.860923959943018915e-02 5.514966013190907707e-02 6.315380712638858293e-03 5.175120368284206584e-04
1.870228579742733849e-02 4.706611398978587102e-02 6.245342758055307843e-03 5.200995970125626457e-04
1.879579722641447001e-02 5.373623262077163731e-02 6.036240938273729553e-03 5.227000949976252919e-04
1.888977621254653988e-02 4.307478778885668463e-02 5.376110843888494591e-03 5.253135954726134010e-04
1.898422509360927352e-02 5.389896851081356355e-02 6.196024964728708007e-03 5.279401634499764984e-04
1.907914621907731700e-02 3.138026300292421494e-02 4.522807908126607115e-03 5.305798642672263522e-04
1.917454195017270074e-02 3.976208986155942149e-02 5.042696535281497236e-03 5.332327635885623007e-04
1.927041465992356331e-02 3.750974227811002676e-02 4.918536552657569276e-03 5.358989274065051453e-04
1.936676673322317715e-02 3.722857454972738900e-02 4.840252720006596628e-03 5.385784220435375479e-04
1.946360056688929002e-02 2.986352290963730297e-02 4.217768743455632338e-03 5.412713141537551630e-04
1.956091856972373699e-02 3.182194670755063293e-02 4.561417110367612521e-03 5.439776707245239486e-04
1.965872316257235436e-02 3.625345475022209718e-02 4.635981232590818089e-03 5.466975590781464767e-04
1.975701677838521270e-02 3.384368829970081649e-02 4.438435878584848227e-03 5.494310468735371343e-04
1.985580186227713789e-02 3.598454938089691579e-02 4.492701424347102582e-03 5.521782021079048048e-04
1.995508087158852362e-02 2.964686817809063582e-02 4.106401238276003070e-03 5.549390931184443321e-04
2.005485627594646297e-02 2.804638840497192948e-02 4.059875287312904486e-03 5.577137885840364410e-04
2.015513055732619241e-02 2.743830033507637170e-02 3.875811994218012445e-03 5.605023575269565484e-04
2.025590621011282011e-02 3.136080262771015481e-02 4.043966436413562807e-03 5.633048693145912720e-04
2.035718574116338053e-02 2.815136380267830099e-02 4.075134919060076528e-03 5.661213936611641552e-04
2.045897166986919424e-02 2.558431544051684853e-02 3.867699180459782150e-03 5.689520006294698480e-04
2.056126652821854001e-02 2.210883187114920725e-02 3.465891318872970153e-03 5.717967606326171794e-04
2.066407286085962872e-02 2.512011331956725754e-02 3.479405622441473448e-03 5.746557444357801433e-04
2.076739322516392428e-02 2.594332090843408725e-02 3.526207119377980977e-03 5.775290231579589687e-04
2.087123019128974549e-02 2.174245465326078361e-02 3.201857508557963330e-03 5.804166682737488866e-04
2.097558634224619065e-02 2.645299461000678518e-02 3.530507702845829283e-03 5.833187516151174630e-04
2.108046427395741940e-02 2.753987202146008367e-02 3.550847262736884103e-03 5.862353453731929901e-04
2.118586659532720531e-02 2.717978724426204501e-02 3.775034241893642298e-03 5.891665221000589496e-04
2.129179592830383883e-02 2.856471566674138873e-02 3.538304068486394002e-03 5.921123547105592091e-04
2.139825490794535628e-02 2.678283223211394212e-02 3.396820447038730300e-03 5.950729164841118924e-04
2.150524618248508130e-02 2.719269720416192526e-02 3.421184497424436567e-03 5.980482810665324655e-04
2.161277241339750604e-02 3.085780456598668717e-02 3.606464626841117838e-03 6.010385224718650622e-04
2.172083627546448834e-02 2.607712480849781744e-02 3.280593371668838552e-03 6.040437150842242189e-04
2.182944045684180601e-02 3.381349249188719819e-02 3.705895396375500413e-03 6.070639336596452820e-04
2.193858765912601316e-02 2.173591345139656850e-02 2.926313778982961300e-03 6.100992533279433810e-04
2.204828059742164337e-02 2.257784180380676547e-02 2.934652392201610432e-03 6.131497495945831353e-04
2.215852200040874936e-02 2.278680711967605993e-02 2.936863646844257904e-03 6.162154983425559502e-04
2.226931461041078975e-02 2.354179211035802369e-02 2.984673980308297399e-03 6.192965758342686968e-04
2.238066118346284175e-02 2.622930695392589051e-02 3.085737680431222072e-03 6.223930587134399823e-04
2.249256448938015407e-02 2.699675066801653436e-02 3.257191679025185031e-03 6.255050240070071524e-04
2.260502731182705005e-02 2.366915006126311255e-02 2.886234942859307231e-03 6.286325491270420771e-04
2.271805244838618482e-02 2.687319908508194535e-02 3.056624633171599326e-03 6.317757118726772354e-04
2.283164271062811460e-02 2.637602106247076070e-02 3.019594186752874894e-03 6.349345904320405831e-04
2.294580092418125120e-02 2.683492208461648806e-02 3.013112735596902049e-03 6.381092633842007193e-04
2.306052992880215646e-02 2.839783696147672731e-02 3.092017459731379991e-03 6.412998097011215950e-04
2.317583257844616634e-02 2.700350346995148212e-02 3.082641874489817479e-03 6.445063087496271954e-04
2.329171174133839312e-02 2.509913070413310673e-02 2.922240442219262505e-03 6.477288402933752218e-04
2.340817030004507804e-02 2.701394821115792391e-02 2.923612510455098241e-03 6.509674844948419407e-04
2.352521115154530135e-02 2.919011213939238028e-02 3.036398659949370374e-03 6.542223219173160312e-04
2.364283720730302879e-02 2.833786579581952514e-02 2.947658987665067488e-03 6.574934335269027328e-04
2.376105139333953981e-02 2.380986246681690566e-02 2.707057332777577322e-03 6.607809006945371006e-04
2.387985665030623386e-02 3.027953422944272208e-02 3.045154906655739638e-03 6.640848051980096202e-04
2.399925593355776293e-02 2.857222307439528236e-02 2.924327636645716183e-03 6.674052292239996288e-04
2.411925221322554908e-02 2.306286225294720479e-02 2.604961140606507596e-03 6.707422553701195781e-04
2.423984847429167672e-02 2.440432088175335454e-02 2.640524803487616281e-03 6.740959666469701402e-04
2.436104771666313187e-02 2.642416108890614443e-02 2.763179214768078477e-03 6.774664464802049616e-04
2.448285295524644731e-02 2.136454944526664651e-02 2.460945348688371552e-03 6.808537787126059350e-04
2.460526722002267380e-02 2.723035402272747790e-02 2.801866561871378929e-03 6.842580476061688784e-04
2.472829355612278512e-02 2.491161578895608256e-02 2.744873912371375169e-03 6.876793378441996242e-04
2.485193502390339870e-02 2.426130314236874322e-02 2.672798109214420161e-03 6.911177345334206228e-04
2.497619469902290917e-02 2.427269087357895178e-02 2.510639226870795861e-03 6.945733232060875232e-04
2.510107567251802091e-02 2.869006395505971710e-02 2.691937067739128258e-03 6.980461898221178947e-04
2.522658105088061015e-02 2.164804007152327375e-02 2.341912827546330754e-03 7.015364207712284066e-04
2.535271395613501039e-02 2.277218295047661600e-02 2.394131934614715778e-03 7.050441028750844760e-04
2.547947752591567944e-02 2.415318271237573700e-02 2.578680845410044782e-03 7.085693233894597813e-04
2.560687491354525849e-02 2.292010356570751278e-02 2.418486571576462449e-03 7.121121700064070520e-04
2.573490928811298165e-02 2.243850557888250191e-02 2.308515023634328568e-03 7.156727308564390499e-04
2.586358383455354334e-02 2.473778415745947826e-02 2.463642006037288553e-03 7.192510945107211508e-04
2.599290175372630934e-02 1.817135368622911640e-02 2.175802875458848762e-03 7.228473499832746606e-04
2.612286626249493704e-02 2.101617477920478608e-02 2.197714378488019489e-03 7.264615867331909727e-04
2.625348059380740867e-02 1.925139698335003730e-02 2.083037848314669201e-03 7.300938946668567844e-04
2.638474799677644617e-02 1.902297405581942005e-02 2.058404468434148898e-03 7.337443641401911317e-04
2.651667173676032496e-02 2.111280865819022828e-02 2.184164245906868376e-03 7.374130859608919644e-04
2.664925509544412152e-02 1.861330149751763696e-02 2.050894318998494874e-03 7.411001513906962735e-04
2.678250137092134248e-02 1.741709312528965867e-02 1.980701698220229106e-03 7.448056521476497608e-04
2.691641387777594235e-02 1.745593264983944307e-02 2.067440884823982562e-03 7.485296804083878914e-04
2.705099594716482009e-02 1.664866261382843757e-02 2.132118777350682642e-03 7.522723288104297404e-04
2.718625092690064166e-02 1.429543821774325457e-02 1.776687786585366604e-03 7.560336904544818137e-04
2.732218218153514150e-02 1.602857828737647844e-02 1.811026444686173820e-03 7.598138589067541214e-04
2.745879309244281599e-02 1.319479772596815308e-02 1.620892563539950244e-03 7.636129282012878508e-04
2.759608705790502631e-02 1.388558293629293082e-02 1.712641104490430404e-03 7.674309928422942077e-04
2.773406749319454884e-02 1.272891279057654888e-02 1.588032590856272184e-03 7.712681478065056169e-04
2.787273783066051419e-02 1.362426876056794557e-02 1.613877289026448931e-03 7.751244885455379824e-04
2.801210151981381458e-02 1.180279332914345794e-02 1.520950412404528792e-03 7.790001109882655232e-04
2.815216202741288587e-02 9.323947162650236126e-03 1.394217631834965537e-03 7.828951115432069945e-04
2.829292283754994419e-02 1.032811774260000010e-02 1.416358194278385637e-03 7.868095871009228581e-04
2.843438745173769086e-02 9.340012389187858990e-03 1.346010448485413869e-03 7.907436350364273076e-04
2.857655938899637815e-02 8.238843378124837899e-03 1.254511680711072616e-03 7.946973532116093997e-04
2.871944218594135734e-02 6.968635483290822226e-03 1.143940365628680084e-03 7.986708399776674136e-04
2.886303939687106038e-02 8.376184511595380702e-03 1.260946829635076118e-03 8.026641941775556786e-04
2.900735459385541531e-02 5.968616459235519776e-03 1.053645334826267595e-03 8.066775151484434359e-04
2.915239136682468840e-02 6.824803353077466515e-03 1.120493498750325077e-03 8.107109027241855186e-04
2.929815332365880848e-02 7.986423537683919396e-03 1.202430893191646071e-03 8.147644572378063676e-04
2.944464409027709728e-02 7.152024670086637968e-03 1.143775167331957839e-03 8.188382795239952140e-04
2.959186731072847854e-02 5.765061419609510476e-03 1.017883358184710216e-03 8.229324709216151402e-04
2.973982664728212072e-02 5.656653181132919629e-03 9.987527330747611540e-04 8.270471332762231991e-04
2.988852578051852740e-02 6.766457420992153492e-03 1.096350294621902454e-03 8.311823689426041948e-04
3.003796840942111676e-02 5.142546731347888943e-03 9.538342421782314371e-04 8.353382807873171480e-04
3.018815825146821744e-02 4.812578711972072092e-03 1.039223748863702529e-03 8.395149721912535798e-04
3.033909904272555358e-02 5.202475706139332579e-03 1.039300372187015528e-03 8.437125470522096726e-04
3.049079453793918093e-02 4.188743596803253498e-03 9.548483355320719649e-04 8.479311097874706830e-04
3.064324851062887045e-02 3.571875240303358772e-03 9.256148917671587657e-04 8.521707653364079312e-04
3.079646475318201237e-02 6.055844806960920292e-03 1.022436991683878726e-03 8.564316191630898852e-04
3.095044707694791924e-02 6.667074765285201793e-03 1.066326151130791728e-03 8.607137772589052794e-04
3.110519931233265631e-02 8.367029181286190706e-03 1.237792827702778207e-03 8.650173461451996773e-04
3.126072530889431600e-02 5.419710657084643099e-03 1.042463666794533200e-03 8.693424328759255873e-04
3.141702893543878161e-02 5.215740624146533895e-03 9.892342851106495760e-04 8.736891450403050461e-04
3.157411408011597670e-02 6.467262413778564895e-03 1.034307386436958973e-03 8.780575907655066223e-04
3.173198465051654815e-02 5.165256712686997105e-03 9.265261420878347694e-04 8.824478787193339125e-04
3.189064457376912520e-02 4.456971536453624254e-03 8.566393724760246013e-04 8.868601181129304092e-04
3.205009779663797742e-02 4.465208939339172442e-03 8.581744804855225310e-04 8.912944187034952098e-04
3.221034828562116537e-02 6.193235608816549317e-03 1.016789266482962363e-03 8.957508907970127129e-04
3.237140002704926023e-02 5.125002211915791368e-03 9.344219485033885197e-04 9.002296452509974930e-04
3.253325702718450757e-02 5.915262958102747437e-03 1.098872555773640304e-03 9.047307934772525102e-04
3.269592331232042820e-02 6.133772931252683483e-03 1.066367549572274764e-03 9.092544474446387056e-04
3.285940292888202274e-02 6.868611896637131890e-03 1.182390781729775924e-03 9.138007196818616167e-04
3.302369994352642724e-02 5.180175331300866486e-03 1.055321577099242432e-03 9.183697232802707881e-04
3.318881844324406138e-02 7.117143021846205654e-03 1.158705611321692378e-03 9.229615718966721919e-04
3.335476253546027642e-02 6.646666233168480910e-03 1.174137559267858814e-03 9.275763797561553930e-04
3.352153634813757888e-02 6.133163557695269809e-03 1.071396293151705885e-03 9.322142616549362187e-04
3.368914402987825685e-02 7.623897736284811037e-03 1.122262227572201490e-03 9.368753329632105963e-04
3.385758975002764459e-02 8.016211286531569821e-03 1.143266367129767546e-03 9.415597096280266037e-04
3.402687769877778268e-02 4.394071535515815113e-03 8.442070085736883391e-04 9.462675081761667134e-04
3.419701208727166097e-02 7.848725423377304541e-03 1.119290959171886229e-03 9.509988457170472738e-04
3.436799714770802372e-02 6.662592918977953797e-03 1.026228733876076785e-03 9.557538399456326278e-04
3.453983713344655621e-02 6.555303291755575600e-03 1.079384734242218530e-03 9.605326091453606158e-04
3.471253631911378618e-02 6.193915130104487438e-03 9.655579110885816659e-04 9.653352721910872687e-04
3.488609900070935299e-02 5.717090409015004350e-03 9.256753726598474690e-04 9.701619485520426682e-04
3.506052949571289434e-02 5.584885241376309935e-03 9.042375438664786635e-04 9.750127582948027449e-04
3.523583214319145340e-02 8.723531121262452850e-03 1.133509419115562560e-03 9.798878220862766893e-04
3.541201130390740637e-02 7.183310726992063813e-03 1.024199669852299873e-03 9.847872611967079144e-04
3.558907136042693820e-02 6.758942210618287989e-03 9.839744518884174004e-04 9.897111975026911743e-04
3.576701671722907344e-02 9.653390650129475836e-03 1.177048165914664586e-03 9.946597534902046431e-04
3.594585180081521364e-02 6.259011677676822732e-03 9.417520009530197999e-04 9.996330522576556566e-04
3.612558105981928530e-02 6.774411846703354279e-03 1.047304301185174010e-03 1.004631217518943799e-03
3.630620896511838058e-02 6.994035329592906795e-03 9.872027404961539361e-04 1.009654373606538522e-03
3.648774000994396693e-02 6.063628504642893172e-03 9.123741664840191463e-04 1.014702645474571067e-03
3.667017870999368656e-02 6.470489976779764986e-03 1.000345517424876306e-03 1.019776158701943746e-03
3.685352960354364854e-02 4.922804986991178265e-03 9.116741560583173235e-04 1.024875039495453310e-03
3.703779725156136626e-02 5.756019999588963057e-03 9.477453517805278305e-04 1.029999414692930578e-03
3.722298623781916671e-02 4.605490816342589291e-03 8.551751744496111259e-04 1.035149411766395034e-03
3.740910116900825200e-02 5.014159838495823793e-03 8.228589527692912933e-04 1.040325158825226772e-03
3.759614667485329520e-02 5.168952913923138652e-03 8.262933688371027581e-04 1.045526784619352960e-03
3.778412740822754967e-02 4.584267936405649578e-03 7.735706165488422624e-04 1.050754418542449494e-03
3.797304804526868693e-02 4.170556946741452338e-03 7.360828656258860654e-04 1.056008190635161726e-03
3.816291328549503009e-02 5.719648435823602821e-03 8.609119262742470939e-04 1.061288231588337341e-03
3.835372785192249501e-02 4.172095190400871949e-03 7.364249596029864365e-04 1.066594672746278743e-03
3.854549649118210741e-02 4.160214846438981158e-03 7.752401441807304627e-04 1.071927646110010192e-03
3.873822397363801268e-02 4.336266018836259888e-03 8.054466056481126342e-04 1.077287284340560118e-03
3.893191509350620028e-02 3.317570396751553206e-03 6.497458025289770504e-04 1.082673720762262950e-03
3.912657466897372788e-02 3.278697185707992942e-03 6.421355183753855349e-04 1.088087089366074171e-03
3.932220754231859072e-02 3.492206952997909189e-03 6.591500004253833100e-04 1.093527524812904243e-03
3.951881858003018083e-02 3.419784648612310494e-03 7.112847290251091224e-04 1.098995162436968787e-03
3.971641267293032906e-02 1.999359701593609630e-03 4.992558409679613823e-04 1.104490138249153517e-03
3.991499473629497863e-02 2.241914557370881019e-03 5.278149520823360776e-04 1.110012588940399118e-03
4.011456970997644145e-02 2.826311202647911660e-03 5.886699380588635488e-04 1.115562651885100868e-03
4.031514255852632067e-02 2.803321578418859795e-03 5.839024549448683116e-04 1.121140465144526265e-03
4.051671827131894665e-02 3.025067737173911531e-03 6.043654755316167334e-04 1.126746167470248691e-03
4.071930186267554153e-02 3.906620263569527719e-03 7.283009640653412059e-04 1.132379898307599945e-03
4.092289837198891111e-02 1.803530543921461927e-03 4.651890400683770773e-04 1.138041797799137743e-03
4.112751286384885852e-02 1.781941981607125872e-03 4.596316911050845689e-04 1.143732006788133592e-03
4.133315042816809726e-02 3.007517734339471092e-03 6.008994875549384870e-04 1.149450666822074115e-03
4.153981618030892775e-02 1.662417732088602431e-03 4.438538313525534429e-04 1.155197920156184272e-03
4.174751526121046885e-02 2.209651537485003963e-03 5.064202576352191953e-04 1.160973909756964897e-03
4.195625283751651391e-02 2.243942454424759612e-03 5.142792412342868597e-04 1.166778779305749532e-03
4.216603410170409461e-02 2.441937701752863212e-03 5.323228250827860596e-04 1.172612673202278388e-03
4.237686427221261376e-02 2.607085666087976313e-03 5.991995442086050670e-04 1.178475736568289660e-03
4.258874859357367204e-02 2.034188266171091820e-03 5.422575826316016921e-04 1.184368115251131000e-03
4.280169233654153305e-02 2.097976693768939527e-03 4.939635223132624519e-04 1.190289955827386397e-03
4.301570079822424064e-02 1.858333694342605320e-03 4.640791814156161989e-04 1.196241405606523426e-03
4.323077930221535387e-02 2.228037887721868657e-03 5.568079556379243542e-04 1.202222612634555685e-03
4.344693319872642429e-02 1.371999417939775718e-03 5.594679961122736274e-04 1.208233725697728436e-03
4.366416786472004929e-02 3.087464006234384804e-03 5.934686561751033925e-04 1.214274894326216811e-03
4.388248870404365398e-02 2.704674128650465508e-03 5.514063291836775486e-04 1.220346268797848103e-03
4.410190114756386282e-02 2.862801259771641585e-03 5.718519629757092210e-04 1.226448000141837054e-03
4.432241065330168317e-02 1.061617498440796609e-03 4.153379787843651332e-04 1.232580240142546303e-03
4.454402270656818152e-02 2.177805609858605995e-03 4.989636638915134325e-04 1.238743141343258761e-03
4.476674282010102007e-02 2.833125158631424542e-03 5.658627230569055660e-04 1.244936857049974916e-03
4.499057653420152070e-02 2.522988690661827089e-03 6.059999822163196406e-04 1.251161541335224676e-03
4.521552941687251997e-02 2.842610664756937619e-03 5.677385053066856318e-04 1.257417349041900457e-03
4.544160706395687643e-02 1.586845853155217185e-03 4.234983797969713417e-04 1.263704435787109783e-03
4.566881509927665783e-02 2.133016562869649926e-03 6.186357334323003276e-04 1.270022957966045240e-03
4.589715917477303619e-02 2.570643166190789055e-03 5.472871550923809206e-04 1.276373072755875460e-03
4.612664497064689756e-02 2.874836279826395533e-03 5.860250256093878750e-04 1.282754938119654757e-03
4.635727819550012480e-02 2.108733896701890913e-03 5.107471882435669821e-04 1.289168712810252705e-03
4.658906458647761595e-02 1.896431229135750809e-03 5.785784439674740605e-04 1.295614556374303670e-03
4.682200990941000340e-02 3.521046327600114902e-03 6.529322001457373882e-04 1.302092629156175211e-03
4.705611995895704613e-02 2.908925897367261801e-03 5.809757425154730027e-04 1.308603092301955989e-03
4.729140055875183379e-02 2.684023938617202416e-03 5.588717774049258707e-04 1.315146107763465796e-03
4.752785756154558061e-02 2.804669514816086548e-03 5.716957185928161047e-04 1.321721838302282719e-03
4.776549684935330747e-02 2.866242261122549546e-03 6.268895592563811627e-04 1.328330447493794152e-03
4.800432433360006523e-02 3.172648048037047131e-03 6.098042980527319410e-04 1.334972099731262987e-03
4.824434595526806702e-02 2.632160919317101319e-03 5.604689556108384541e-04 1.341646960229919174e-03
4.848556768504440340e-02 2.209178310944817647e-03 5.200538863218633718e-04 1.348355195031068635e-03
4.872799552346961799e-02 2.166342210493828017e-03 5.100015999251575642e-04 1.355096971006223856e-03
4.897163550108696306e-02 2.459876733285304602e-03 6.079343193097233805e-04 1.361872455861254860e-03
4.921649367859239066e-02 2.403638748696305515e-03 5.239066298417613008e-04 1.368681818140561005e-03
4.946257614698534866e-02 2.175525749443096759e-03 4.985444662894254362e-04 1.375525227231263591e-03
4.970988902772026374e-02 1.150825201816883586e-03 4.598178504271325292e-04 1.382402853367419721e-03
4.995843847285886402e-02 1.583606398386562661e-03 4.946985152641949308e-04 1.389314867634256758e-03
5.020823066522315387e-02 1.986748656787901829e-03 4.813694129049120763e-04 1.396261441972427826e-03
5.045927181854926308e-02 2.095810516949808515e-03 4.934870794884693278e-04 1.403242749182289847e-03
5.071156817764200381e-02 1.879803626409372926e-03 4.695106303502446263e-04 1.410258962928201106e-03
5.096512601853020463e-02 1.060104919944962519e-03 4.558036794813082005e-04 1.417310257742841794e-03
5.121995164862284955e-02 1.665113144852936470e-03 4.446369892582127171e-04 1.424396809031556023e-03
5.147605140686596636e-02 1.541075159348133904e-03 4.270714778299211970e-04 1.431518793076713789e-03
5.173343166390028530e-02 1.204987510469264977e-03 3.807545260918146100e-04 1.438676387042097000e-03
5.199209882221978579e-02 9.815101324151833100e-04 3.467466889395913465e-04 1.445869768977307412e-03
5.225205931633088163e-02 1.849473065795217280e-03 4.771867658980453379e-04 1.453099117822193856e-03
5.251331961291252903e-02 1.001540158826916011e-03 3.538547562102912895e-04 1.460364613411304626e-03
5.277588621097707711e-02 8.753658028628436092e-04 3.306299711944899909e-04 1.467666436478360899e-03
