1.450192116059288022e-02 6.495305590233911852e-01 1.446927784772969183e-01 4.032899204529234965e-04
1.457443076639584369e-02 8.194534749672195417e-01 1.666466503145557498e-01 4.053063700551880698e-04
1.464730292022782196e-02 4.204945092542499152e-01 1.161882603454493790e-01 4.073329019054639909e-04
1.472053943482895880e-02 6.448928247306882078e-01 1.436683832599868482e-01 4.093695664149912751e-04
1.479414213200310087e-02 3.487446681075578314e-01 1.003030123409375945e-01 4.114164142470661261e-04
1.486811284266311567e-02 3.897152119716321694e-01 1.076945337568471911e-01 4.134734963183014293e-04
1.494245340687642976e-02 5.266209859632285939e-01 1.236746464911613053e-01 4.155408637998929378e-04
1.501716567391080982e-02 2.746046318801212416e-01 8.651917418414116490e-02 4.176185681188923421e-04
1.509225150228036064e-02 1.611282157610966770e-01 6.553856884168920982e-02 4.197066609594866829e-04
1.516771275979176062e-02 3.932357920296248865e-01 1.011654886319727775e-01 4.218051942642840526e-04
1.524355132359071774e-02 3.287397156326714032e-01 9.085055270261498117e-02 4.239142202356054761e-04
1.531976908020867001e-02 4.598500998364846715e-01 1.080057862884991476e-01 4.260337913367834599e-04
1.539636792560971322e-02 4.128386412823340512e-01 1.028486084951371060e-01 4.281639602934673712e-04
1.547334976523776114e-02 3.449486521800124161e-01 9.186901863800388257e-02 4.303047800949346725e-04
1.555071651406394681e-02 3.551513803276962200e-01 9.136347477732301159e-02 4.324563039954092570e-04
1.562847009663426504e-02 1.373199014486866099e-01 5.586895131552935961e-02 4.346185855153862892e-04
1.570661244711743509e-02 3.485979145568424142e-01 8.970345404237027587e-02 4.367916784429631718e-04
1.578514550935301852e-02 2.957789716388064538e-01 8.175718606512555331e-02 4.389756368351778850e-04
1.586407123689978493e-02 1.140432601176334937e-01 5.083006733083157008e-02 4.411705150193537760e-04
1.594339159308428081e-02 1.946259233969653835e-01 6.465841571064177840e-02 4.433763675944504758e-04
1.602310855104970011e-02 1.702005561027456759e-01 5.997584764221072090e-02 4.455932494324226748e-04
1.610322409380494577e-02 2.277196859976908239e-01 6.843582899730181468e-02 4.478212156795847000e-04
1.618374021427396864e-02 1.819896512520406406e-01 6.046778172081194308e-02 4.500603217579825731e-04
1.626465891534533553e-02 2.000000812036263342e-01 6.304267180520829739e-02 4.523106233667724104e-04
1.634598220992206086e-02 2.504935660854982205e-01 6.925506222303699777e-02 4.545721764836062502e-04
1.642771212097167421e-02 1.876321057292734684e-01 5.914902609216207002e-02 4.568450373660243313e-04
1.650985068157653085e-02 2.026709386314687888e-01 6.091831074982334560e-02 4.591292625528544183e-04
1.659239993498441007e-02 2.490589182521584510e-01 6.636120394809885692e-02 4.614249088656186080e-04
1.667536193465932876e-02 1.375954554379531514e-01 4.850173278479224387e-02 4.637320334099465872e-04
1.675873874433262550e-02 2.445208899421139892e-01 6.516203469228577794e-02 4.660506935769963169e-04
1.684253243805428762e-02 1.979823187760660907e-01 5.698984154587501127e-02 4.683809470448812760e-04
1.692674510024455570e-02 6.411772077156613348e-02 3.196844670079284495e-02 4.707228517801056197e-04
1.701137882574577792e-02 2.012978789761949161e-01 5.567610634730441044e-02 4.730764660390061145e-04
1.709643571987450386e-02 1.967592666640124166e-01 5.442367722442312261e-02 4.754418483692010654e-04
1.718191789847387657e-02 2.028144575909085756e-01 5.610256278509532374e-02 4.778190576110471046e-04
1.726782748796624328e-02 9.087063919765479836e-02 3.700154454862557979e-02 4.802081528991022138e-04
1.735416662540607141e-02 1.609087638175918378e-01 4.839364658060375801e-02 4.826091936635976912e-04
1.744093745853309702e-02 1.273302467068851695e-01 4.233827363681192529e-02 4.850222396319155398e-04
1.752814214582576469e-02 2.056531892587344368e-01 5.483221693882131542e-02 4.874473508300751793e-04
1.761578285655489295e-02 1.450787201694470896e-01 4.364083090996961206e-02 4.898845875842255254e-04
1.770386177083766582e-02 1.192831030957133137e-01 3.967117107099075307e-02 4.923340105221466097e-04
1.779238107969184982e-02 1.189695243198372054e-01 3.956884733359829903e-02 4.947956805747571627e-04
1.788134298509030939e-02 1.143205658093521815e-01 3.802515157596046691e-02 4.972696589776309795e-04
1.797074970001575484e-02 7.553948689184419862e-02 3.077392926858467381e-02 4.997560072725190303e-04
1.806060344851583357e-02 9.908948103596999790e-02 3.496334467119653622e-02 5.022547873088815474e-04
1.815090646575841238e-02 1.253815703122251601e-01 3.957109249746831869e-02 5.047660612454259654e-04
1.824166099808720298e-02 8.189083204222516454e-02 3.089263115270180285e-02 5.072898915516531023e-04
1.833286930307763407e-02 5.744615512469112423e-02 2.564230567131060845e-02 5.098263410094112545e-04
1.842453364959302162e-02 8.924220915034268564e-02 3.149485385264190473e-02 5.123754727144582072e-04
1.851665631784098556e-02 6.680498827340695944e-02 2.722511485913873402e-02 5.149373500780305086e-04
1.860923959943018915e-02 6.526802688819725862e-02 2.660009630157484165e-02 5.175120368284206584e-04
1.870228579742733849e-02 5.394074345727263575e-02 2.408302422756512795e-02 5.200995970125626457e-04
1.879579722641447001e-02 6.117918801089445441e-02 2.493674978532619407e-02 5.227000949976252919e-04
1.888977621254653988e-02 2.017831002149713879e-02 1.424637197131557211e-02 5.253135954726134010e-04
1.898422509360927352e-02 7.123136996109664942e-02 2.688275992026841615e-02 5.279401634499764984e-04
1.907914621907731700e-02 2.939924231688250539e-02 1.694936654664665893e-02 5.305798642672263522e-04
1.917454195017270074e-02 2.884092712856288140e-02 1.662793177573684139e-02 5.332327635885623007e-04
1.927041465992356331e-02 4.847326422723600287e-02 2.164813363550193229e-02 5.358989274065051453e-04
1.936676673322317715e-02 2.837673929416333410e-02 1.636125274602914792e-02 5.385784220435375479e-04
1.946360056688929002e-02 3.581412778333042252e-02 1.788319531361638390e-02 5.412713141537551630e-04
1.956091856972373699e-02 3.641408228699975769e-02 1.818392623380749723e-02 5.439776707245239486e-04
1.965872316257235436e-02 1.781812057715963585e-02 1.258355854179339477e-02 5.466975590781464767e-04
1.975701677838521270e-02 8.747051964773246147e-03 8.736300617760192622e-03 5.494310468735371343e-04
1.985580186227713789e-02 8.428252453778919615e-03 8.418290372685191883e-03 5.521782021079048048e-04
1.995508087158852362e-02 1.709308931098121875e-02 1.207224282999773760e-02 5.549390931184443321e-04
2.005485627594646297e-02 3.966285975004937153e-02 1.771673758925088396e-02 5.577137885840364410e-04
2.015513055732619241e-02 6.580961675917663956e-02 2.323991879446454106e-02 5.605023575269565484e-04
2.025590621011282011e-02 1.567028910729113475e-02 1.106772149195154806e-02 5.633048693145912720e-04
2.035718574116338053e-02 1.592450345809533555e-02 1.124716278990124316e-02 5.661213936611641552e-04
2.045897166986919424e-02 1.878456456920834725e-02 2.002328017295275028e-02 5.689520006294698480e-04
2.056126652821854001e-02 2.985762526116148355e-02 1.491137632533329552e-02 5.717967606326171794e-04
2.066407286085962872e-02 2.896624747658724242e-02 1.446592747677028119e-02 5.746557444357801433e-04
2.076739322516392428e-02 1.440373101188703250e-02 1.017275110620357616e-02 5.775290231579589687e-04
2.087123019128974549e-02 2.125580546500670590e-02 1.225723296042340038e-02 5.804166682737488866e-04
2.097558634224619065e-02 1.416214857559550816e-02 1.000161654519751871e-02 5.833187516151174630e-04
2.108046427395741940e-02 2.752192568064642381e-02 1.374346820554603159e-02 5.862353453731929901e-04
2.118586659532720531e-02 2.023676859243064147e-02 1.166846908553544754e-02 5.891665221000589496e-04
2.129179592830383883e-02 1.976306941514721638e-02 1.139497313435324823e-02 5.921123547105592091e-04
2.139825490794535628e-02 1.295152272158764557e-02 9.145568050419402781e-03 5.950729164841118924e-04
2.150524618248508130e-02 2.588117937943934174e-02 1.292255284795179593e-02 5.980482810665324655e-04
2.161277241339750604e-02 2.534632187296262038e-02 1.265501165449717594e-02 6.010385224718650622e-04
2.172083627546448834e-02 6.205050041307472349e-03 6.195853550275082743e-03 6.040437150842242189e-04
2.182944045684180601e-02 6.107296560345887651e-03 6.097875325314193115e-03 6.070639336596452820e-04
2.193858765912601316e-02 2.962092495407604373e-02 1.322626646809460689e-02 6.100992533279433810e-04
2.204828059742164337e-02 1.147288773528579338e-02 8.099493048070444470e-03 6.131497495945831353e-04
2.215852200040874936e-02 1.707966168720611438e-02 9.844364636822594203e-03 6.162154983425559502e-04
2.226931461041078975e-02 2.845874954160314968e-02 1.270547948154685663e-02 6.192965758342686968e-04
2.238066118346284175e-02 2.184428225248297856e-02 1.090286143211666343e-02 6.223930587134399823e-04
2.249256448938015407e-02 2.187520347420540343e-02 1.091793486358160099e-02 6.255050240070071524e-04
2.260502731182705005e-02 4.766095102372348846e-02 1.585724523104899142e-02 6.286325491270420771e-04
2.271805244838618482e-02 4.708482056265083510e-02 1.566494624180559195e-02 6.317757118726772354e-04
2.283164271062811460e-02 1.560731108143779272e-02 8.993194825248747304e-03 6.349345904320405831e-04
2.294580092418125120e-02 2.036786805231355010e-02 1.016351708119135437e-02 6.381092633842007193e-04
2.306052992880215646e-02 2.027114596806792179e-02 1.011450124907774598e-02 6.412998097011215950e-04
2.317583257844616634e-02 1.480930559416193670e-02 8.532048634799135542e-03 6.445063087496271954e-04
2.329171174133839312e-02 2.916551896973085603e-02 1.188118984551591803e-02 6.477288402933752218e-04
2.340817030004507804e-02 1.429231982811975631e-02 8.233475194826670937e-03 6.509674844948419407e-04
2.352521115154530135e-02 3.804980754008797234e-02 1.342218367248720033e-02 6.542223219173160312e-04
2.364283720730302879e-02 1.846963018150275457e-02 9.213588466760680440e-03 6.574934335269027328e-04
2.376105139333953981e-02 2.317619071230499553e-02 1.034060863186699909e-02 6.607809006945371006e-04
2.387985665030623386e-02 4.432630882974866737e-02 1.398377754081721325e-02 6.640848051980096202e-04
2.399925593355776293e-02 3.155942606708159182e-02 1.189938758892440489e-02 6.674052292239996288e-04
2.411925221322554908e-02 2.216157001328682152e-02 9.886691498827416408e-03 6.707422553701195781e-04
2.423984847429167672e-02 3.443103851424560158e-02 1.214333641227831155e-02 6.740959666469701402e-04
2.436104771666313187e-02 2.176417225193244889e-02 9.709247919718149572e-03 6.774664464802049616e-04
2.448285295524644731e-02 1.451796088399354492e-02 1.171211785349393283e-02 6.808537787126059350e-04
2.460526722002267380e-02 1.736913988699072958e-02 8.663951658175376644e-03 6.842580476061688784e-04
2.472829355612278512e-02 2.732446260378834299e-02 1.113020923325342033e-02 6.876793378441996242e-04
2.485193502390339870e-02 3.104759372770004092e-02 1.170655577997781020e-02 6.911177345334206228e-04
2.497619469902290917e-02 7.824455633232235002e-03 5.518975953390210278e-03 6.945733232060875232e-04
2.510107567251802091e-02 2.664179284353561036e-02 1.004354316607577145e-02 6.980461898221178947e-04
2.522658105088061015e-02 2.290704886085128192e-02 9.327217589450273807e-03 7.015364207712284066e-04
2.535271395613501039e-02 2.275794364631086170e-02 9.266556051144866565e-03 7.050441028750844760e-04
2.547947752591567944e-02 2.539534982009893777e-02 9.573660252169368182e-03 7.085693233894597813e-04
2.560687491354525849e-02 3.616654624339680352e-02 1.140765379134627867e-02 7.121121700064070520e-04
2.573490928811298165e-02 1.431319811651139695e-02 7.138553014864333461e-03 7.156727308564390499e-04
2.586358383455354334e-02 6.996764563917865463e-03 4.935098893784092486e-03 7.192510945107211508e-04
2.599290175372630934e-02 1.389749289444414419e-03 7.401032653071126788e-03 7.228473499832746606e-04
2.612286626249493704e-02 1.384805359748060571e-02 6.907086520771521174e-03 7.264615867331909727e-04
2.625348059380740867e-02 1.358049654810009055e-02 6.773762759590196310e-03 7.300938946668567844e-04
2.638474799677644617e-02 1.341923308434594259e-02 6.693626555272395168e-03 7.337443641401911317e-04
2.651667173676032496e-02 2.722499158502441480e-02 9.602897270308297442e-03 7.374130859608919644e-04
2.664925509544412152e-02 1.020805846177653790e-02 5.880432540979091058e-03 7.411001513906962735e-04
2.678250137092134248e-02 1.017252737613606045e-02 5.860731102106444927e-03 7.448056521476497608e-04
2.691641387777594235e-02 1.474117488476936119e-02 7.355864816901858810e-03 7.485296804083878914e-04
2.705099594716482009e-02 1.406025927205355533e-02 7.016404891539053910e-03 7.522723288104297404e-04
2.718625092690064166e-02 6.267155633130318086e-03 4.422121648391533384e-03 7.560336904544818137e-04
2.732218218153514150e-02 1.232186468886046701e-02 6.147827085817205578e-03 7.598138589067541214e-04
2.745879309244281599e-02 1.798135378725102332e-02 7.326055390507395237e-03 7.636129282012878508e-04
2.759608705790502631e-02 5.999014420215887690e-03 4.233390624508209105e-03 7.674309928422942077e-04
2.773406749319454884e-02 5.962847012339060615e-03 4.208203489970698333e-03 7.712681478065056169e-04
2.787273783066051419e-02 1.725869785218807351e-02 7.032731976438001166e-03 7.751244885455379824e-04
2.801210151981381458e-02 5.897993160461608222e-03 4.162755769261835409e-03 7.790001109882655232e-04
2.815216202741288587e-02 1.732678660462006262e-02 7.061400406350009859e-03 7.828951115432069945e-04
2.829292283754994419e-02 1.168397779078553939e-02 5.832624529717907354e-03 7.868095871009228581e-04
2.843438745173769086e-02 2.916879908827680907e-03 2.912326953160665650e-03 7.907436350364273076e-04
2.857655938899637815e-02 1.148884846412595410e-02 5.735694218164875437e-03 7.946973532116093997e-04
2.871944218594135734e-02 8.469948012129094317e-03 4.882879864131889867e-03 7.986708399776674136e-04
2.886303939687106038e-02 1.997578859350540581e-02 7.539313064507209214e-03 8.026641941775556786e-04
2.900735459385541531e-02 -4.473087799511478446e-03 4.467118491601828646e-03 8.066775151484434359e-04
2.915239136682468840e-02 8.295107281015104764e-03 4.782791294124140620e-03 8.107109027241855186e-04
2.929815332365880848e-02 2.721072561373032422e-03 7.189399503166633322e-03 8.147644572378063676e-04
2.944464409027709728e-02 5.497765194856512813e-03 3.882624681896784582e-03 8.188382795239952140e-04
2.959186731072847854e-02 2.700637503567396638e-03 2.697337871458996717e-03 8.229324709216151402e-04
2.973982664728212072e-02 5.299552239950803927e-03 3.742863184586023902e-03 8.270471332762231991e-04
2.988852578051852740e-02 2.669255159457629110e-03 2.666059657380193387e-03 8.311823689426041948e-04
3.003796840942111676e-02 2.658400107224063828e-03 2.655217600268471728e-03 8.353382807873171480e-04
3.018815825146821744e-02 5.190095863972090523e-03 3.665747264141557167e-03 8.395149721912535798e-04
3.033909904272555358e-02 1.039827285076675399e-02 5.193165809621540403e-03 8.437125470522096726e-04
3.049079453793918093e-02 1.569770996145458675e-02 6.401205535743558980e-03 8.479311097874706830e-04
3.064324851062887045e-02 7.722653248797296463e-03 4.453563063551097337e-03 8.521707653364079312e-04
3.079646475318201237e-02 5.187251285662206057e-03 3.663734444166060356e-03 8.564316191630898852e-04
3.095044707694791924e-02 2.562613162602144466e-03 2.559588095001208517e-03 8.607137772589052794e-04
3.110519931233265631e-02 7.615203534930023097e-03 4.390964208983582848e-03 8.650173461451996773e-04
3.126072530889431600e-02 5.077716538880545569e-03 3.585060219525964837e-03 8.693424328759255873e-04
3.141702893543878161e-02 4.979386639810751830e-03 3.516594480746664756e-03 8.736891450403050461e-04
3.157411408011597670e-02 4.971623199381388671e-03 3.511111702687977169e-03 8.780575907655066223e-04
3.173198465051654815e-02 2.497724861784300383e-03 2.494538325559790635e-03 8.824478787193339125e-04
3.189064457376912520e-02 7.424008761273129774e-03 4.280588700276900804e-03 8.868601181129304092e-04
3.205009779663797742e-02 7.437236812207244016e-03 4.288117428981033999e-03 8.912944187034952098e-04
3.221034828562116537e-02 1.254585103922804638e-02 5.603100018964589195e-03 8.957508907970127129e-04
3.237140002704926023e-02 1.024342348971771753e-02 5.114753721493297926e-03 9.002296452509974930e-04
3.253325702718450757e-02 1.043124579176338707e-03 5.561536532397950983e-03 9.047307934772525102e-04
3.269592331232042820e-02 0.000000000000000000e+00 0.000000000000000000e+00 9.092544474446387056e-04
3.285940292888202274e-02 1.376554502739832202e-02 6.147881399364289040e-03 9.138007196818616167e-04
3.302369994352642724e-02 2.677680745230958531e-03 2.674010592786103292e-03 9.183697232802707881e-04
3.318881844324406138e-02 7.730665104898865048e-03 4.456978220999338949e-03 9.229615718966721919e-04
3.335476253546027642e-02 1.540762606805839291e-02 6.280645669752114510e-03 9.275763797561553930e-04
3.352153634813757888e-02 1.010292314726284404e-02 5.043560575053089232e-03 9.322142616549362187e-04
3.368914402987825685e-02 2.484457458638812937e-03 2.480434448214266594e-03 9.368753329632105963e-04
3.385758975002764459e-02 4.904284203919385791e-03 3.462237225222664257e-03 9.415597096280266037e-04
3.402687769877778268e-02 9.758334126016409565e-03 4.870902048309989560e-03 9.462675081761667134e-04
3.419701208727166097e-02 9.605237420963901734e-03 4.794061906130332729e-03 9.509988457170472738e-04
3.436799714770802372e-02 4.755939467137310431e-03 3.356965279324746441e-03 9.557538399456326278e-04
3.453983713344655621e-02 1.871707580967643322e-02 6.605539139179010012e-03 9.605326091453606158e-04
3.471253631911378618e-02 1.132305800483975056e-02 5.054564331671776954e-03 9.653352721910872687e-04
3.488609900070935299e-02 4.510913805376882448e-03 3.183534823873757861e-03 9.701619485520426682e-04
3.506052949571289434e-02 6.609433630339739234e-03 3.808585351477376032e-03 9.750127582948027449e-04
3.523583214319145340e-02 4.432841249026364498e-03 3.128428424337058918e-03 9.798878220862766893e-04
3.541201130390740637e-02 4.395121677100501632e-03 3.101800889123870926e-03 9.847872611967079144e-04
3.558907136042693820e-02 1.077860939499821792e-02 4.810962632663384579e-03 9.897111975026911743e-04
3.576701671722907344e-02 2.159819276230104217e-03 2.155604879480717620e-03 9.946597534902046431e-04
3.594585180081521364e-02 1.066181239166744989e-02 4.758886537869022257e-03 9.996330522576556566e-04
3.612558105981928530e-02 8.642632837354722805e-04 4.605000711772331765e-03 1.004631217518943799e-03
3.630620896511838058e-02 8.387543359680772054e-03 4.185679696100281025e-03 1.009654373606538522e-03
3.648774000994396693e-02 1.239491331820817728e-02 5.050502566230422909e-03 1.014702645474571067e-03
3.667017870999368656e-02 1.031790760075846150e-02 4.605680466814843742e-03 1.019776158701943746e-03
3.685352960354364854e-02 1.030651747009816641e-02 4.600650317916429692e-03 1.024875039495453310e-03
3.703779725156136626e-02 6.163349851594517384e-03 3.551799781950992253e-03 1.029999414692930578e-03
3.722298623781916671e-02 2.030529660644250344e-03 2.026923789831005206e-03 1.035149411766395034e-03
3.740910116900825200e-02 8.125849519307629110e-03 4.055709708779027013e-03 1.040325158825226772e-03
3.759614667485329520e-02 5.960347186922620132e-03 3.435381094738902859e-03 1.045526784619352960e-03
3.778412740822754967e-02 3.926849694433066223e-03 2.772000289142753301e-03 1.050754418542449494e-03
3.797304804526868693e-02 5.860862037337512959e-03 3.378442981883191237e-03 1.056008190635161726e-03
3.816291328549503009e-02 3.897256486957433128e-03 2.751437888288213191e-03 1.061288231588337341e-03
3.835372785192249501e-02 5.863727859859636619e-03 3.380216070696522978e-03 1.066594672746278743e-03
3.854549649118210741e-02 0.000000000000000000e+00 0.000000000000000000e+00 1.071927646110010192e-03
3.873822397363801268e-02 1.911522145441782450e-03 1.908927087838992740e-03 1.077287284340560118e-03
3.893191509350620028e-02 5.738262190907021144e-03 3.308489553809199849e-03 1.082673720762262950e-03
3.912657466897372788e-02 5.671078352252376109e-03 3.269753605287590258e-03 1.088087089366074171e-03
3.932220754231859072e-02 5.608872014782230117e-03 3.234284356320893394e-03 1.093527524812904243e-03
3.951881858003018083e-02 0.000000000000000000e+00 0.000000000000000000e+00 1.098995162436968787e-03
3.971641267293032906e-02 1.873138715762016383e-03 1.870978613090074072e-03 1.104490138249153517e-03
3.991499473629497863e-02 0.000000000000000000e+00 0.000000000000000000e+00 1.110012588940399118e-03
4.011456970997644145e-02 0.000000000000000000e+00 0.000000000000000000e+00 1.115562651885100868e-03
4.031514255852632067e-02 0.000000000000000000e+00 0.000000000000000000e+00 1.121140465144526265e-03
4.051671827131894665e-02 0.000000000000000000e+00 0.000000000000000000e+00 1.126746167470248691e-03
4.071930186267554153e-02 0.000000000000000000e+00 0.000000000000000000e+00 1.132379898307599945e-03
4.092289837198891111e-02 1.802372601427866929e-03 1.800512652438998216e-03 1.138041797799137743e-03
4.112751286384885852e-02 3.561668199354117020e-03 2.515915673466005698e-03 1.143732006788133592e-03
4.133315042816809726e-02 0.000000000000000000e+00 0.000000000000000000e+00 1.149450666822074115e-03
4.153981618030892775e-02 3.560039635684770533e-03 2.514800131875767012e-03 1.155197920156184272e-03
4.174751526121046885e-02 0.000000000000000000e+00 0.000000000000000000e+00 1.160973909756964897e-03
4.195625283751651391e-02 5.311188352785985861e-03 3.063339664294377745e-03 1.166778779305749532e-03
4.216603410170409461e-02 1.743121339287613016e-03 1.741316734025434533e-03 1.172612673202278388e-03
4.237686427221261376e-02 0.000000000000000000e+00 0.000000000000000000e+00 1.178475736568289660e-03
4.258874859357367204e-02 0.000000000000000000e+00 0.000000000000000000e+00 1.184368115251131000e-03
4.280169233654153305e-02 0.000000000000000000e+00 0.000000000000000000e+00 1.190289955827386397e-03
4.301570079822424064e-02 1.741052479454562084e-03 1.739171190316355416e-03 1.196241405606523426e-03
4.323077930221535387e-02 0.000000000000000000e+00 0.000000000000000000e+00 1.202222612634555685e-03
4.344693319872642429e-02 1.713898170732420763e-03 1.711914068899061947e-03 1.208233725697728436e-03
4.366416786472004929e-02 3.428282743725527288e-03 2.421259382822946345e-03 1.214274894326216811e-03
4.388248870404365398e-02 3.378672017574292381e-03 2.386126457907871909e-03 1.220346268797848103e-03
4.410190114756386282e-02 1.716577932545494114e-03 1.714454422755294334e-03 1.226448000141837054e-03
4.432241065330168317e-02 0.000000000000000000e+00 0.000000000000000000e+00 1.232580240142546303e-03
4.454402270656818152e-02 1.030929805432837659e-02 4.203200218159022783e-03 1.238743141343258761e-03
4.476674282010102007e-02 5.096487487236712154e-03 2.938460461439086104e-03 1.244936857049974916e-03
4.499057653420152070e-02 6.876460433908593989e-03 3.433491088815930625e-03 1.251161541335224676e-03
4.521552941687251997e-02 3.408942706927176828e-03 2.407163979295083318e-03 1.257417349041900457e-03
4.544160706395687643e-02 3.398056746565340791e-03 2.399417722682044458e-03 1.263704435787109783e-03
4.566881509927665783e-02 5.213267306629755168e-03 3.005583938574972989e-03 1.270022957966045240e-03
4.589715917477303619e-02 1.751628713939753319e-03 1.749127833412525901e-03 1.276373072755875460e-03
4.612664497064689756e-02 5.386857213702480295e-03 3.105871627203479323e-03 1.282754938119654757e-03
4.635727819550012480e-02 1.859452941894914214e-03 1.856922832937189707e-03 1.289168712810252705e-03
4.658906458647761595e-02 1.895291146464864228e-03 1.892654222155303609e-03 1.295614556374303670e-03
4.682200990941000340e-02 1.820061552262816629e-03 1.817529295066134523e-03 1.302092629156175211e-03
4.705611995895704613e-02 3.488469893456068796e-03 2.463288761946910189e-03 1.308603092301955989e-03
4.729140055875183379e-02 3.498614484514860241e-03 2.470433662507904183e-03 1.315146107763465796e-03
4.752785756154558061e-02 1.751792999362364626e-03 1.749329626031121462e-03 1.321721838302282719e-03
4.776549684935330747e-02 5.282708630518798305e-03 3.045684375145775013e-03 1.328330447493794152e-03
4.800432433360006523e-02 3.522901193888384672e-03 2.487917236357276712e-03 1.334972099731262987e-03
4.824434595526806702e-02 3.587005856260212355e-03 2.533188757146303573e-03 1.341646960229919174e-03
4.848556768504440340e-02 1.839828426684758439e-03 1.837501865357483652e-03 1.348355195031068635e-03
4.872799552346961799e-02 3.608252212741369820e-03 2.548370778834816840e-03 1.355096971006223856e-03
4.897163550108696306e-02 3.511853412745804658e-03 2.480287986711632829e-03 1.361872455861254860e-03
4.921649367859239066e-02 1.715890097187558645e-03 1.713839687078442305e-03 1.368681818140561005e-03
4.946257614698534866e-02 3.432835216382657852e-03 2.424680000571580347e-03 1.375525227231263591e-03
4.970988902772026374e-02 3.450258970847413197e-03 2.436986745988853949e-03 1.382402853367419721e-03
4.995843847285886402e-02 -1.062482589012640971e-03 3.338973990147527625e-03 1.389314867634256758e-03
5.020823066522315387e-02 0.000000000000000000e+00 0.000000000000000000e+00 1.396261441972427826e-03
5.045927181854926308e-02 1.745387432013093638e-03 1.743620099468982292e-03 1.403242749182289847e-03
5.071156817764200381e-02 1.760917444021916104e-03 1.759401070446264988e-03 1.410258962928201106e-03
5.096512601853020463e-02 5.297121439909719884e-03 3.055660910449627121e-03 1.417310257742841794e-03
5.121995164862284955e-02 0.000000000000000000e+00 0.000000000000000000e+00 1.424396809031556023e-03
5.147605140686596636e-02 0.000000000000000000e+00 0.000000000000000000e+00 1.431518793076713789e-03
5.173343166390028530e-02 3.612641573361379844e-03 2.552539114644416293e-03 1.438676387042097000e-03
5.199209882221978579e-02 1.839149928023759177e-03 1.837721357984211344e-03 1.445869768977307412e-03
5.225205931633088163e-02 0.000000000000000000e+00 0.000000000000000000e+00 1.453099117822193856e-03
5.251331961291252903e-02 1.876682114821265953e-03 1.875393374455377017e-03 1.460364613411304626e-03
5.277588621097707711e-02 0.000000000000000000e+00 0.000000000000000000e+00 1.467666436478360899e-03
