1.442977229909739312e-02 5.009080782032796497e-01 3.412246709197763045e-02 4.012835029382323475e-04
1.450192116059288022e-02 5.266870852244266432e-01 3.392690205314780050e-02 4.032899204529234965e-04
1.457443076639584369e-02 5.482638676634642438e-01 3.519531113527653993e-02 4.053063700551880698e-04
1.464730292022782196e-02 4.827583708595774570e-01 3.214255169920832850e-02 4.073329019054639909e-04
1.472053943482895880e-02 5.177686630182307681e-01 3.323737459596067673e-02 4.093695664149912751e-04
1.479414213200310087e-02 4.221180791560408818e-01 2.848925808894449060e-02 4.114164142470661261e-04
1.486811284266311567e-02 4.833674816569325516e-01 3.134697055252379932e-02 4.134734963183014293e-04
1.494245340687642976e-02 4.990295525912095687e-01 3.108229682019446674e-02 4.155408637998929378e-04
1.501716567391080982e-02 4.069104961808153176e-01 2.744260503203630602e-02 4.176185681188923421e-04
1.509225150228036064e-02 4.401624813881107046e-01 2.830391728047646979e-02 4.197066609594866829e-04
1.516771275979176062e-02 3.867254788545527733e-01 2.614162981117723952e-02 4.218051942642840526e-04
1.524355132359071774e-02 3.791080732567336242e-01 2.518623783858738030e-02 4.239142202356054761e-04
1.531976908020867001e-02 3.097967032507666363e-01 2.288482577081101324e-02 4.260337913367834599e-04
1.539636792560971322e-02 3.685930580941989554e-01 2.532991710616244382e-02 4.281639602934673712e-04
1.547334976523776114e-02 3.250516553536269004e-01 2.302173913025074362e-02 4.303047800949346725e-04
1.555071651406394681e-02 3.312903530948417274e-01 2.310226559440552163e-02 4.324563039954092570e-04
1.562847009663426504e-02 2.979668775102760070e-01 2.146963856275669116e-02 4.346185855153862892e-04
1.570661244711743509e-02 2.942030223721297522e-01 2.193460351913571749e-02 4.367916784429631718e-04
1.578514550935301852e-02 2.916708920474423428e-01 2.150418502364929638e-02 4.389756368351778850e-04
1.586407123689978493e-02 2.984695332519728406e-01 2.145111884414342349e-02 4.411705150193537760e-04
1.594339159308428081e-02 2.780842360053241147e-01 1.995127185870694195e-02 4.433763675944504758e-04
1.602310855104970011e-02 2.991014699857980630e-01 2.052409509196246110e-02 4.455932494324226748e-04
1.610322409380494577e-02 2.620742330130406139e-01 1.895172891249426866e-02 4.478212156795847000e-04
1.618374021427396864e-02 2.605747746429831202e-01 1.916179363761767382e-02 4.500603217579825731e-04
1.626465891534533553e-02 2.305362750956062023e-01 1.777221896260493608e-02 4.523106233667724104e-04
1.634598220992206086e-02 2.118356756757937276e-01 1.643989517473139553e-02 4.545721764836062502e-04
1.642771212097167421e-02 2.500326225548087922e-01 1.788789140229169253e-02 4.568450373660243313e-04
1.650985068157653085e-02 1.961719519377869425e-01 1.586847660192628948e-02 4.591292625528544183e-04
1.659239993498441007e-02 1.884670024944401778e-01 1.490126189438298332e-02 4.614249088656186080e-04
1.667536193465932876e-02 1.776227424555738843e-01 1.422478843614584550e-02 4.637320334099465872e-04
1.675873874433262550e-02 1.773484138907310548e-01 1.451911273684627392e-02 4.660506935769963169e-04
1.684253243805428762e-02 1.670886086284490979e-01 1.377855112788053948e-02 4.683809470448812760e-04
1.692674510024455570e-02 1.740823197935611744e-01 1.359720741454852923e-02 4.707228517801056197e-04
1.701137882574577792e-02 1.462974252220999027e-01 1.260623737946837616e-02 4.730764660390061145e-04
1.709643571987450386e-02 1.240377488437511971e-01 1.115406385619753006e-02 4.754418483692010654e-04
1.718191789847387657e-02 1.330517277260550302e-01 1.172952030218308260e-02 4.778190576110471046e-04
1.726782748796624328e-02 1.382472222429094177e-01 1.178075957838071834e-02 4.802081528991022138e-04
1.735416662540607141e-02 1.070173841203966858e-01 1.056626946191015215e-02 4.826091936635976912e-04
1.744093745853309702e-02 1.055772543552214587e-01 9.951467575104301286e-03 4.850222396319155398e-04
1.752814214582576469e-02 1.109934151782745182e-01 1.085382980814846368e-02 4.874473508300751793e-04
1.761578285655489295e-02 1.142378204627764599e-01 9.996096290706498258e-03 4.898845875842255254e-04
1.770386177083766582e-02 9.749181432518126689e-02 9.430505750569409193e-03 4.923340105221466097e-04
1.779238107969184982e-02 9.864523336314091895e-02 9.546384682066593949e-03 4.947956805747571627e-04
1.788134298509030939e-02 9.563702246725330758e-02 8.977497471451812566e-03 4.972696589776309795e-04
1.797074970001575484e-02 8.639906288992929562e-02 8.495396668869881901e-03 4.997560072725190303e-04
1.806060344851583357e-02 8.830796818300601370e-02 8.519856002324497496e-03 5.022547873088815474e-04
1.815090646575841238e-02 9.774136856575638133e-02 9.246829756331027134e-03 5.047660612454259654e-04
1.824166099808720298e-02 7.405134305755119162e-02 7.582914265014736345e-03 5.072898915516531023e-04
1.833286930307763407e-02 6.200417915196957536e-02 6.876526662532132447e-03 5.098263410094112545e-04
1.842453364959302162e-02 7.581261512669584812e-02 7.493030028510099146e-03 5.123754727144582072e-04
1.851665631784098556e-02 6.083217014586542876e-02 6.706004560436281368e-03 5.149373500780305086e-04
1.860923959943018915e-02 5.319882982553199996e-02 6.614041362609827772e-03 5.175120368284206584e-04
1.870228579742733849e-02 5.247170324782348544e-02 6.131217917197067865e-03 5.200995970125626457e-04
1.879579722641447001e-02 5.299169464090625059e-02 5.990642291205386209e-03 5.227000949976252919e-04
1.888977621254653988e-02 5.041711848987090461e-02 5.812759519141441449e-03 5.253135954726134010e-04
1.898422509360927352e-02 5.085033649450775711e-02 6.092957949029416224e-03 5.279401634499764984e-04
1.907914621907731700e-02 5.223676161959983633e-02 5.831831344207860993e-03 5.305798642672263522e-04
1.917454195017270074e-02 4.547845914274595280e-02 5.389739337634796151e-03 5.332327635885623007e-04
1.927041465992356331e-02 3.681835329622789449e-02 4.870040478603218648e-03 5.358989274065051453e-04
1.936676673322317715e-02 4.411590470855970836e-02 5.265796912346584237e-03 5.385784220435375479e-04
1.946360056688929002e-02 3.877505181986257154e-02 4.803138787217177928e-03 5.412713141537551630e-04
1.956091856972373699e-02 4.185201035502916778e-02 5.032018489113943005e-03 5.439776707245239486e-04
1.965872316257235436e-02 2.611832499903541174e-02 4.192128679281402655e-03 5.466975590781464767e-04
1.975701677838521270e-02 3.578418478766670630e-02 4.713119853247263631e-03 5.494310468735371343e-04
1.985580186227713789e-02 2.751705141756508044e-02 3.926330728699813609e-03 5.521782021079048048e-04
1.995508087158852362e-02 3.530524930343328233e-02 4.690152566420184577e-03 5.549390931184443321e-04
2.005485627594646297e-02 3.012644997498445040e-02 3.985625343908242614e-03 5.577137885840364410e-04
2.015513055732619241e-02 2.740482759831938328e-02 3.871098102716302378e-03 5.605023575269565484e-04
2.025590621011282011e-02 2.213479817117662563e-02 3.558046355800837182e-03 5.633048693145912720e-04
2.035718574116338053e-02 2.546466038521282352e-02 3.671213900661872767e-03 5.661213936611641552e-04
2.045897166986919424e-02 2.816076817149613248e-02 3.827730512646106663e-03 5.689520006294698480e-04
2.056126652821854001e-02 2.785122042119519623e-02 3.717430905703179422e-03 5.717967606326171794e-04
2.066407286085962872e-02 2.171214586178924974e-02 3.232824581724447720e-03 5.746557444357801433e-04
2.076739322516392428e-02 2.303272323936193453e-02 3.320505368050433084e-03 5.775290231579589687e-04
2.087123019128974549e-02 2.709777886762093982e-02 3.699511149506923714e-03 5.804166682737488866e-04
2.097558634224619065e-02 2.425062952018279885e-02 3.512346115088732339e-03 5.833187516151174630e-04
2.108046427395741940e-02 2.292212180169675428e-02 3.237538442993260438e-03 5.862353453731929901e-04
2.118586659532720531e-02 2.427050553205399586e-02 3.298475869326842648e-03 5.891665221000589496e-04
2.129179592830383883e-02 3.467509681437203062e-02 3.896060026008699769e-03 5.921123547105592091e-04
2.139825490794535628e-02 2.502459960573903339e-02 3.281439746676870217e-03 5.950729164841118924e-04
2.150524618248508130e-02 2.517663396592684580e-02 3.405082499441934238e-03 5.980482810665324655e-04
2.161277241339750604e-02 2.744277555925489845e-02 3.398988481170932881e-03 6.010385224718650622e-04
2.172083627546448834e-02 2.397854288451330834e-02 3.453858624963924116e-03 6.040437150842242189e-04
2.182944045684180601e-02 2.075152397011377839e-02 2.901413144030732909e-03 6.070639336596452820e-04
2.193858765912601316e-02 2.447273840721497090e-02 3.103200167731142312e-03 6.100992533279433810e-04
2.204828059742164337e-02 2.369709911769768071e-02 3.004689472217020752e-03 6.131497495945831353e-04
2.215852200040874936e-02 2.655276198370565971e-02 3.168352284539226096e-03 6.162154983425559502e-04
2.226931461041078975e-02 2.616758031052316552e-02 3.144817748830273669e-03 6.192965758342686968e-04
2.238066118346284175e-02 2.728892558199842028e-02 3.145541086977722296e-03 6.223930587134399823e-04
2.249256448938015407e-02 2.761989752575476353e-02 3.335961549458808448e-03 6.255050240070071524e-04
2.260502731182705005e-02 2.893308841832684802e-02 3.189145391607150787e-03 6.286325491270420771e-04
2.271805244838618482e-02 2.474946219326997973e-02 2.931580574352902081e-03 6.317757118726772354e-04
2.283164271062811460e-02 2.717567646831051120e-02 3.143391430995219702e-03 6.349345904320405831e-04
2.294580092418125120e-02 2.103493343976861260e-02 2.666074560889620387e-03 6.381092633842007193e-04
2.306052992880215646e-02 3.005170130175410098e-02 3.178852587142173662e-03 6.412998097011215950e-04
2.317583257844616634e-02 2.335251862337316131e-02 2.765561561459181812e-03 6.445063087496271954e-04
2.329171174133839312e-02 2.396754263395305118e-02 2.780144202776402024e-03 6.477288402933752218e-04
2.340817030004507804e-02 3.110772810555732446e-02 3.135425517456724449e-03 6.509674844948419407e-04
2.352521115154530135e-02 2.503508272565730872e-02 2.810295223374747499e-03 6.542223219173160312e-04
2.364283720730302879e-02 2.719597979298368079e-02 2.953027984047749965e-03 6.574934335269027328e-04
2.376105139333953981e-02 2.470720405292604546e-02 2.755924758911736713e-03 6.607809006945371006e-04
2.387985665030623386e-02 2.581271865648211358e-02 2.819280182960908973e-03 6.640848051980096202e-04
2.399925593355776293e-02 2.295012455462085155e-02 2.689654394614021237e-03 6.674052292239996288e-04
2.411925221322554908e-02 2.716938224412910816e-02 2.825667698838572536e-03 6.707422553701195781e-04
2.423984847429167672e-02 3.068349502697803599e-02 2.959006149128767197e-03 6.740959666469701402e-04
2.436104771666313187e-02 2.523202754194946509e-02 2.698491536022412998e-03 6.774664464802049616e-04
2.448285295524644731e-02 2.560611876539236817e-02 2.692548504226071390e-03 6.808537787126059350e-04
2.460526722002267380e-02 2.951221710775445151e-02 2.915132325621004085e-03 6.842580476061688784e-04
2.472829355612278512e-02 2.306081854478271229e-02 2.741545545528501025e-03 6.876793378441996242e-04
2.485193502390339870e-02 1.832294492515436357e-02 2.321364009120920405e-03 6.911177345334206228e-04
2.497619469902290917e-02 2.320070658237086136e-02 2.453084400102301024e-03 6.945733232060875232e-04
2.510107567251802091e-02 1.876540206924152618e-02 2.175778050080264762e-03 6.980461898221178947e-04
2.522658105088061015e-02 1.933245904913647242e-02 2.211777912538944423e-03 7.015364207712284066e-04
2.535271395613501039e-02 2.451367509055682459e-02 2.482484276989093200e-03 7.050441028750844760e-04
2.547947752591567944e-02 2.513913013735574742e-02 2.458705289514287375e-03 7.085693233894597813e-04
2.560687491354525849e-02 1.542214109361701724e-02 2.010964339647375830e-03 7.121121700064070520e-04
2.573490928811298165e-02 2.169616858975956242e-02 2.268630689528138792e-03 7.156727308564390499e-04
2.586358383455354334e-02 1.911357233538608924e-02 2.105467709717716209e-03 7.192510945107211508e-04
2.599290175372630934e-02 2.222352751093908604e-02 2.262604224947003823e-03 7.228473499832746606e-04
2.612286626249493704e-02 1.776135285906807471e-02 2.019151784896245500e-03 7.264615867331909727e-04
2.625348059380740867e-02 1.854941671620460517e-02 2.043467355163398891e-03 7.300938946668567844e-04
2.638474799677644617e-02 1.922343416622900730e-02 2.067966679458361611e-03 7.337443641401911317e-04
2.651667173676032496e-02 2.276504901185485291e-02 2.313128474360380202e-03 7.374130859608919644e-04
2.664925509544412152e-02 1.473655596700230476e-02 1.906068915439541140e-03 7.411001513906962735e-04
2.678250137092134248e-02 1.771164562297249459e-02 2.048460290809066709e-03 7.448056521476497608e-04
2.691641387777594235e-02 1.497930670246008615e-02 1.914008938648002018e-03 7.485296804083878914e-04
2.705099594716482009e-02 1.498904830253368174e-02 1.869973359020324572e-03 7.522723288104297404e-04
2.718625092690064166e-02 1.252540002804963977e-02 1.613695722015468740e-03 7.560336904544818137e-04
2.732218218153514150e-02 1.252007776284007508e-02 1.599621885104109652e-03 7.598138589067541214e-04
2.745879309244281599e-02 1.046316730881902655e-02 1.498683883566268547e-03 7.636129282012878508e-04
2.759608705790502631e-02 1.358914313735993216e-02 1.644655065068317563e-03 7.674309928422942077e-04
2.773406749319454884e-02 1.172023798021902714e-02 1.522889910863050493e-03 7.712681478065056169e-04
2.787273783066051419e-02 1.157633674735820961e-02 1.537088149709615837e-03 7.751244885455379824e-04
2.801210151981381458e-02 1.316368931318205419e-02 1.605269701967251784e-03 7.790001109882655232e-04
2.815216202741288587e-02 8.273627790304865365e-03 1.259534886717131449e-03 7.828951115432069945e-04
2.829292283754994419e-02 9.926711500747770894e-03 1.387719686815219429e-03 7.868095871009228581e-04
2.843438745173769086e-02 8.939991957147045212e-03 1.316072483693725642e-03 7.907436350364273076e-04
2.857655938899637815e-02 7.846142019561097927e-03 1.223506295598363134e-03 7.946973532116093997e-04
2.871944218594135734e-02 8.277153401289663592e-03 1.245967046202736466e-03 7.986708399776674136e-04
2.886303939687106038e-02 7.225206052645839587e-03 1.170402696139168086e-03 8.026641941775556786e-04
2.900735459385541531e-02 6.706357173442591482e-03 1.116188373237165512e-03 8.066775151484434359e-04
2.915239136682468840e-02 7.258681181032221666e-03 1.214298603627829735e-03 8.107109027241855186e-04
2.929815332365880848e-02 8.157944098620943316e-03 1.214537308856293747e-03 8.147644572378063676e-04
2.944464409027709728e-02 4.176106490225983681e-03 1.020455894382672713e-03 8.188382795239952140e-04
2.959186731072847854e-02 7.917347704243786477e-03 1.192126790589822724e-03 8.229324709216151402e-04
2.973982664728212072e-02 6.532574895102941613e-03 1.072647303956533477e-03 8.270471332762231991e-04
2.988852578051852740e-02 7.896484882399690264e-03 1.237855528265616309e-03 8.311823689426041948e-04
3.003796840942111676e-02 5.490525712208278904e-03 9.849797273155428377e-04 8.353382807873171480e-04
3.018815825146821744e-02 5.878750764869552538e-03 1.007042351395256953e-03 8.395149721912535798e-04
3.033909904272555358e-02 4.849756272742511941e-03 9.154653711706360738e-04 8.437125470522096726e-04
3.049079453793918093e-02 5.403902430969175635e-03 9.694552159120762300e-04 8.479311097874706830e-04
3.064324851062887045e-02 4.973979897251583696e-03 9.225857275725287722e-04 8.521707653364079312e-04
3.079646475318201237e-02 5.875692189664280876e-03 1.006503394641057635e-03 8.564316191630898852e-04
3.095044707694791924e-02 8.707910885204310156e-03 1.217912054922166889e-03 8.607137772589052794e-04
3.110519931233265631e-02 5.412650644664240146e-03 9.555524238152279500e-04 8.650173461451996773e-04
3.126072530889431600e-02 4.296679118068365277e-03 9.183208062020352825e-04 8.693424328759255873e-04
3.141702893543878161e-02 4.811564316890393211e-03 8.922938357446056311e-04 8.736891450403050461e-04
3.157411408011597670e-02 5.300037420052551400e-03 9.357619711433525986e-04 8.780575907655066223e-04
3.173198465051654815e-02 6.157537538012784750e-03 1.011001496128341405e-03 8.824478787193339125e-04
3.189064457376912520e-02 5.605715997278548635e-03 9.601303299680296905e-04 8.868601181129304092e-04
3.205009779663797742e-02 5.946392932301578817e-03 1.069033811259688166e-03 8.912944187034952098e-04
3.221034828562116537e-02 6.018550114981979782e-03 1.001739117277254502e-03 8.957508907970127129e-04
3.237140002704926023e-02 5.460040476489094914e-03 9.638966585275910749e-04 9.002296452509974930e-04
3.253325702718450757e-02 6.672641600004110621e-03 1.132113344177481133e-03 9.047307934772525102e-04
3.269592331232042820e-02 5.755042432044678823e-03 1.127778710541439558e-03 9.092544474446387056e-04
3.285940292888202274e-02 6.126577818261711231e-03 1.122689871841726916e-03 9.138007196818616167e-04
3.302369994352642724e-02 7.671636177962690498e-03 1.168310043677122344e-03 9.183697232802707881e-04
3.318881844324406138e-02 6.353108186596102824e-03 1.042931031392403413e-03 9.229615718966721919e-04
3.335476253546027642e-02 6.399069528901503608e-03 1.101354653881316415e-03 9.275763797561553930e-04
3.352153634813757888e-02 6.798706906626880188e-03 1.121597567263960416e-03 9.322142616549362187e-04
3.368914402987825685e-02 4.800542400413001023e-03 9.777380773541561980e-04 9.368753329632105963e-04
3.385758975002764459e-02 6.372687583621741356e-03 1.018733768829826591e-03 9.415597096280266037e-04
3.402687769877778268e-02 6.826934414659967601e-03 1.051634441763030529e-03 9.462675081761667134e-04
3.419701208727166097e-02 6.079394249172339997e-03 9.844873053942921389e-04 9.509988457170472738e-04
3.436799714770802372e-02 8.302298749700684835e-03 1.189453061498538721e-03 9.557538399456326278e-04
3.453983713344655621e-02 8.106264856664477381e-03 1.122096084908848343e-03 9.605326091453606158e-04
3.471253631911378618e-02 6.095872013587933305e-03 1.005384232661212787e-03 9.653352721910872687e-04
3.488609900070935299e-02 6.912444037547244187e-03 1.017240249647832556e-03 9.701619485520426682e-04
3.506052949571289434e-02 8.220377568490176007e-03 1.096371744425270406e-03 9.750127582948027449e-04
3.523583214319145340e-02 7.442932080139043165e-03 1.088703230058012030e-03 9.798878220862766893e-04
3.541201130390740637e-02 6.588918994018684236e-03 9.803156349788724831e-04 9.847872611967079144e-04
3.558907136042693820e-02 8.187057655235821518e-03 1.082293181728868296e-03 9.897111975026911743e-04
3.576701671722907344e-02 6.533321244610817632e-03 1.011103375277146339e-03 9.946597534902046431e-04
3.594585180081521364e-02 6.819741387811235206e-03 9.824357666095631918e-04 9.996330522576556566e-04
3.612558105981928530e-02 6.622235956705847110e-03 9.745114591632216125e-04 1.004631217518943799e-03
3.630620896511838058e-02 4.526633140748333520e-03 8.431345527040089117e-04 1.009654373606538522e-03
3.648774000994396693e-02 6.606846674641917404e-03 9.517882571945734341e-04 1.014702645474571067e-03
3.667017870999368656e-02 7.287505323567890908e-03 9.991203605556127527e-04 1.019776158701943746e-03
3.685352960354364854e-02 6.592405667679222640e-03 9.497637603266374318e-04 1.024875039495453310e-03
3.703779725156136626e-02 5.475292880604714675e-03 8.641201293279528748e-04 1.029999414692930578e-03
3.722298623781916671e-02 5.682237415208895616e-03 8.752312537069521173e-04 1.035149411766395034e-03
3.740910116900825200e-02 6.226261589287888747e-03 9.163819684693801787e-04 1.040325158825226772e-03
3.759614667485329520e-02 5.083259428208564655e-03 8.621361476461963762e-04 1.045526784619352960e-03
3.778412740822754967e-02 5.886911999072480008e-03 9.326616360482918285e-04 1.050754418542449494e-03
3.797304804526868693e-02 4.555939041479483212e-03 7.688739978559468473e-04 1.056008190635161726e-03
3.816291328549503009e-02 3.765197296067619281e-03 6.980788251255120582e-04 1.061288231588337341e-03
3.835372785192249501e-02 4.297332367593867733e-03 7.469429083797124924e-04 1.066594672746278743e-03
3.854549649118210741e-02 5.001594028368099368e-03 7.997210843547817140e-04 1.071927646110010192e-03
3.873822397363801268e-02 3.541134391499143903e-03 7.644640469257421187e-04 1.077287284340560118e-03
3.893191509350620028e-02 2.676326999093190263e-03 5.832295728328898421e-04 1.082673720762262950e-03
3.912657466897372788e-02 3.526563866911700765e-03 6.655619053612838332e-04 1.088087089366074171e-03
3.932220754231859072e-02 3.612542962760708666e-03 6.700038859051168048e-04 1.093527524812904243e-03
3.951881858003018083e-02 2.927689736789161178e-03 5.968740924403554511e-04 1.098995162436968787e-03
3.971641267293032906e-02 3.619416009088798590e-03 6.713260207091439023e-04 1.104490138249153517e-03
3.991499473629497863e-02 3.109994650652337603e-03 6.212816445519334227e-04 1.110012588940399118e-03
4.011456970997644145e-02 3.731187229846031489e-03 7.207315696371276777e-04 1.115562651885100868e-03
4.031514255852632067e-02 3.408601233244030245e-03 6.434702620071994011e-04 1.121140465144526265e-03
4.051671827131894665e-02 2.779695430367249646e-03 5.789849067213740340e-04 1.126746167470248691e-03
4.071930186267554153e-02 3.010712449095094469e-03 6.015211149289853175e-04 1.132379898307599945e-03
4.092289837198891111e-02 1.921433272262824867e-03 4.798626162426374931e-04 1.138041797799137743e-03
4.112751286384885852e-02 2.610333200016039159e-03 5.559653176616827187e-04 1.143732006788133592e-03
4.133315042816809726e-02 2.403096801364185912e-03 5.368091479440117129e-04 1.149450666822074115e-03
4.153981618030892775e-02 2.253403448756040751e-03 5.164471798680017427e-04 1.155197920156184272e-03
4.174751526121046885e-02 3.020067287769481832e-03 5.916897219733912878e-04 1.160973909756964897e-03
4.195625283751651391e-02 1.887344493995146439e-03 4.713627582961449694e-04 1.166778779305749532e-03
4.216603410170409461e-02 1.742126254987382862e-03 5.316773618907023402e-04 1.172612673202278388e-03
4.237686427221261376e-02 2.441179193404763911e-03 5.321574763557405593e-04 1.178475736568289660e-03
4.258874859357367204e-02 2.568831770209408557e-03 5.470996369135591123e-04 1.184368115251131000e-03
4.280169233654153305e-02 1.396955210096769914e-03 4.933645713641905944e-04 1.190289955827386397e-03
4.301570079822424064e-02 2.668089816825954322e-03 5.557340406560284593e-04 1.196241405606523426e-03
4.323077930221535387e-02 1.950036968144932756e-03 5.494836671494097427e-04 1.202222612634555685e-03
4.344693319872642429e-02 2.626476978936546827e-03 5.470243112878816604e-04 1.208233725697728436e-03
4.366416786472004929e-02 1.484732040503722230e-03 4.972426932646551627e-04 1.214274894326216811e-03
4.388248870404365398e-02 3.039068931421390340e-03 5.841455729330413942e-04 1.220346268797848103e-03
4.410190114756386282e-02 1.715598000906600785e-03 5.935653958995708301e-04 1.226448000141837054e-03
4.432241065330168317e-02 3.045682860801805780e-03 5.853685779328921457e-04 1.232580240142546303e-03
4.454402270656818152e-02 1.946200205499616382e-03 4.714000905517273235e-04 1.238743141343258761e-03
4.476674282010102007e-02 2.535430785159996023e-03 5.825436865927283462e-04 1.244936857049974916e-03
4.499057653420152070e-02 2.107577373574157087e-03 5.432956461435947465e-04 1.251161541335224676e-03
4.521552941687251997e-02 2.725597332845546440e-03 5.555933615487789303e-04 1.257417349041900457e-03
4.544160706395687643e-02 2.943424490257533829e-03 5.764310595679278176e-04 1.263704435787109783e-03
4.566881509927665783e-02 2.778821996135215876e-03 5.664148144405328116e-04 1.270022957966045240e-03
4.589715917477303619e-02 3.034376177056399143e-03 5.942450987687430486e-04 1.276373072755875460e-03
4.612664497064689756e-02 2.990990029827312723e-03 5.973840564502436341e-04 1.282754938119654757e-03
4.635727819550012480e-02 3.097319080220152857e-03 6.186209311200879975e-04 1.289168712810252705e-03
4.658906458647761595e-02 2.374038341493237524e-03 6.567051544391018557e-04 1.295614556374303670e-03
4.682200990941000340e-02 3.274240582089818496e-03 6.956633739187761609e-04 1.302092629156175211e-03
4.705611995895704613e-02 2.138373451430926331e-03 5.512271799658382924e-04 1.308603092301955989e-03
4.729140055875183379e-02 2.657440936764784295e-03 6.492923937162258441e-04 1.315146107763465796e-03
4.752785756154558061e-02 2.917988274546924089e-03 5.827770018330422162e-04 1.321721838302282719e-03
4.776549684935330747e-02 2.346530188945468096e-03 5.239622693718641111e-04 1.328330447493794152e-03
4.800432433360006523e-02 2.159479260278759655e-03 6.264130269078683295e-04 1.334972099731262987e-03
4.824434595526806702e-02 1.792479082821133666e-03 4.622308546806641301e-04 1.341646960229919174e-03
4.848556768504440340e-02 3.064561892423560332e-03 6.121441459345987280e-04 1.348355195031068635e-03
4.872799552346961799e-02 1.851178761922023719e-03 5.309978860827993226e-04 1.355096971006223856e-03
4.897163550108696306e-02 1.988914220217201725e-03 4.818061299325400297e-04 1.361872455861254860e-03
4.921649367859239066e-02 2.515032796124503072e-03 5.355840847286888820e-04 1.368681818140561005e-03
4.946257614698534866e-02 1.875545293096156883e-03 5.179785025461690600e-04 1.375525227231263591e-03
4.970988902772026374e-02 2.183916584553149964e-03 5.004673139109754379e-04 1.382402853367419721e-03
4.995843847285886402e-02 2.360774099475724478e-03 5.273215302151870515e-04 1.389314867634256758e-03
5.020823066522315387e-02 1.447400683329492328e-03 4.745230108307357461e-04 1.396261441972427826e-03
5.045927181854926308e-02 2.209562001838848502e-03 5.063950081316882269e-04 1.403242749182289847e-03
5.071156817764200381e-02 1.994994076448772160e-03 4.833887449781877144e-04 1.410258962928201106e-03
5.096512601853020463e-02 9.411728900927665217e-04 3.324683226719244876e-04 1.417310257742841794e-03
5.121995164862284955e-02 1.187924378697556961e-03 3.753311867665303165e-04 1.424396809031556023e-03
5.147605140686596636e-02 1.420793736840886539e-03 4.098177035907239686e-04 1.431518793076713789e-03
5.173343166390028530e-02 1.444231699299583114e-03 4.165899409993236335e-04 1.438676387042097000e-03
5.199209882221978579e-02 2.328260031045913201e-03 5.337245899282512833e-04 1.445869768977307412e-03
5.225205931633088163e-02 2.216694364314792266e-03 5.221001701190837018e-04 1.453099117822193856e-03
5.251331961291252903e-02 5.001628761474568446e-04 2.499097042921208617e-04 1.460364613411304626e-03
5.277588621097707711e-02 6.245031340442472670e-04 2.790945029515908243e-04 1.467666436478360899e-03
