1.442977229909739312e-02 5.507481501492128562e-01 3.580319616840301616e-02 4.012835029382323475e-04
1.450192116059288022e-02 4.840121642704095506e-01 3.299372038087829834e-02 4.032899204529234965e-04
1.457443076639584369e-02 5.922255197614987310e-01 3.702249570159582559e-02 4.053063700551880698e-04
1.464730292022782196e-02 6.063570505567024149e-01 3.604772996712650446e-02 4.073329019054639909e-04
1.472053943482895880e-02 4.689390421427727107e-01 3.165016096292024017e-02 4.093695664149912751e-04
1.479414213200310087e-02 4.284590602737302079e-01 2.872039100013847740e-02 4.114164142470661261e-04
1.486811284266311567e-02 4.619719738031507483e-01 3.029108304314033495e-02 4.134734963183014293e-04
1.494245340687642976e-02 4.313398787861517092e-01 2.930433853048352438e-02 4.155408637998929378e-04
1.501716567391080982e-02 4.048526106163842231e-01 2.713758842860577308e-02 4.176185681188923421e-04
1.509225150228036064e-02 3.744254801412903455e-01 2.580783766758167064e-02 4.197066609594866829e-04
1.516771275979176062e-02 3.917541900063898908e-01 2.608364077360231584e-02 4.218051942642840526e-04
1.524355132359071774e-02 3.694564767404154293e-01 2.487897370079232215e-02 4.239142202356054761e-04
1.531976908020867001e-02 3.357481608999288158e-01 2.419936318638241796e-02 4.260337913367834599e-04
1.539636792560971322e-02 3.776594235967978275e-01 2.565002779841430922e-02 4.281639602934673712e-04
1.547334976523776114e-02 3.566874185436272326e-01 2.478938846643592708e-02 4.303047800949346725e-04
1.555071651406394681e-02 3.380178887137489374e-01 2.334417451685204606e-02 4.324563039954092570e-04
1.562847009663426504e-02 3.404813542393329562e-01 2.302783541781297169e-02 4.346185855153862892e-04
1.570661244711743509e-02 2.843372985480545068e-01 2.149819189192375343e-02 4.367916784429631718e-04
1.578514550935301852e-02 2.838379287110412985e-01 2.101673972470981602e-02 4.389756368351778850e-04
1.586407123689978493e-02 2.738874095890245774e-01 2.034712284715966407e-02 4.411705150193537760e-04
1.594339159308428081e-02 2.726595933632810498e-01 1.976799611534529530e-02 4.433763675944504758e-04
1.602310855104970011e-02 2.696704211625702841e-01 1.950019279558017418e-02 4.455932494324226748e-04
1.610322409380494577e-02 2.568745572482010742e-01 1.907481678352790019e-02 4.478212156795847000e-04
1.618374021427396864e-02 2.428227984502759618e-01 1.804125576567068914e-02 4.500603217579825731e-04
1.626465891534533553e-02 2.014702057791050993e-01 1.634339992098021374e-02 4.523106233667724104e-04
1.634598220992206086e-02 2.018161633914620223e-01 1.665869125942476617e-02 4.545721764836062502e-04
1.642771212097167421e-02 1.677309311121105151e-01 1.444486413772104981e-02 4.568450373660243313e-04
1.650985068157653085e-02 2.138706161008800122e-01 1.644009600715646766e-02 4.591292625528544183e-04
1.659239993498441007e-02 1.697114403350281076e-01 1.414914154594514722e-02 4.614249088656186080e-04
1.667536193465932876e-02 1.789922993080839686e-01 1.428842062344195044e-02 4.637320334099465872e-04
1.675873874433262550e-02 1.554299174152604379e-01 1.362641801264100234e-02 4.660506935769963169e-04
1.684253243805428762e-02 1.562905892688515597e-01 1.307856284292118788e-02 4.683809470448812760e-04
1.692674510024455570e-02 1.497044595535352018e-01 1.261707921852352372e-02 4.707228517801056197e-04
1.701137882574577792e-02 1.260258816094816936e-01 1.137852168465806717e-02 4.730764660390061145e-04
1.709643571987450386e-02 1.453964958850757216e-01 1.208383155374846522e-02 4.754418483692010654e-04
1.718191789847387657e-02 1.342587412118939894e-01 1.206099844888393856e-02 4.778190576110471046e-04
1.726782748796624328e-02 1.297304141861031490e-01 1.160271132744301707e-02 4.802081528991022138e-04
1.735416662540607141e-02 1.180805083444277648e-01 1.122605797468479057e-02 4.826091936635976912e-04
1.744093745853309702e-02 1.283608280008069480e-01 1.097967884847861862e-02 4.850222396319155398e-04
1.752814214582576469e-02 1.078004037365525580e-01 1.052968691076668593e-02 4.874473508300751793e-04
1.761578285655489295e-02 9.766290421852039105e-02 9.494915499001201076e-03 4.898845875842255254e-04
1.770386177083766582e-02 9.018548433877660031e-02 9.419130079251608265e-03 4.923340105221466097e-04
1.779238107969184982e-02 1.075861901969102641e-01 9.718929911942543465e-03 4.947956805747571627e-04
1.788134298509030939e-02 9.999351865466044043e-02 9.185415200131361729e-03 4.972696589776309795e-04
1.797074970001575484e-02 7.390742440570018112e-02 7.862183744464573340e-03 4.997560072725190303e-04
1.806060344851583357e-02 7.271785265427128941e-02 7.736112088446490433e-03 5.022547873088815474e-04
1.815090646575841238e-02 8.615308017426774601e-02 8.715535095122128872e-03 5.047660612454259654e-04
1.824166099808720298e-02 6.430963736146146081e-02 7.247233810958756371e-03 5.072898915516531023e-04
1.833286930307763407e-02 7.357843335272434837e-02 7.726233628948591010e-03 5.098263410094112545e-04
1.842453364959302162e-02 6.995286755304881698e-02 7.202110495437700696e-03 5.123754727144582072e-04
1.851665631784098556e-02 5.719338490998624597e-02 6.506395164053315090e-03 5.149373500780305086e-04
1.860923959943018915e-02 7.329325783598636401e-02 7.280606991721182836e-03 5.175120368284206584e-04
1.870228579742733849e-02 5.613567930633550640e-02 6.345622053758032295e-03 5.200995970125626457e-04
1.879579722641447001e-02 5.781932638168776201e-02 6.261473611816993808e-03 5.227000949976252919e-04
1.888977621254653988e-02 4.980688599878889400e-02 5.781073273343463603e-03 5.253135954726134010e-04
1.898422509360927352e-02 4.276771824232343533e-02 5.380193965233936310e-03 5.279401634499764984e-04
1.907914621907731700e-02 4.118734752788744125e-02 5.181660563745577389e-03 5.305798642672263522e-04
1.917454195017270074e-02 3.976311080535426673e-02 5.042842425825887209e-03 5.332327635885623007e-04
1.927041465992356331e-02 3.815748985778087687e-02 4.960903327624209894e-03 5.358989274065051453e-04
1.936676673322317715e-02 3.091962900828756911e-02 4.673447092638914613e-03 5.385784220435375479e-04
1.946360056688929002e-02 4.025675474663591158e-02 5.045967770039273825e-03 5.412713141537551630e-04
1.956091856972373699e-02 3.826030289100206677e-02 4.814250122670433660e-03 5.439776707245239486e-04
1.965872316257235436e-02 3.209425518518937981e-02 4.362018841401262524e-03 5.466975590781464767e-04
1.975701677838521270e-02 2.917651086752764966e-02 4.121114631306881278e-03 5.494310468735371343e-04
1.985580186227713789e-02 2.552730506410014547e-02 4.186113913680462872e-03 5.521782021079048048e-04
1.995508087158852362e-02 2.964786415581481538e-02 4.106536298930625953e-03 5.549390931184443321e-04
2.005485627594646297e-02 1.640497756290740586e-02 2.942934335425773009e-03 5.577137885840364410e-04
2.015513055732619241e-02 2.469520016042570446e-02 3.677031270251406199e-03 5.605023575269565484e-04
2.025590621011282011e-02 2.143057998887129209e-02 3.343010769828498249e-03 5.633048693145912720e-04
2.035718574116338053e-02 2.708992007122983103e-02 3.788916872053601451e-03 5.661213936611641552e-04
2.045897166986919424e-02 2.819585667561201603e-02 3.832500329201710566e-03 5.689520006294698480e-04
2.056126652821854001e-02 2.639202413551347201e-02 3.620992037373903412e-03 5.717967606326171794e-04
2.066407286085962872e-02 2.898566979967829096e-02 3.737601258295379127e-03 5.746557444357801433e-04
2.076739322516392428e-02 2.258098561587737821e-02 3.289829812844298138e-03 5.775290231579589687e-04
2.087123019128974549e-02 1.843433810560401315e-02 2.948278062724976178e-03 5.804166682737488866e-04
2.097558634224619065e-02 2.503667569923726660e-02 3.434749325486415126e-03 5.833187516151174630e-04
2.108046427395741940e-02 2.570470143583668265e-02 3.430554196362744796e-03 5.862353453731929901e-04
2.118586659532720531e-02 2.475045655314045065e-02 3.333004960384146863e-03 5.891665221000589496e-04
2.129179592830383883e-02 1.933694364735978610e-02 2.911260153640020994e-03 5.921123547105592091e-04
2.139825490794535628e-02 2.678386312676648770e-02 3.396940485088123084e-03 5.950729164841118924e-04
2.150524618248508130e-02 2.676192841721023244e-02 3.394032834075956691e-03 5.980482810665324655e-04
2.161277241339750604e-02 2.384161672675054119e-02 3.284939007486384083e-03 6.010385224718650622e-04
2.172083627546448834e-02 2.318052762775527770e-02 3.093080144978487336e-03 6.040437150842242189e-04
2.182944045684180601e-02 2.811054229844561769e-02 3.379011703631749994e-03 6.070639336596452820e-04
2.193858765912601316e-02 2.489817067354901242e-02 3.132006661778290266e-03 6.100992533279433810e-04
2.204828059742164337e-02 2.564006930287428265e-02 3.127390135952309597e-03 6.131497495945831353e-04
2.215852200040874936e-02 2.544644067966847847e-02 3.103577359882821619e-03 6.162154983425559502e-04
2.226931461041078975e-02 2.847852741818433439e-02 3.282788685380606895e-03 6.192965758342686968e-04
2.238066118346284175e-02 2.404434526668542890e-02 2.954466354722369310e-03 6.223930587134399823e-04
2.249256448938015407e-02 2.334929261067273873e-02 2.913414500353713778e-03 6.255050240070071524e-04
2.260502731182705005e-02 2.331662960596213655e-02 2.864707086833123782e-03 6.286325491270420771e-04
2.271805244838618482e-02 2.303533477348881919e-02 2.830001424168015773e-03 6.317757118726772354e-04
2.283164271062811460e-02 3.158307727594261705e-02 3.304290190681164526e-03 6.349345904320405831e-04
2.294580092418125120e-02 2.527319573049563797e-02 3.004806668241936669e-03 6.381092633842007193e-04
2.306052992880215646e-02 3.110339391918273341e-02 3.339868092839094228e-03 6.412998097011215950e-04
2.317583257844616634e-02 2.634544227734779073e-02 2.939271323200806640e-03 6.445063087496271954e-04
2.329171174133839312e-02 2.607293373244654738e-02 2.975602070123514135e-03 6.477288402933752218e-04
2.340817030004507804e-02 2.351878244886392022e-02 2.727973638473557734e-03 6.509674844948419407e-04
2.352521115154530135e-02 2.804867603356226910e-02 3.045718073596476779e-03 6.542223219173160312e-04
2.364283720730302879e-02 2.741445208758400143e-02 2.899281865753154143e-03 6.574934335269027328e-04
2.376105139333953981e-02 2.795380378671074792e-02 2.999971724079880837e-03 6.607809006945371006e-04
2.387985665030623386e-02 2.495776311386830454e-02 2.868665858023631155e-03 6.640848051980096202e-04
2.399925593355776293e-02 2.436241597815782395e-02 2.700356852316739865e-03 6.674052292239996288e-04
2.411925221322554908e-02 2.229475465337886833e-02 2.728365376682944342e-03 6.707422553701195781e-04
2.423984847429167672e-02 2.698920000911864819e-02 2.776891385938206822e-03 6.740959666469701402e-04
2.436104771666313187e-02 2.903847425571855559e-02 2.982327078323344233e-03 6.774664464802049616e-04
2.448285295524644731e-02 2.763236650595923827e-02 2.798795418039262684e-03 6.808537787126059350e-04
2.460526722002267380e-02 2.665149741748315884e-02 2.771970464217982100e-03 6.842580476061688784e-04
2.472829355612278512e-02 2.673527741388833853e-02 2.843614994761222998e-03 6.876793378441996242e-04
2.485193502390339870e-02 2.160015887060983547e-02 2.521996871607133997e-03 6.911177345334206228e-04
2.497619469902290917e-02 2.531732408337150284e-02 2.564137088605075287e-03 6.945733232060875232e-04
2.510107567251802091e-02 2.742147465340705886e-02 2.631791819306301267e-03 6.980461898221178947e-04
2.522658105088061015e-02 2.546903967980466282e-02 2.540239821630170276e-03 7.015364207712284066e-04
2.535271395613501039e-02 2.429120210302140176e-02 2.472733114306292258e-03 7.050441028750844760e-04
2.547947752591567944e-02 2.226617564589428513e-02 2.315392422584171533e-03 7.085693233894597813e-04
2.560687491354525849e-02 1.881916409425750045e-02 2.125415517297941752e-03 7.121121700064070520e-04
2.573490928811298165e-02 1.718771418141212468e-02 2.020467069514085209e-03 7.156727308564390499e-04
2.586358383455354334e-02 1.587003268621170818e-02 2.002619327456216843e-03 7.192510945107211508e-04
2.599290175372630934e-02 2.503259706887481575e-02 2.402843613705332206e-03 7.228473499832746606e-04
2.612286626249493704e-02 1.893844745955347922e-02 2.086284752249774506e-03 7.264615867331909727e-04
2.625348059380740867e-02 1.902552229270779161e-02 2.070815078291404765e-03 7.300938946668567844e-04
2.638474799677644617e-02 1.790462259128625805e-02 1.997013863917504115e-03 7.337443641401911317e-04
2.651667173676032496e-02 1.952404535951930004e-02 2.100410480198395408e-03 7.374130859608919644e-04
2.664925509544412152e-02 1.371072677033668627e-02 1.819835279566516320e-03 7.411001513906962735e-04
2.678250137092134248e-02 1.922726392757018871e-02 2.081119288158710633e-03 7.448056521476497608e-04
2.691641387777594235e-02 1.548958936890537652e-02 1.947549510679526252e-03 7.485296804083878914e-04
2.705099594716482009e-02 1.430424093472254174e-02 1.827894997795165549e-03 7.522723288104297404e-04
2.718625092690064166e-02 1.463117790424024907e-02 1.745162785652817081e-03 7.560336904544818137e-04
2.732218218153514150e-02 1.500171628846642437e-02 1.752083304756737190e-03 7.598138589067541214e-04
2.745879309244281599e-02 1.467468674260314666e-02 1.757175508592749872e-03 7.636129282012878508e-04
2.759608705790502631e-02 1.128483073692376944e-02 1.554001241571099446e-03 7.674309928422942077e-04
2.773406749319454884e-02 1.213263549000414415e-02 1.550416274216964447e-03 7.712681478065056169e-04
2.787273783066051419e-02 1.113004297610041028e-02 1.458711188611933919e-03 7.751244885455379824e-04
2.801210151981381458e-02 1.239331901585179370e-02 1.558559756912598080e-03 7.790001109882655232e-04
2.815216202741288587e-02 7.705989472490574338e-03 1.216317245430193709e-03 7.828951115432069945e-04
2.829292283754994419e-02 6.859513674251397145e-03 1.343460522574126863e-03 7.868095871009228581e-04
2.843438745173769086e-02 9.340313005324016662e-03 1.346053770961165184e-03 7.907436350364273076e-04
2.857655938899637815e-02 7.932477796977144280e-03 1.291351845212152264e-03 7.946973532116093997e-04
2.871944218594135734e-02 6.780747838486899867e-03 1.128431748950377463e-03 7.986708399776674136e-04
2.886303939687106038e-02 7.234210364378546032e-03 1.171861294088077628e-03 8.026641941775556786e-04
2.900735459385541531e-02 9.213948040328375638e-03 1.363148407409919393e-03 8.066775151484434359e-04
2.915239136682468840e-02 6.456102852121837522e-03 1.089824278072045729e-03 8.107109027241855186e-04
2.929815332365880848e-02 6.534446628838219522e-03 1.087665494107894169e-03 8.147644572378063676e-04
2.944464409027709728e-02 5.941862864123056975e-03 1.107445173363884316e-03 8.188382795239952140e-04
2.959186731072847854e-02 7.747050619900071496e-03 1.179970727807809266e-03 8.229324709216151402e-04
2.973982664728212072e-02 7.778164820221724479e-03 1.171180324350217655e-03 8.270471332762231991e-04
2.988852578051852740e-02 8.013168006041997832e-03 1.193102555942221650e-03 8.311823689426041948e-04
3.003796840942111676e-02 7.447994216445319449e-03 1.147916884211649339e-03 8.353382807873171480e-04
3.018815825146821744e-02 3.877886073323028732e-03 8.911754306875885843e-04 8.395149721912535798e-04
3.033909904272555358e-02 5.202644080355227005e-03 1.039333900200258010e-03 8.437125470522096726e-04
3.049079453793918093e-02 6.108781724254020232e-03 1.031387242079099317e-03 8.479311097874706830e-04
3.064324851062887045e-02 5.151908948228664173e-03 9.395269817410405568e-04 8.521707653364079312e-04
3.079646475318201237e-02 3.806655875677876933e-03 9.145290628753721977e-04 8.564316191630898852e-04
3.095044707694791924e-02 5.299640253105418995e-03 9.507198892834607153e-04 8.607137772589052794e-04
3.110519931233265631e-02 6.266475106720568664e-03 1.028801594931794561e-03 8.650173461451996773e-04
3.126072530889431600e-02 4.302033794172077305e-03 9.194652506302526153e-04 8.693424328759255873e-04
3.141702893543878161e-02 4.385269592528619718e-03 9.170753032820476392e-04 8.736891450403050461e-04
3.157411408011597670e-02 5.306642517371219954e-03 9.369281513788216536e-04 8.780575907655066223e-04
3.173198465051654815e-02 4.165683299209301318e-03 8.320737749840578443e-04 8.824478787193339125e-04
3.189064457376912520e-02 5.282485606451830552e-03 1.016296249146657381e-03 8.868601181129304092e-04
3.205009779663797742e-02 5.953803541114319718e-03 9.909664332772361636e-04 8.912944187034952098e-04
3.221034828562116537e-02 6.528212925691421337e-03 1.043941822988971079e-03 8.957508907970127129e-04
3.237140002704926023e-02 4.783489353451652638e-03 9.027664207079263373e-04 9.002296452509974930e-04
3.253325702718450757e-02 7.481238459463394712e-03 1.139362342301973108e-03 9.047307934772525102e-04
3.269592331232042820e-02 5.204580904626692449e-03 1.082438881893721264e-03 9.092544474446387056e-04
3.285940292888202274e-02 7.162821080180073290e-03 1.145438190499000614e-03 9.138007196818616167e-04
3.302369994352642724e-02 4.894530083889146732e-03 1.093270335424214581e-03 9.183697232802707881e-04
3.318881844324406138e-02 4.297838460798393372e-03 8.583372361439485032e-04 9.229615718966721919e-04
3.335476253546027642e-02 8.222944529936363281e-03 1.185088927766856986e-03 9.275763797561553930e-04
3.352153634813757888e-02 8.087865844286171862e-03 1.165551636051193616e-03 9.322142616549362187e-04
3.368914402987825685e-02 8.121369842906756356e-03 1.158317049063770261e-03 9.368753329632105963e-04
3.385758975002764459e-02 8.016493767357744590e-03 1.143304909229724648e-03 9.415597096280266037e-04
3.402687769877778268e-02 8.788425924790696162e-03 1.193927443105671955e-03 9.462675081761667134e-04
3.419701208727166097e-02 6.727751789062759273e-03 1.036299755066403356e-03 9.509988457170472738e-04
3.436799714770802372e-02 5.139879963522516089e-03 9.574951749386903174e-04 9.557538399456326278e-04
3.453983713344655621e-02 8.428602686342852660e-03 1.144900887690382049e-03 9.605326091453606158e-04
3.471253631911378618e-02 6.949494301882399791e-03 1.022773089700511817e-03 9.653352721910872687e-04
3.488609900070935299e-02 6.168888010316691921e-03 9.615715648127010984e-04 9.701619485520426682e-04
3.506052949571289434e-02 7.260584494272466320e-03 1.073556732656343396e-03 9.750127582948027449e-04
3.523583214319145340e-02 8.575962771247525387e-03 1.123899319544343278e-03 9.798878220862766893e-04
3.541201130390740637e-02 7.095580189983133161e-03 1.060787142126264201e-03 9.847872611967079144e-04
3.558907136042693820e-02 6.759159752844913840e-03 9.840061219318259073e-04 9.897111975026911743e-04
3.576701671722907344e-02 6.051573982231832523e-03 9.319560950742473635e-04 9.946597534902046431e-04
3.594585180081521364e-02 5.405681529980522863e-03 9.417809093889597779e-04 9.996330522576556566e-04
3.612558105981928530e-02 6.774629886833197050e-03 9.862746257471928686e-04 1.004631217518943799e-03
3.630620896511838058e-02 6.154943782480258065e-03 9.261076567982434119e-04 1.009654373606538522e-03
3.648774000994396693e-02 4.410053576446865652e-03 7.781003437436647113e-04 1.014702645474571067e-03
3.667017870999368656e-02 6.195277669296415934e-03 9.217840774369729945e-04 1.019776158701943746e-03
3.685352960354364854e-02 5.913056635721294051e-03 9.000571770064521443e-04 1.024875039495453310e-03
3.703779725156136626e-02 5.756205261922653187e-03 8.865618293698215293e-04 1.029999414692930578e-03
3.722298623781916671e-02 6.231158711904051864e-03 9.171027275790286440e-04 1.035149411766395034e-03
3.740910116900825200e-02 5.556410004349902725e-03 8.662244608651289025e-04 1.040325158825226772e-03
3.759614667485329520e-02 4.241328640828763256e-03 8.156573213832586699e-04 1.045526784619352960e-03
3.778412740822754967e-02 5.370315282330105112e-03 8.372821832178108884e-04 1.050754418542449494e-03
3.797304804526868693e-02 5.865126658707793192e-03 8.729218584749873049e-04 1.056008190635161726e-03
3.816291328549503009e-02 4.159878201823994683e-03 7.342117858622303466e-04 1.061288231588337341e-03
3.835372785192249501e-02 3.050853622845120603e-03 6.834500342951201806e-04 1.066594672746278743e-03
3.854549649118210741e-02 3.518319618906972333e-03 7.203036820008325899e-04 1.071927646110010192e-03
3.873822397363801268e-02 3.443480532130385394e-03 6.617581739216637756e-04 1.077287284340560118e-03
3.893191509350620028e-02 2.552059365798937766e-03 5.698831073840446683e-04 1.082673720762262950e-03
3.912657466897372788e-02 3.026460960959696279e-03 6.169508481065112421e-04 1.088087089366074171e-03
3.932220754231859072e-02 3.118142279115249105e-03 6.228582525190867010e-04 1.093527524812904243e-03
3.951881858003018083e-02 2.931338329072150951e-03 5.976179384088093662e-04 1.098995162436968787e-03
3.971641267293032906e-02 3.748825379024075480e-03 6.836475839917890724e-04 1.104490138249153517e-03
3.991499473629497863e-02 2.914582729853795219e-03 6.531290803729135255e-04 1.110012588940399118e-03
4.011456970997644145e-02 3.563726867704542466e-03 6.610298377089640891e-04 1.115562651885100868e-03
4.031514255852632067e-02 2.315861926428157067e-03 5.307220860451021061e-04 1.121140465144526265e-03
4.051671827131894665e-02 2.057131728871482504e-03 5.797088138789822888e-04 1.126746167470248691e-03
4.071930186267554153e-02 1.326364383198433503e-03 3.995012203144797901e-04 1.132379898307599945e-03
4.092289837198891111e-02 2.765502507833613247e-03 5.760520695200652347e-04 1.138041797799137743e-03
4.112751286384885852e-02 2.732424885994141992e-03 5.691730010849345173e-04 1.143732006788133592e-03
4.133315042816809726e-02 1.852690552833997917e-03 5.315329983388556280e-04 1.149450666822074115e-03
4.153981618030892775e-02 8.312356191991404674e-04 4.277221048063550640e-04 1.155197920156184272e-03
4.174751526121046885e-02 1.977120272029283393e-03 4.790410248753234094e-04 1.160973909756964897e-03
4.195625283751651391e-02 2.244014677595596724e-03 5.142957937432089720e-04 1.166778779305749532e-03
4.216603410170409461e-02 1.162857447216351621e-03 5.448665227240586696e-04 1.172612673202278388e-03
4.237686427221261376e-02 1.862263983805573101e-03 4.650840096334761943e-04 1.178475736568289660e-03
4.258874859357367204e-02 2.338231214336467488e-03 5.222912735028307661e-04 1.184368115251131000e-03
4.280169233654153305e-02 2.214602231070913682e-03 5.075156100331662838e-04 1.190289955827386397e-03
4.301570079822424064e-02 2.903747699507277982e-03 5.801184324082472475e-04 1.196241405606523426e-03
4.323077930221535387e-02 2.297020205145237914e-03 5.130347288641758227e-04 1.202222612634555685e-03
4.344693319872642429e-02 3.201435012748739869e-03 6.659215432187778850e-04 1.208233725697728436e-03
4.366416786472004929e-02 3.430541125706452251e-03 6.255832894712810149e-04 1.214274894326216811e-03
4.388248870404365398e-02 2.479364415785443795e-03 5.279483586885231998e-04 1.220346268797848103e-03
4.410190114756386282e-02 2.633861929317832685e-03 5.485187879211763382e-04 1.226448000141837054e-03
4.432241065330168317e-02 2.032985666907413148e-03 4.785470820315606459e-04 1.232580240142546303e-03
4.454402270656818152e-02 1.650600533830436567e-03 4.931682202049919280e-04 1.238743141343258761e-03
4.476674282010102007e-02 2.833162828392981562e-03 5.658755913231636918e-04 1.244936857049974916e-03
4.499057653420152070e-02 2.867124880874922024e-03 5.726345907120517897e-04 1.251161541335224676e-03
4.521552941687251997e-02 3.183826415354457703e-03 6.621124923990033724e-04 1.257417349041900457e-03
4.544160706395687643e-02 2.833708479696751825e-03 5.659381322537990460e-04 1.263704435787109783e-03
4.566881509927665783e-02 2.898213608420635232e-03 5.788151417396825930e-04 1.270022957966045240e-03
4.589715917477303619e-02 3.155011757129740513e-03 6.063199213047162396e-04 1.276373072755875460e-03
4.612664497064689756e-02 2.275985307001816664e-03 5.981285366900142243e-04 1.282754938119654757e-03
4.635727819550012480e-02 1.612613116760819700e-03 5.399733192904596470e-04 1.289168712810252705e-03
4.658906458647761595e-02 3.919430278933762161e-03 7.029842704414409737e-04 1.295614556374303670e-03
4.682200990941000340e-02 2.355534390184712938e-03 5.885328485866681740e-04 1.302092629156175211e-03
4.705611995895704613e-02 2.559937180757626725e-03 5.450210968511903960e-04 1.308603092301955989e-03
4.729140055875183379e-02 1.913884365419078271e-03 5.284132421575765811e-04 1.315146107763465796e-03
4.752785756154558061e-02 2.571029803336390748e-03 5.473745953077786526e-04 1.321721838302282719e-03
4.776549684935330747e-02 2.936818149113576849e-03 5.865376810748651644e-04 1.328330447493794152e-03
4.800432433360006523e-02 1.880148244371384995e-03 4.694426754487116471e-04 1.334972099731262987e-03
4.824434595526806702e-02 2.751893166607947971e-03 5.730837810821180940e-04 1.341646960229919174e-03
4.848556768504440340e-02 2.700132912680346282e-03 5.749532343570610020e-04 1.348355195031068635e-03
4.872799552346961799e-02 2.166411936035698201e-03 5.100180147546046509e-04 1.355096971006223856e-03
4.897163550108696306e-02 1.405689089418344154e-03 4.053025904603013837e-04 1.361872455861254860e-03
4.921649367859239066e-02 1.030153281768611496e-03 3.429866443478891578e-04 1.368681818140561005e-03
4.946257614698534866e-02 2.061090730008827924e-03 5.603336419686631145e-04 1.375525227231263591e-03
4.970988902772026374e-02 1.726293363137530300e-03 5.268044818926008758e-04 1.382402853367419721e-03
4.995843847285886402e-02 1.418168080598371543e-03 4.089616538602605352e-04 1.389314867634256758e-03
5.020823066522315387e-02 1.285584624797999568e-03 3.872258575717162153e-04 1.396261441972427826e-03
5.045927181854926308e-02 9.315013210533056292e-04 3.290019745770408574e-04 1.403242749182289847e-03
5.071156817764200381e-02 1.527407415517939441e-03 4.232272517156780104e-04 1.410258962928201106e-03
5.096512601853020463e-02 1.884691627220210419e-03 4.707671684491265287e-04 1.417310257742841794e-03
5.121995164862284955e-02 1.189404812797669256e-03 3.757989379952187650e-04 1.424396809031556023e-03
5.147605140686596636e-02 1.778245518209188797e-03 4.587663002806644202e-04 1.431518793076713789e-03
5.173343166390028530e-02 9.640210352027367945e-04 3.405681622116883862e-04 1.438676387042097000e-03
5.199209882221978579e-02 1.104234438535202237e-03 3.677922400563736287e-04 1.445869768977307412e-03
5.225205931633088163e-02 8.631418760260429340e-04 3.259961468780435282e-04 1.453099117822193856e-03
5.251331961291252903e-02 1.001572394237342477e-03 3.538661453225472255e-04 1.460364613411304626e-03
5.277588621097707711e-02 1.175529055158575217e-03 4.601898354837851909e-04 1.467666436478360899e-03
