1.442977229909739312e-02 4.776576404752874705e-01 3.381235393939917289e-02 4.012704649402173062e-04
1.450192116059288022e-02 4.978546685103517055e-01 3.271190410184571934e-02 4.032768172649183846e-04
1.457443076639584369e-02 4.587147002095368631e-01 3.271974379918884263e-02 4.052932013512429541e-04
1.464730292022782196e-02 5.189406677447684357e-01 3.324234080849829825e-02 4.073196673579991653e-04
1.472053943482895880e-02 4.727643918266108414e-01 3.183556279101915076e-02 4.093562656947890752e-04
1.479414213200310087e-02 4.400394239535323493e-01 2.910443404055050240e-02 4.114030470232629601e-04
1.486811284266311567e-02 4.620157417551806200e-01 3.022856392669970998e-02 4.134600622583792674e-04
1.494245340687642976e-02 4.117774232534912593e-01 2.824956610374465896e-02 4.155273625696710715e-04
1.501716567391080982e-02 4.008213451092333401e-01 2.735684886345112268e-02 4.176049993825194161e-04
1.509225150228036064e-02 3.454452182385696069e-01 2.515944335037665833e-02 4.196930243794319126e-04
1.516771275979176062e-02 3.654508572015132684e-01 2.554907369791489455e-02 4.217914895013289843e-04
1.524355132359071774e-02 3.500872785561097156e-01 2.418987352772162050e-02 4.239004469488355845e-04
1.531976908020867001e-02 3.751326803374265273e-01 2.520515921430091510e-02 4.260199491835797454e-04
1.539636792560971322e-02 3.616644748609629256e-01 2.487267128364002364e-02 4.281500489294976322e-04
1.547334976523776114e-02 3.241728539532848785e-01 2.323533967087762844e-02 4.302907991741451027e-04
1.555071651406394681e-02 2.939081834906936974e-01 2.181654952611853521e-02 4.324422531700157718e-04
1.562847009663426504e-02 3.018404237940127133e-01 2.170053238814294641e-02 4.346044644358657981e-04
1.570661244711743509e-02 2.986264169095174670e-01 2.142459698652166011e-02 4.367774867580450672e-04
1.578514550935301852e-02 3.017113789242699129e-01 2.131701383680239051e-02 4.389613741918352058e-04
1.586407123689978493e-02 2.562663493002254045e-01 1.964779121004665147e-02 4.411561810627944260e-04
1.594339159308428081e-02 3.117618426323843783e-01 2.114329524360572185e-02 4.433619619681082786e-04
1.602310855104970011e-02 2.467427896566474765e-01 1.958900798974431978e-02 4.455787717779488089e-04
1.610322409380494577e-02 2.633084875717541795e-01 1.894155016070063133e-02 4.478066656368384288e-04
1.618374021427396864e-02 2.617643662835996143e-01 1.937015704255657875e-02 4.500456989650225711e-04
1.626465891534533553e-02 2.340574717198228016e-01 1.793683591741440653e-02 4.522959274598476018e-04
1.634598220992206086e-02 2.312950377866904994e-01 1.746997420111714994e-02 4.545574070971468103e-04
1.642771212097167421e-02 2.219093205660418178e-01 1.658144495006878480e-02 4.568301941326326329e-04
1.650985068157653085e-02 1.988377192757284639e-01 1.557421558893057507e-02 4.591143451032957622e-04
1.659239993498441007e-02 1.854276341445824927e-01 1.480133658768012679e-02 4.614099168288121155e-04
1.667536193465932876e-02 2.123749002926759444e-01 1.556801555882050131e-02 4.637169664129560929e-04
1.675873874433262550e-02 1.918885919741393498e-01 1.489582444908096881e-02 4.660355512450208818e-04
1.684253243805428762e-02 1.743412231959498848e-01 1.399343548086945214e-02 4.683657290012459718e-04
1.692674510024455570e-02 1.664380478427660570e-01 1.328861662641919565e-02 4.707075576462520965e-04
1.701137882574577792e-02 1.544551358528753471e-01 1.277607617525801029e-02 4.730610954344833304e-04
1.709643571987450386e-02 1.603260887280697489e-01 1.268062408395272123e-02 4.754264009116556918e-04
1.718191789847387657e-02 1.524926935346511414e-01 1.324582425300747240e-02 4.778035329162139849e-04
1.726782748796624328e-02 1.558483071535902431e-01 1.252620207962900148e-02 4.801925505807949851e-04
1.735416662540607141e-02 1.341104165651079427e-01 1.138756883711684702e-02 4.825935133336988641e-04
1.744093745853309702e-02 1.350032379549233608e-01 1.126169583462805455e-02 4.850064809003672281e-04
1.752814214582576469e-02 1.427135537442080215e-01 1.178292319628205555e-02 4.874315133048691255e-04
1.761578285655489295e-02 1.136478712311826816e-01 1.021245025933324030e-02 4.898686708713934513e-04
1.770386177083766582e-02 1.087259069940075124e-01 9.928772482441491909e-03 4.923180142257504045e-04
1.779238107969184982e-02 1.111079275225278912e-01 1.010888882289358130e-02 4.947796042968790166e-04
1.788134298509030939e-02 1.086238632417411282e-01 9.580563990344207956e-03 4.972535023183633548e-04
1.797074970001575484e-02 9.622445080678855567e-02 8.954349581496736515e-03 4.997397698299550122e-04
1.806060344851583357e-02 1.001725540810488868e-01 9.088253904904987010e-03 5.022384686791048691e-04
1.815090646575841238e-02 7.643458125126144365e-02 8.158824557275257475e-03 5.047496610225003831e-04
1.824166099808720298e-02 9.033217201765630922e-02 8.371044011470037821e-03 5.072734093276127457e-04
1.833286930307763407e-02 8.333223068781994702e-02 7.966890250495996251e-03 5.098097763742507607e-04
1.842453364959302162e-02 6.710371617515088760e-02 7.060622675804656932e-03 5.123588252561219868e-04
1.851665631784098556e-02 7.335249204730082129e-02 7.579035805047895126e-03 5.149206193824025545e-04
1.860923959943018915e-02 7.633556749744019321e-02 7.436984369386195892e-03 5.174952224793144626e-04
1.870228579742733849e-02 6.302672420180716051e-02 6.707585491264071373e-03 5.200826985917110078e-04
1.879579722641447001e-02 5.446201244323021357e-02 6.079412474658284216e-03 5.226831120846694772e-04
1.888977621254653988e-02 5.212119542852036713e-02 6.072221038516024613e-03 5.252965276450927319e-04
1.898422509360927352e-02 6.291344220756885097e-02 6.514126830118613029e-03 5.279230102833182715e-04
1.907914621907731700e-02 4.341888840670507510e-02 5.484814044148670145e-03 5.305626253347347793e-04
1.917454195017270074e-02 3.978076862879374037e-02 5.283536906699783965e-03 5.332154384614083177e-04
1.927041465992356331e-02 4.653477944601745048e-02 5.700356392795028447e-03 5.358815156537153528e-04
1.936676673322317715e-02 4.249153300734040406e-02 5.325932629177861088e-03 5.385609232319838032e-04
1.946360056688929002e-02 3.516647000061687983e-02 4.572246987720521121e-03 5.412537278481436296e-04
1.956091856972373699e-02 3.281224573037134357e-02 4.459533765792361715e-03 5.439599964873843624e-04
1.965872316257235436e-02 3.200861547351813163e-02 4.350379282183820286e-03 5.466797964698213042e-04
1.975701677838521270e-02 2.508124823274346729e-02 3.820154934708820411e-03 5.494131954521702969e-04
1.985580186227713789e-02 2.866351711110173492e-02 4.238163571945826290e-03 5.521602614294310535e-04
1.995508087158852362e-02 3.666062941463758135e-02 4.707969177609462944e-03 5.549210627365782971e-04
2.005485627594646297e-02 2.588740073141305650e-02 3.693828132433820115e-03 5.576956680502610309e-04
2.015513055732619241e-02 3.293505174340838337e-02 4.246919768778212138e-03 5.604841463905123247e-04
2.025590621011282011e-02 2.140621330546626025e-02 3.339208972422999088e-03 5.632865671224647399e-04
2.035718574116338053e-02 2.444463623292977145e-02 3.599954973585923947e-03 5.661029999580769216e-04
2.045897166986919424e-02 1.981613090183580173e-02 3.210855065663150137e-03 5.689335149578672373e-04
2.056126652821854001e-02 2.358531680872495359e-02 3.568719753784477255e-03 5.717781825326566326e-04
2.066407286085962872e-02 2.028387668527611987e-02 3.126161924120298644e-03 5.746370734453197255e-04
2.076739322516392428e-02 2.545249898906570829e-02 3.491986556174385501e-03 5.775102588125463100e-04
2.087123019128974549e-02 2.170429637212175494e-02 3.196244427326111991e-03 5.803978101066090394e-04
2.097558634224619065e-02 1.937745749814246896e-02 3.022463888078334802e-03 5.832997991571420597e-04
2.108046427395741940e-02 1.832236245099378921e-02 2.893320893753918537e-03 5.862162981529276664e-04
2.118586659532720531e-02 2.068549466125093120e-02 3.045938607677212574e-03 5.891473796436922858e-04
2.129179592830383883e-02 1.980646565641566367e-02 2.948638469551853949e-03 5.920931165419106952e-04
2.139825490794535628e-02 1.766646417173324546e-02 2.755295282342556072e-03 5.950535821246202188e-04
2.150524618248508130e-02 2.890426371995726690e-02 3.526297986898408766e-03 5.980288500352432717e-04
2.161277241339750604e-02 1.623243184389487961e-02 2.753790431010840617e-03 6.010189942854194441e-04
2.172083627546448834e-02 2.024309092837349791e-02 2.887626498564075349e-03 6.040240892568463690e-04
2.182944045684180601e-02 2.131725446708615523e-02 3.054913609799919140e-03 6.070442097031304544e-04
2.193858765912601316e-02 2.054934244216425829e-02 2.845274978367711999e-03 6.100794307516460742e-04
2.204828059742164337e-02 1.683935016562614073e-02 2.534540269672041699e-03 6.131298279054042981e-04
2.215852200040874936e-02 1.706694910423738748e-02 2.703972347866952057e-03 6.161954770449312724e-04
2.226931461041078975e-02 2.084813304215837881e-02 2.955476743576508809e-03 6.192764544301558160e-04
2.238066118346284175e-02 2.627188091979450538e-02 3.090749119132668848e-03 6.223728367023065571e-04
2.249256448938015407e-02 1.963992182195808955e-02 2.667849871231333519e-03 6.254847008858180693e-04
2.260502731182705005e-02 2.756010498109907197e-02 3.114730106240660816e-03 6.286121243902469818e-04
2.271805244838618482e-02 2.474652265831396233e-02 2.931241135589400179e-03 6.317551850121981734e-04
2.283164271062811460e-02 2.393247022954377023e-02 2.875485838331888824e-03 6.349139609372592054e-04
2.294580092418125120e-02 2.849146451130315019e-02 3.102442404036219806e-03 6.380885307419453811e-04
2.306052992880215646e-02 2.566448745170862855e-02 2.937799164272251237e-03 6.412789733956551037e-04
2.317583257844616634e-02 2.484181933387989358e-02 2.932519978281012372e-03 6.444853682626332583e-04
2.329171174133839312e-02 2.201259711014298681e-02 2.663680035182096253e-03 6.477077951039464116e-04
2.340817030004507804e-02 2.321465124556414475e-02 2.711077463073006261e-03 6.509463340794659257e-04
2.352521115154530135e-02 2.404638649643530898e-02 2.752072312708777214e-03 6.542010657498632158e-04
2.364283720730302879e-02 2.597751834902550447e-02 2.889874207591682301e-03 6.574720710786124880e-04
2.376105139333953981e-02 2.691773140147712615e-02 2.879170575175993545e-03 6.607594314340054040e-04
2.387985665030623386e-02 2.452127068054581194e-02 2.685140134888452327e-03 6.640632285911753953e-04
2.399925593355776293e-02 2.402424850989372945e-02 2.679453812376130818e-03 6.673835447341311920e-04
2.411925221322554908e-02 2.466956946476062812e-02 2.761110468697598307e-03 6.707204624578017374e-04
2.423984847429167672e-02 2.122996082361337453e-02 2.559737523081359340e-03 6.740740647700907504e-04
2.436104771666313187e-02 2.461059349440214775e-02 2.662815998858446710e-03 6.774444350939411554e-04
2.448285295524644731e-02 2.147633338938651285e-02 2.628233286767311504e-03 6.808316572694108953e-04
2.460526722002267380e-02 2.760894192778137052e-02 2.880779360722415892e-03 6.842358155557577443e-04
2.472829355612278512e-02 2.188878291369626347e-02 2.780072756852620692e-03 6.876569946335364799e-04
2.485193502390339870e-02 2.038572437370414145e-02 2.448221883565892317e-03 6.910952796067041867e-04
2.497619469902290917e-02 2.399916749821432577e-02 2.495801238197738192e-03 6.945507560047374865e-04
2.510107567251802091e-02 2.717277168562919065e-02 2.620080618013187826e-03 6.980235097847611522e-04
2.522658105088061015e-02 2.312255241807166170e-02 2.417552306141619763e-03 7.015136273336848539e-04
2.535271395613501039e-02 2.327862828311572790e-02 2.420627779234147976e-03 7.050211954703532397e-04
2.547947752591567944e-02 2.320558822064355819e-02 2.434973974878003843e-03 7.085463014477047993e-04
2.560687491354525849e-02 2.791476323171781723e-02 2.678783806675585390e-03 7.120890329549434128e-04
2.573490928811298165e-02 2.336499805978128549e-02 2.354249936559327152e-03 7.156494781197180301e-04
2.586358383455354334e-02 2.296265773317690204e-02 2.425356718068019581e-03 7.192277255103164462e-04
2.599290175372630934e-02 1.998962757853242275e-02 2.196292840364727321e-03 7.228238641378680746e-04
2.612286626249493704e-02 1.973988499360166196e-02 2.254039622939248578e-03 7.264379834585572371e-04
2.625348059380740867e-02 2.123913059458834920e-02 2.185330804297849327e-03 7.300701733758500076e-04
2.638474799677644617e-02 2.460621616006596415e-02 2.340503650383174254e-03 7.337205242427291855e-04
2.651667173676032496e-02 1.814299058559856043e-02 2.023698485507241605e-03 7.373891268639428233e-04
2.664925509544412152e-02 2.332746867380188285e-02 2.293378889700203697e-03 7.410760724982624024e-04
2.678250137092134248e-02 2.170579562992367914e-02 2.210709569031119905e-03 7.447814528607536949e-04
2.691641387777594235e-02 2.138588689527683856e-02 2.288162691067744964e-03 7.485053601250572742e-04
2.705099594716482009e-02 1.628553693281389880e-02 2.008698799218452870e-03 7.522478869256824701e-04
2.718625092690064166e-02 1.689909665749254192e-02 1.873809094197814414e-03 7.560091263603108645e-04
2.732218218153514150e-02 1.501132667483508036e-02 1.753205723417845243e-03 7.597891719921122562e-04
2.745879309244281599e-02 1.694680079755302507e-02 1.898073215192138752e-03 7.635881178520727676e-04
2.759608705790502631e-02 1.319358009990639034e-02 1.620788018694500334e-03 7.674060584413330355e-04
2.773406749319454884e-02 1.261076680114063889e-02 1.631755716234397670e-03 7.712430887335396286e-04
2.787273783066051419e-02 1.323591180228616063e-02 1.590430427597138785e-03 7.750993041772071988e-04
2.801210151981381458e-02 1.874008484043417772e-02 1.956447568341467252e-03 7.789748006980931009e-04
2.815216202741288587e-02 1.425205096498565610e-02 1.653902743169006649e-03 7.828696747015836130e-04
2.829292283754994419e-02 1.019491986118064610e-02 1.460818097006820774e-03 7.867840230750914330e-04
2.843438745173769086e-02 1.059729098962368561e-02 1.488394623685462088e-03 7.907179431904668354e-04
2.857655938899637815e-02 1.089213460636717298e-02 1.440514692619583809e-03 7.946715329064191289e-04
2.871944218594135734e-02 1.091988624830515439e-02 1.431720529886645887e-03 7.986448905709511237e-04
2.886303939687106038e-02 1.066674024042164014e-02 1.423359441995225485e-03 8.026381150238057422e-04
2.900735459385541531e-02 1.080675981435786671e-02 1.417037895443828358e-03 8.066513055989247725e-04
2.915239136682468840e-02 9.380050826713637671e-03 1.311717064947967581e-03 8.106845621269193319e-04
2.929815332365880848e-02 8.897301937245152836e-03 1.269394268795428484e-03 8.147379849375537735e-04
2.944464409027709728e-02 7.324498786303087344e-03 1.156630742956097540e-03 8.188116748622414117e-04
2.959186731072847854e-02 8.450947991720242705e-03 1.231191387678726113e-03 8.229057332365524984e-04
2.973982664728212072e-02 7.077150131291489767e-03 1.117642318472254499e-03 8.270202619027352100e-04
2.988852578051852740e-02 5.685649423756619289e-03 1.003887090492137403e-03 8.311553632122487770e-04
3.003796840942111676e-02 7.085383532961835908e-03 1.199986106217073439e-03 8.353111400283099505e-04
3.018815825146821744e-02 5.550395028723010583e-03 9.800563557861704730e-04 8.394876957284513929e-04
3.033909904272555358e-02 6.228661996621035618e-03 1.036918355032987122e-03 8.436851342070935149e-04
3.049079453793918093e-02 5.119236076277382079e-03 1.007557445760422351e-03 8.479035598781289960e-04
3.064324851062887045e-02 3.056721907845759596e-03 8.766459170409445986e-04 8.521430776775194491e-04
3.079646475318201237e-02 5.020103895793304703e-03 9.311279036939200610e-04 8.564037930659069379e-04
3.095044707694791924e-02 5.973917444268858276e-03 1.008584365743380113e-03 8.606858120312364455e-04
3.110519931233265631e-02 4.396196659383308156e-03 8.609716042362736263e-04 8.649892410913925453e-04
3.126072530889431600e-02 4.913775348195554421e-03 9.110858563148941649e-04 8.693141872968494083e-04
3.141702893543878161e-02 5.038026552321537600e-03 9.730109220643463810e-04 8.736607582333334949e-04
3.157411408011597670e-02 3.979070127997515714e-03 9.069689537941933322e-04 8.780290620245001249e-04
3.173198465051654815e-02 4.134007689969272994e-03 9.581006862926712709e-04 8.824192073346224076e-04
3.189064457376912520e-02 3.953417729710677168e-03 8.059492409885381844e-04 8.868313033712953500e-04
3.205009779663797742e-02 4.623800929541465460e-03 8.726413835532520480e-04 8.912654598881520002e-04
3.221034828562116537e-02 4.184530348349727209e-03 9.306817870053348592e-04 8.957217871875927098e-04
3.237140002704926023e-02 4.775469196625725318e-03 9.931322264611749853e-04 9.002003961235304419e-04
3.253325702718450757e-02 5.386807449429271109e-03 9.662058048553322665e-04 9.047013981041481141e-04
3.269592331232042820e-02 5.019943447558046848e-03 9.648351938668834173e-04 9.092249050946687354e-04
3.285940292888202274e-02 4.842352536792268909e-03 1.012634408416117219e-03 9.137710296201419138e-04
3.302369994352642724e-02 5.529801024368734448e-03 1.083560107244407487e-03 9.183398847682425073e-04
3.318881844324406138e-02 4.539793906861632096e-03 9.492251104556445693e-04 9.229315841920836955e-04
3.335476253546027642e-02 4.614950340526976884e-03 8.868074713856801457e-04 9.275462421130440359e-04
3.352153634813757888e-02 4.893215431210674177e-03 9.966664065755212985e-04 9.321839733236092669e-04
3.368914402987825685e-02 5.853336901991643484e-03 1.038304168002084776e-03 9.368448931902270118e-04
3.385758975002764459e-02 4.572674111826889425e-03 8.627157135808823270e-04 9.415291176561780715e-04
3.402687769877778268e-02 6.671973074805024467e-03 1.040222089893624597e-03 9.462367632444589928e-04
3.419701208727166097e-02 6.240281990265330106e-03 9.974937278111198694e-04 9.509679470606808996e-04
3.436799714770802372e-02 7.769800587254759895e-03 1.107993903821764435e-03 9.557227867959844792e-04
3.453983713344655621e-02 6.697406068769686492e-03 1.088288564119930212e-03 9.605014007299641837e-04
3.471253631911378618e-02 7.869270475377311558e-03 1.089275680172884170e-03 9.653039077336138989e-04
3.488609900070935299e-02 8.409660794607677625e-03 1.180220339236644038e-03 9.701304272722819375e-04
3.506052949571289434e-02 7.929027756007829206e-03 1.076919250646775220e-03 9.749810794086431623e-04
3.523583214319145340e-02 6.486883137094337330e-03 9.760418892096565111e-04 9.798559848056861803e-04
3.541201130390740637e-02 7.625382077688847536e-03 1.055402106129819115e-03 9.847552647297146307e-04
3.558907136042693820e-02 7.896962594482803688e-03 1.062755720212013155e-03 9.896790410533630022e-04
3.576701671722907344e-02 6.057811950150604648e-03 9.973299617996853918e-04 9.946274362586297966e-04
3.594585180081521364e-02 6.830318200315657444e-03 1.043651111055388450e-03 9.996005734399229445e-04
3.612558105981928530e-02 6.320414447495182296e-03 9.509998176404780082e-04 1.004598576307122243e-03
3.630620896511838058e-02 6.006756099261168109e-03 9.142591053720821020e-04 1.009621569188657838e-03
3.648774000994396693e-02 7.861752358095226711e-03 1.039318518902287687e-03 1.014669677034601069e-03
3.667017870999368656e-02 6.187383359971434030e-03 9.206107013635583597e-04 1.019743025419773963e-03
3.685352960354364854e-02 7.010296634076853585e-03 9.798139005433546822e-04 1.024841740546872815e-03
3.703779725156136626e-02 6.218235635311201992e-03 9.624453901586699439e-04 1.029965949249607177e-03
3.722298623781916671e-02 5.677028127612910452e-03 8.744288705605954108e-04 1.035115778995854881e-03
3.740910116900825200e-02 8.395936183970656094e-03 1.064392861018778136e-03 1.040291357890833985e-03
3.759614667485329520e-02 6.227855106361401480e-03 9.068878153587740885e-04 1.045492814680288153e-03
3.778412740822754967e-02 6.803149962306869261e-03 9.418296721266635006e-04 1.050720278753689181e-03
3.797304804526868693e-02 5.137353149199958696e-03 8.591828485292002469e-04 1.055973880147457718e-03
3.816291328549503009e-02 4.844542264229086820e-03 8.337476874625287691e-04 1.061253749548195062e-03
3.835372785192249501e-02 6.142145385206583541e-03 8.945543987351013476e-04 1.066560018295935764e-03
3.854549649118210741e-02 5.760348403961417472e-03 8.574423052352208143e-04 1.071892818387415415e-03
3.873822397363801268e-02 4.591535919345588260e-03 7.641612521789710281e-04 1.077252282479352306e-03
3.893191509350620028e-02 4.725219419324072981e-03 7.757666915164826383e-04 1.082638543891749046e-03
3.912657466897372788e-02 5.030869598535119350e-03 7.943777508749326260e-04 1.088051736611207613e-03
3.932220754231859072e-02 3.234287531406627655e-03 6.335125926414158972e-04 1.093491995294263493e-03
3.951881858003018083e-02 2.443562137790606867e-03 6.902901540512224954e-04 1.098959455270734787e-03
3.971641267293032906e-02 4.373261566498340240e-03 7.383498363896333480e-04 1.104454252547088433e-03
3.991499473629497863e-02 3.731287557090475111e-03 6.804511902630847953e-04 1.109976523809823789e-03
4.011456970997644145e-02 2.997976736635261756e-03 6.558824387793854311e-04 1.115526406428872476e-03
4.031514255852632067e-02 2.798044008022055208e-03 5.828031924285792661e-04 1.121104038461016861e-03
4.051671827131894665e-02 2.905934430200549871e-03 5.925396418740779773e-04 1.126709558653321780e-03
4.071930186267554153e-02 3.489258882154491238e-03 6.472704743658629165e-04 1.132343106446588371e-03
4.092289837198891111e-02 1.803323122743362905e-03 4.651355394206916922e-04 1.138004821978821132e-03
4.112751286384885852e-02 2.611271415552409401e-03 5.561637432286868545e-04 1.143694846088715153e-03
4.133315042816809726e-02 2.283737965896676970e-03 5.233992692246803311e-04 1.149413320319158738e-03
4.153981618030892775e-02 1.707209128279063700e-03 5.102428453486176560e-04 1.155160386920754245e-03
4.174751526121046885e-02 1.789219070493531030e-03 5.133236833651696725e-04 1.160936188855357784e-03
4.195625283751651391e-02 1.889523471700055258e-03 4.719069562176698420e-04 1.166740869799634322e-03
4.216603410170409461e-02 2.322411134449572923e-03 5.187692945420980476e-04 1.172574574148632512e-03
4.237686427221261376e-02 6.980146012332858699e-04 2.846682533499693868e-04 1.178437447019375570e-03
4.258874859357367204e-02 1.401229033461537290e-03 4.948714712381177810e-04 1.184329634254472317e-03
4.280169233654153305e-02 1.514957638820604423e-03 5.074162936405283509e-04 1.190251282425744492e-03
4.301570079822424064e-02 1.969018822869934848e-03 4.770411892366435420e-04 1.196202538837873352e-03
4.323077930221535387e-02 2.066855755680647652e-03 4.865986090566120346e-04 1.202183551532062323e-03
4.344693319872642429e-02 1.832503828218320181e-03 4.575956066922699209e-04 1.208194469289722642e-03
4.366416786472004929e-02 2.280814780079306204e-03 5.093930058629325556e-04 1.214235441636170917e-03
4.388248870404365398e-02 1.691813289695062120e-03 4.362839362123608201e-04 1.220306618844352060e-03
4.410190114756386282e-02 2.513629432912383756e-03 5.352446478669715913e-04 1.226408151938573497e-03
4.432241065330168317e-02 1.805474542764358035e-03 5.285817728729186316e-04 1.232540192698266266e-03
4.454402270656818152e-02 1.945864512927742221e-03 5.482191505290197678e-04 1.238702893661757388e-03
4.476674282010102007e-02 2.037878203691466383e-03 4.796877306178125777e-04 1.244896408130066095e-03
4.499057653420152070e-02 2.061276130416151309e-03 4.851777704544781500e-04 1.251120890170716315e-03
4.521552941687251997e-02 1.593027897834376622e-03 4.251677708410647565e-04 1.257376494621569767e-03
4.544160706395687643e-02 2.152087837934426283e-03 4.930230341277327434e-04 1.263663377094677255e-03
4.566881509927665783e-02 2.195482522520949154e-03 5.029591112482540783e-04 1.269981693980150577e-03
4.589715917477303619e-02 3.203567421736705067e-03 6.558940773603527891e-04 1.276331602450051341e-03
4.612664497064689756e-02 2.013075292343770740e-03 6.675429230830880753e-04 1.282713260462301462e-03
4.635727819550012480e-02 2.723077533640988132e-03 5.797721279137380782e-04 1.289126826764612748e-03
4.658906458647761595e-02 3.334536770832610339e-03 6.972889405292771910e-04 1.295572460898435562e-03
4.682200990941000340e-02 1.575124093503131248e-03 4.362530171674815194e-04 1.302050323202927655e-03
4.705611995895704613e-02 3.118539638206551442e-03 7.451408499088027710e-04 1.308560574818942073e-03
4.729140055875183379e-02 2.682522562594745648e-03 6.271957286751454926e-04 1.315103377693036977e-03
4.752785756154558061e-02 3.147056710334991854e-03 6.047996815973416583e-04 1.321678894581501717e-03
4.776549684935330747e-02 3.645899862033882399e-03 6.539021368358567069e-04 1.328287289054409142e-03
4.800432433360006523e-02 8.690290986318020567e-04 4.914907161144411009e-04 1.334928725499680930e-03
4.824434595526806702e-02 3.224801454440962955e-03 6.198285337843536342e-04 1.341603369127179583e-03
4.848556768504440340e-02 2.986535333649670623e-03 6.532963623621062914e-04 1.348311385972815165e-03
4.872799552346961799e-02 2.410539546701721825e-03 5.383689351238904377e-04 1.355052942902679148e-03
4.897163550108696306e-02 2.693624309251211376e-03 5.609883394842513690e-04 1.361828207617192359e-03
4.921649367859239066e-02 2.738911266519475016e-03 5.584155953101040950e-04 1.368637348655278281e-03
4.946257614698534866e-02 3.201288246876376597e-03 6.043134186517951827e-04 1.375480535398554589e-03
4.970988902772026374e-02 1.614915688001317779e-03 4.311241070823545541e-04 1.382357938075547002e-03
4.995843847285886402e-02 1.883209970854116556e-03 4.703021893750008401e-04 1.389269727765924615e-03
5.020823066522315387e-02 2.577925177200299581e-03 5.490589707758797679e-04 1.396216076404754088e-03
5.045927181854926308e-02 1.972580538230421423e-03 5.559167552464227419e-04 1.403197156786777696e-03
5.071156817764200381e-02 1.294094610642100227e-03 3.898213453685010440e-04 1.410213142570711535e-03
5.096512601853020463e-02 1.996238200725896413e-03 4.837419589261291375e-04 1.417264208283564768e-03
5.121995164862284955e-02 2.139057691888930461e-03 5.037465711661763242e-04 1.424350529324982509e-03
5.147605140686596636e-02 7.099434288071387661e-04 2.895958342721648821e-04 1.431472281971607344e-03
5.173343166390028530e-02 1.446148691995154285e-03 5.899291448790685904e-04 1.438629643381465154e-03
5.199209882221978579e-02 1.842976912249789890e-03 4.754849713169545240e-04 1.445822791598372391e-03
5.225205931633088163e-02 1.473374257198862853e-03 4.250216690467442573e-04 1.453051905556364178e-03
5.251331961291252903e-02 1.626792903288090762e-03 4.508813341478109648e-04 1.460317165084145828e-03
5.277588621097707711e-02 1.749026111975455046e-03 4.671258907809115279e-04 1.467618750909566259e-03
