1.442977229909739312e-02 5.718923887040040510e-01 3.693169416098928542e-02 4.012835029382323475e-04
1.450192116059288022e-02 5.091900659401056295e-01 3.309907224629732303e-02 4.032899204529234965e-04
1.457443076639584369e-02 5.453527806137417056e-01 3.542880472691676413e-02 4.053063700551880698e-04
1.464730292022782196e-02 5.317423161684096122e-01 3.404087680716521430e-02 4.073329019054639909e-04
1.472053943482895880e-02 5.012506596204405751e-01 3.272445534477502055e-02 4.093695664149912751e-04
1.479414213200310087e-02 4.285010964502586894e-01 2.872310193537070538e-02 4.114164142470661261e-04
1.486811284266311567e-02 4.220117242356420384e-01 2.895216380446444596e-02 4.134734963183014293e-04
1.494245340687642976e-02 4.606577844414721512e-01 2.988284347855975701e-02 4.155408637998929378e-04
1.501716567391080982e-02 3.957300175034518253e-01 2.683122241701982671e-02 4.176185681188923421e-04
1.509225150228036064e-02 3.977507288377010730e-01 2.660098671519951080e-02 4.197066609594866829e-04
1.516771275979176062e-02 4.075308797684560891e-01 2.694531604587962342e-02 4.218051942642840526e-04
1.524355132359071774e-02 3.441834147161536017e-01 2.401385832052195177e-02 4.239142202356054761e-04
1.531976908020867001e-02 3.357784543576605163e-01 2.420152100682169613e-02 4.260337913367834599e-04
1.539636792560971322e-02 3.494609941436480072e-01 2.444414942652687814e-02 4.281639602934673712e-04
1.547334976523776114e-02 3.419249821141783219e-01 2.362760205210281961e-02 4.303047800949346725e-04
1.555071651406394681e-02 3.064561895149699455e-01 2.225952219623038297e-02 4.324563039954092570e-04
1.562847009663426504e-02 3.176072054581815518e-01 2.194848125113523646e-02 4.346185855153862892e-04
1.570661244711743509e-02 3.101013864216610738e-01 2.185512480341984462e-02 4.367916784429631718e-04
1.578514550935301852e-02 2.383234973774237264e-01 1.895706761369594581e-02 4.389756368351778850e-04
1.586407123689978493e-02 2.876077695084461872e-01 2.085155867434914170e-02 4.411705150193537760e-04
1.594339159308428081e-02 2.640282196156057970e-01 1.945343178072110948e-02 4.433763675944504758e-04
1.602310855104970011e-02 2.640160049531767861e-01 1.929552069356681512e-02 4.455932494324226748e-04
1.610322409380494577e-02 2.629763454815756130e-01 1.920340030833576905e-02 4.478212156795847000e-04
1.618374021427396864e-02 2.360977480221952696e-01 1.779045449356662922e-02 4.500603217579825731e-04
1.626465891534533553e-02 1.921477553584009790e-01 1.629060232402572070e-02 4.523106233667724104e-04
1.634598220992206086e-02 1.889772036867652660e-01 1.553790482154332811e-02 4.545721764836062502e-04
1.642771212097167421e-02 1.815155897528174522e-01 1.563685828845653297e-02 4.568450373660243313e-04
1.650985068157653085e-02 2.138907536183641267e-01 1.616528896539461135e-02 4.591292625528544183e-04
1.659239993498441007e-02 2.015376952904930907e-01 1.605665713761045277e-02 4.614249088656186080e-04
1.667536193465932876e-02 2.065476932454463344e-01 1.534965795443098656e-02 4.637320334099465872e-04
1.675873874433262550e-02 1.869062902873993015e-01 1.490527397120419706e-02 4.660506935769963169e-04
1.684253243805428762e-02 1.644498106974733032e-01 1.360172305730424948e-02 4.683809470448812760e-04
1.692674510024455570e-02 1.347464355380516010e-01 1.197068363130049384e-02 4.707228517801056197e-04
1.701137882574577792e-02 1.497986058116601571e-01 1.240597168690837047e-02 4.730764660390061145e-04
1.709643571987450386e-02 1.292524097699487007e-01 1.139372938262613044e-02 4.754418483692010654e-04
1.718191789847387657e-02 1.332303854544944210e-01 1.174523660721999568e-02 4.778190576110471046e-04
1.726782748796624328e-02 1.414632685782715171e-01 1.192496788938898593e-02 4.802081528991022138e-04
1.735416662540607141e-02 1.317549726576686120e-01 1.131118839850637527e-02 4.826091936635976912e-04
1.744093745853309702e-02 1.104379177012243113e-01 1.018477398664182840e-02 4.850222396319155398e-04
1.752814214582576469e-02 1.029092135135608876e-01 1.001889773243311819e-02 4.874473508300751793e-04
1.761578285655489295e-02 1.126318286209600922e-01 9.932215035019533594e-03 4.898845875842255254e-04
1.770386177083766582e-02 1.061109923483850304e-01 9.664736244875172383e-03 4.923340105221466097e-04
1.779238107969184982e-02 8.237279842591889445e-02 8.691879793899676479e-03 4.947956805747571627e-04
1.788134298509030939e-02 8.898574619424691468e-02 8.665475266819253064e-03 4.972696589776309795e-04
1.797074970001575484e-02 9.239214846535553916e-02 9.027563717636679849e-03 4.997560072725190303e-04
1.806060344851583357e-02 9.503774662799628625e-02 8.844447957391437035e-03 5.022547873088815474e-04
1.815090646575841238e-02 8.448785771970547531e-02 8.390376786485348806e-03 5.047660612454259654e-04
1.824166099808720298e-02 7.649145749339048006e-02 7.711988076243465884e-03 5.072898915516531023e-04
1.833286930307763407e-02 7.205234634001117522e-02 7.417766157652668814e-03 5.098263410094112545e-04
1.842453364959302162e-02 6.951240075113086780e-02 7.337879821029244867e-03 5.123754727144582072e-04
1.851665631784098556e-02 5.051282364389787088e-02 6.114878951787223495e-03 5.149373500780305086e-04
1.860923959943018915e-02 5.370534139249059924e-02 6.232517346457228276e-03 5.175120368284206584e-04
1.870228579742733849e-02 5.038257765836710173e-02 6.011937317772546308e-03 5.200995970125626457e-04
1.879579722641447001e-02 4.898081119095424457e-02 5.763317073702928749e-03 5.227000949976252919e-04
1.888977621254653988e-02 4.981126063403725629e-02 5.781589235038283280e-03 5.253135954726134010e-04
1.898422509360927352e-02 5.159735275235030616e-02 6.138677199919752130e-03 5.279401634499764984e-04
1.907914621907731700e-02 3.988408885004357529e-02 5.099252830623037663e-03 5.305798642672263522e-04
1.917454195017270074e-02 3.206991560825977333e-02 4.529013965254225643e-03 5.332327635885623007e-04
1.927041465992356331e-02 3.622046627715468092e-02 4.833564646726463444e-03 5.358989274065051453e-04
1.936676673322317715e-02 3.369920572706389117e-02 4.781411578199639377e-03 5.385784220435375479e-04
1.946360056688929002e-02 2.986688873925709420e-02 4.218265521014088332e-03 5.412713141537551630e-04
1.956091856972373699e-02 3.036813162022948195e-02 4.289266484446327583e-03 5.439776707245239486e-04
1.965872316257235436e-02 3.269155706639530201e-02 4.402621877140810297e-03 5.466975590781464767e-04
1.975701677838521270e-02 3.034632250507851917e-02 4.203110028510131241e-03 5.494310468735371343e-04
1.985580186227713789e-02 3.002802184522107218e-02 4.261170852815691218e-03 5.521782021079048048e-04
1.995508087158852362e-02 2.679949225062444595e-02 4.146207232710447978e-03 5.549390931184443321e-04
2.005485627594646297e-02 2.116961721850410191e-02 3.585234515504090447e-03 5.577137885840364410e-04
2.015513055732619241e-02 2.524629783279120146e-02 3.718001787382365329e-03 5.605023575269565484e-04
2.025590621011282011e-02 2.665995073174879867e-02 3.728809894283815866e-03 5.633048693145912720e-04
2.035718574116338053e-02 2.602993014248614762e-02 3.714217990472922556e-03 5.661213936611641552e-04
2.045897166986919424e-02 2.819841960756654109e-02 3.832848254811873669e-03 5.689520006294698480e-04
2.056126652821854001e-02 2.539841741218786669e-02 3.552337524339252168e-03 5.717967606326171794e-04
2.066407286085962872e-02 2.386698549049170309e-02 3.531636305318481758e-03 5.746557444357801433e-04
2.076739322516392428e-02 2.546606158021577290e-02 3.493836660534297128e-03 5.775290231579589687e-04
2.087123019128974549e-02 2.789060347674829007e-02 3.626631372747975233e-03 5.804166682737488866e-04
2.097558634224619065e-02 2.598381161116000704e-02 3.499273132871400308e-03 5.833187516151174630e-04
2.108046427395741940e-02 2.249366507059437359e-02 3.209281178434285602e-03 5.862353453731929901e-04
2.118586659532720531e-02 2.610306240445219028e-02 3.423022742478492707e-03 5.891665221000589496e-04
2.129179592830383883e-02 2.373356318024730238e-02 3.225435057922801125e-03 5.921123547105592091e-04
2.139825490794535628e-02 2.160201284182040882e-02 3.050830499412024357e-03 5.950729164841118924e-04
2.150524618248508130e-02 2.676435487825508733e-02 3.394340565579025051e-03 5.980482810665324655e-04
2.161277241339750604e-02 2.113803659912084215e-02 3.159127410717402218e-03 6.010385224718650622e-04
2.172083627546448834e-02 1.904280458043301760e-02 2.803590775633334371e-03 6.040437150842242189e-04
2.182944045684180601e-02 2.517965117505680320e-02 3.406629311768898886e-03 6.070639336596452820e-04
2.193858765912601316e-02 2.331931842974944991e-02 3.031213728031123718e-03 6.100992533279433810e-04
2.204828059742164337e-02 2.602511634596130913e-02 3.150928110905970494e-03 6.131497495945831353e-04
2.215852200040874936e-02 2.354928372188277649e-02 2.985778443659511169e-03 6.162154983425559502e-04
2.226931461041078975e-02 2.658236888580199284e-02 3.171762628383096704e-03 6.192965758342686968e-04
2.238066118346284175e-02 3.024054786199913136e-02 3.431170891130164765e-03 6.223930587134399823e-04
2.249256448938015407e-02 2.845953051521884700e-02 3.216614388043875263e-03 6.255050240070071524e-04
2.260502731182705005e-02 2.875973163979535577e-02 3.261990313439608238e-03 6.286325491270420771e-04
2.271805244838618482e-02 2.806359896769652570e-02 3.315283193718369069e-03 6.317757118726772354e-04
2.283164271062811460e-02 2.499089763191482752e-02 2.939419264976018530e-03 6.349345904320405831e-04
2.294580092418125120e-02 3.125478622498664705e-02 3.356365346585486482e-03 6.381092633842007193e-04
2.306052992880215646e-02 2.698125954686379779e-02 3.167326755288784029e-03 6.412998097011215950e-04
2.317583257844616634e-02 2.898279103424782760e-02 3.083022788256330800e-03 6.445063087496271954e-04
2.329171174133839312e-02 2.886425017769480086e-02 3.052993428015497116e-03 6.477288402933752218e-04
2.340817030004507804e-02 2.155024361412579900e-02 2.767024807541604205e-03 6.509674844948419407e-04
2.352521115154530135e-02 2.570324099986641755e-02 2.849453097501588889e-03 6.542223219173160312e-04
2.364283720730302879e-02 2.495272098710344527e-02 2.766172664310381779e-03 6.574934335269027328e-04
2.376105139333953981e-02 2.288468645609056246e-02 2.654105401046463752e-03 6.607809006945371006e-04
2.387985665030623386e-02 2.703017033015151296e-02 2.884056031900464768e-03 6.640848051980096202e-04
2.399925593355776293e-02 2.556788539624486878e-02 2.862461582550406090e-03 6.674052292239996288e-04
2.411925221322554908e-02 2.407112271972045026e-02 2.728618355067308817e-03 6.707422553701195781e-04
2.423984847429167672e-02 2.325875118908672309e-02 2.577963453066686988e-03 6.740959666469701402e-04
2.436104771666313187e-02 3.194521784026795042e-02 3.038351922950882720e-03 6.774664464802049616e-04
2.448285295524644731e-02 2.307637511926793200e-02 2.557794082575493705e-03 6.808537787126059350e-04
2.460526722002267380e-02 3.215874896065341881e-02 3.045068550989145535e-03 6.842580476061688784e-04
2.472829355612278512e-02 2.400316380936175220e-02 2.694525933836261922e-03 6.876793378441996242e-04
2.485193502390339870e-02 2.544900524253164431e-02 2.737607489613441344e-03 6.911177345334206228e-04
2.497619469902290917e-02 2.584170550894823032e-02 2.668036368959771955e-03 6.945733232060875232e-04
2.510107567251802091e-02 2.640825865835858682e-02 2.582829251639339168e-03 6.980461898221178947e-04
2.522658105088061015e-02 2.419782640911858837e-02 2.476146276698987757e-03 7.015364207712284066e-04
2.535271395613501039e-02 2.859541467228399886e-02 2.753310160308265926e-03 7.050441028750844760e-04
2.547947752591567944e-02 2.018660239116590663e-02 2.259034880789242365e-03 7.085693233894597813e-04
2.560687491354525849e-02 1.978616870644257786e-02 2.257763037588854643e-03 7.121121700064070520e-04
2.573490928811298165e-02 1.695037017623754472e-02 2.006559283202213190e-03 7.156727308564390499e-04
2.586358383455354334e-02 1.960593550164927215e-02 2.208732812503238444e-03 7.192510945107211508e-04
2.599290175372630934e-02 1.553097796552869829e-02 1.892742857957324318e-03 7.228473499832746606e-04
2.612286626249493704e-02 1.870909141251331925e-02 2.073707186117690858e-03 7.264615867331909727e-04
2.625348059380740867e-02 1.875542948758066389e-02 2.156988854782618693e-03 7.300938946668567844e-04
2.638474799677644617e-02 1.889103617283541259e-02 2.101326533010209902e-03 7.337443641401911317e-04
2.651667173676032496e-02 1.839114878329622255e-02 2.038653354429225632e-03 7.374130859608919644e-04
2.664925509544412152e-02 1.325793116149336787e-02 1.791587662556279456e-03 7.411001513906962735e-04
2.678250137092134248e-02 1.877651926806525595e-02 2.056674012310782691e-03 7.448056521476497608e-04
2.691641387777594235e-02 1.352395488349710656e-02 1.819868857130899770e-03 7.485296804083878914e-04
2.705099594716482009e-02 1.313295280535534994e-02 1.751538598164883260e-03 7.522723288104297404e-04
2.718625092690064166e-02 1.233344791633637048e-02 1.602353128095771991e-03 7.560336904544818137e-04
2.732218218153514150e-02 1.274220198516433887e-02 1.614827745788145535e-03 7.598138589067541214e-04
2.745879309244281599e-02 9.597395491794310021e-03 1.466332585295329009e-03 7.636129282012878508e-04
2.759608705790502631e-02 1.260671105610056131e-02 1.585148023554038693e-03 7.674309928422942077e-04
2.773406749319454884e-02 1.014459856335983221e-02 1.417776782463365300e-03 7.712681478065056169e-04
2.787273783066051419e-02 1.017153140123500110e-02 1.394548912413877319e-03 7.751244885455379824e-04
2.801210151981381458e-02 1.042730024190776511e-02 1.429668231548240692e-03 7.790001109882655232e-04
2.815216202741288587e-02 9.440692998661931457e-03 1.346338567613918416e-03 7.828951115432069945e-04
2.829292283754994419e-02 1.032938662571509202e-02 1.494552905963398171e-03 7.868095871009228581e-04
2.843438745173769086e-02 1.058664786002756937e-02 1.486899790624428199e-03 7.907436350364273076e-04
2.857655938899637815e-02 6.783464429327379537e-03 1.203428806740592391e-03 7.946973532116093997e-04
2.871944218594135734e-02 7.346321793510299410e-03 1.174603152511461334e-03 7.986708399776674136e-04
2.886303939687106038e-02 9.786108597905749176e-03 1.491671162678916314e-03 8.026641941775556786e-04
2.900735459385541531e-02 5.782494535122930344e-03 1.037150793903237342e-03 8.066775151484434359e-04
2.915239136682468840e-02 5.534304185651046926e-03 1.009072700978346513e-03 8.107109027241855186e-04
2.929815332365880848e-02 8.168819078759459798e-03 1.216158759508489257e-03 8.147644572378063676e-04
2.944464409027709728e-02 5.135500670044325887e-03 9.692687915966869804e-04 8.188382795239952140e-04
2.959186731072847854e-02 5.225228789381206398e-03 9.691151341946830288e-04 8.229324709216151402e-04
2.973982664728212072e-02 5.480561192502834099e-03 9.831445960445186778e-04 8.270471332762231991e-04
2.988852578051852740e-02 5.413830982935485293e-03 1.045677482368142022e-03 8.311823689426041948e-04
3.003796840942111676e-02 5.675155896966713881e-03 1.002073001456034104e-03 8.353382807873171480e-04
3.018815825146821744e-02 4.155254651809047427e-03 8.472160341495252496e-04 8.395149721912535798e-04
3.033909904272555358e-02 6.070300833435347473e-03 1.024889890212650522e-03 8.437125470522096726e-04
3.049079453793918093e-02 4.189259376494882878e-03 8.541472778136584504e-04 8.479311097874706830e-04
3.064324851062887045e-02 6.869834751378941715e-03 1.084970681491775110e-03 8.521707653364079312e-04
3.079646475318201237e-02 5.952752689730181346e-03 1.073305794298023497e-03 8.564316191630898852e-04
3.095044707694791924e-02 5.026566142946671534e-03 9.892864994780409867e-04 8.607137772589052794e-04
3.110519931233265631e-02 6.268391393142435167e-03 1.029005532506503022e-03 8.650173461451996773e-04
3.126072530889431600e-02 5.488131213633242432e-03 1.103375384775650983e-03 8.693424328759255873e-04
3.141702893543878161e-02 5.481698845318027508e-03 9.530429386403104159e-04 8.736891450403050461e-04
3.157411408011597670e-02 7.960685493181244438e-03 1.147601999567506503e-03 8.780575907655066223e-04
3.173198465051654815e-02 4.999261027815589745e-03 9.115726887661312937e-04 8.824478787193339125e-04
3.189064457376912520e-02 6.438588196052994449e-03 1.029674849007881964e-03 8.868601181129304092e-04
3.205009779663797742e-02 6.516698013855882175e-03 1.090161910669492371e-03 8.912944187034952098e-04
3.221034828562116537e-02 6.528809525258121721e-03 1.044036851069890482e-03 8.957508907970127129e-04
3.237140002704926023e-02 5.467340645422357273e-03 9.651854050985659347e-04 9.002296452509974930e-04
3.253325702718450757e-02 7.830040251000140727e-03 1.165673162271651294e-03 9.047307934772525102e-04
3.269592331232042820e-02 7.138358119699037170e-03 1.211167235578587643e-03 9.092544474446387056e-04
3.285940292888202274e-02 6.979751714070231948e-03 1.130756991484220151e-03 9.138007196818616167e-04
3.302369994352642724e-02 8.932434056690969140e-03 1.261505528143341782e-03 9.183697232802707881e-04
3.318881844324406138e-02 6.017833673304461006e-03 1.015716925562309579e-03 9.229615718966721919e-04
3.335476253546027642e-02 5.139806306939460195e-03 9.369799974818789979e-04 9.275763797561553930e-04
3.352153634813757888e-02 5.459761597638537224e-03 1.017312444069345565e-03 9.322142616549362187e-04
3.368914402987825685e-02 7.624834386635808044e-03 1.122400105511508778e-03 9.368753329632105963e-04
3.385758975002764459e-02 6.871938343625121591e-03 1.058593326466767282e-03 9.415597096280266037e-04
3.402687769877778268e-02 8.626459372853390040e-03 1.182928143800031969e-03 9.462675081761667134e-04
3.419701208727166097e-02 6.728474444089587066e-03 1.036402391420938700e-03 9.509988457170472738e-04
3.436799714770802372e-02 7.298022081983019695e-03 1.206109876819471544e-03 9.557538399456326278e-04
3.453983713344655621e-02 8.647919099926511949e-03 1.202505010223731564e-03 9.605326091453606158e-04
3.471253631911378618e-02 8.914289993052994590e-03 1.158419234333135303e-03 9.653352721910872687e-04
3.488609900070935299e-02 7.072164975815864452e-03 1.029613075143243160e-03 9.701619485520426682e-04
3.506052949571289434e-02 8.084379635406259770e-03 1.087991335958558457e-03 9.750127582948027449e-04
3.523583214319145340e-02 4.584117705497061344e-03 8.217382978637487742e-04 9.798878220862766893e-04
3.541201130390740637e-02 7.184193248078587363e-03 1.024325500105202451e-03 9.847872611967079144e-04
3.558907136042693820e-02 8.054198194066044744e-03 1.074192930347778489e-03 9.897111975026911743e-04
3.576701671722907344e-02 5.475730033604082891e-03 8.865474409109766821e-04 9.946597534902046431e-04
3.594585180081521364e-02 6.117534177677358062e-03 9.311047650298414323e-04 9.996330522576556566e-04
3.612558105981928530e-02 1.037909739314854356e-02 1.220828215317440067e-03 1.004631217518943799e-03
3.630620896511838058e-02 5.735810796368036660e-03 8.940597119996920600e-04 1.009654373606538522e-03
3.648774000994396693e-02 7.304813491645375731e-03 1.001469968666833001e-03 1.014702645474571067e-03
3.667017870999368656e-02 5.369729627670892860e-03 8.582122518396382432e-04 1.019776158701943746e-03
3.685352960354364854e-02 5.556026689018780766e-03 9.163214157409669321e-04 1.024875039495453310e-03
3.703779725156136626e-02 4.221631556665861838e-03 8.557079133439245101e-04 1.029999414692930578e-03
3.722298623781916671e-02 5.283417903500083231e-03 8.445215709759588832e-04 1.035149411766395034e-03
3.740910116900825200e-02 4.608127594074583853e-03 8.556695727206843367e-04 1.040325158825226772e-03
3.759614667485329520e-02 5.037034419396281722e-03 8.777718609522811022e-04 1.045526784619352960e-03
3.778412740822754967e-02 6.156773253872896597e-03 8.965370176115828585e-04 1.050754418542449494e-03
3.797304804526868693e-02 4.692495696849604582e-03 7.808332509682490950e-04 1.056008190635161726e-03
3.816291328549503009e-02 3.640223449883905026e-03 7.568768030610218377e-04 1.061288231588337341e-03
3.835372785192249501e-02 3.129490865687776634e-03 6.378446467193370868e-04 1.066594672746278743e-03
3.854549649118210741e-02 3.595689100007548253e-03 6.785244920978682160e-04 1.071927646110010192e-03
3.873822397363801268e-02 3.826529579996529491e-03 6.976261052382207173e-04 1.077287284340560118e-03
3.893191509350620028e-02 4.466508824611113010e-03 7.539528454342778229e-04 1.082673720762262950e-03
3.912657466897372788e-02 2.774587365845597106e-03 5.907475333957125548e-04 1.088087089366074171e-03
3.932220754231859072e-02 2.744213996537233930e-03 6.592309801540489770e-04 1.093527524812904243e-03
3.951881858003018083e-02 1.832252568004982384e-03 5.590710773674883527e-04 1.098995162436968787e-03
3.971641267293032906e-02 2.499470828393061343e-03 6.365012411425167993e-04 1.104490138249153517e-03
3.991499473629497863e-02 1.295487551282826577e-03 5.641704605622963227e-04 1.110012588940399118e-03
4.011456970997644145e-02 2.998703621609380855e-03 6.560506592382295797e-04 1.115562651885100868e-03
4.031514255852632067e-02 2.437970423060612391e-03 5.445587411581206613e-04 1.121140465144526265e-03
4.051671827131894665e-02 3.630547632846030381e-03 6.621324032366962672e-04 1.126746167470248691e-03
4.071930186267554153e-02 2.050021720266950644e-03 5.777301874520338618e-04 1.132379898307599945e-03
4.092289837198891111e-02 1.683501979175136597e-03 4.494705229833372917e-04 1.138041797799137743e-03
4.112751286384885852e-02 2.542550525181058122e-03 7.274109536068034971e-04 1.143732006788133592e-03
4.133315042816809726e-02 2.285994294342601034e-03 5.239163866340673485e-04 1.149450666822074115e-03
4.153981618030892775e-02 2.541436388004861963e-03 5.998044568091130029e-04 1.155197920156184272e-03
4.174751526121046885e-02 1.628364322403609652e-03 5.196400541839855643e-04 1.160973909756964897e-03
4.195625283751651391e-02 1.889867906358251842e-03 4.719929784894251901e-04 1.166778779305749532e-03
4.216603410170409461e-02 2.093346609651781150e-03 4.928957190862756892e-04 1.172612673202278388e-03
4.237686427221261376e-02 2.677247196414637813e-03 5.576666974657995893e-04 1.178475736568289660e-03
4.258874859357367204e-02 2.221558151692898473e-03 5.091169697682118014e-04 1.184368115251131000e-03
4.280169233654153305e-02 2.914214507232208533e-03 5.822131148109944152e-04 1.190289955827386397e-03
4.301570079822424064e-02 2.090880012554714468e-03 4.922905145500823835e-04 1.196241405606523426e-03
4.323077930221535387e-02 2.986397013958893079e-03 5.850026271256233978e-04 1.202222612634555685e-03
4.344693319872642429e-02 1.829557303838194940e-03 4.568598283496034802e-04 1.208233725697728436e-03
4.366416786472004929e-02 3.202234156516083497e-03 6.044356264745914505e-04 1.214274894326216811e-03
4.388248870404365398e-02 3.606675222942312773e-03 6.367874102916163152e-04 1.220346268797848103e-03
4.410190114756386282e-02 2.175996261286250368e-03 4.985902307888039021e-04 1.226448000141837054e-03
4.432241065330168317e-02 3.162708880257035851e-03 5.969071915031784773e-04 1.232580240142546303e-03
4.454402270656818152e-02 3.095156608365802128e-03 5.948772428187781630e-04 1.238743141343258761e-03
4.476674282010102007e-02 2.720113425758095144e-03 5.544959624510459534e-04 1.244936857049974916e-03
4.499057653420152070e-02 3.096775625559028584e-03 5.951532800791091687e-04 1.251161541335224676e-03
4.521552941687251997e-02 2.046931127858140406e-03 4.818012813350381826e-04 1.257417349041900457e-03
4.544160706395687643e-02 3.854168289352311039e-03 6.600493343093277341e-04 1.263704435787109783e-03
4.566881509927665783e-02 2.828912951556272846e-03 6.187117382631448234e-04 1.270022957966045240e-03
4.589715917477303619e-02 2.617736233604231726e-03 6.014152133845935243e-04 1.276373072755875460e-03
4.612664497064689756e-02 2.515790789767209483e-03 5.482435635151358287e-04 1.282754938119654757e-03
4.635727819550012480e-02 2.530791563687328268e-03 6.139726957732746706e-04 1.289168712810252705e-03
4.658906458647761595e-02 1.896695245390056257e-03 5.786478361807546877e-04 1.295614556374303670e-03
4.682200990941000340e-02 2.550036454471967754e-03 5.556893679711965347e-04 1.302092629156175211e-03
4.705611995895704613e-02 1.978312630205387307e-03 4.791437287624194597e-04 1.308603092301955989e-03
4.729140055875183379e-02 3.267890217063580943e-03 6.167077301207251391e-04 1.315146107763465796e-03
4.752785756154558061e-02 2.150510801199092756e-03 5.543476601935434529e-04 1.321721838302282719e-03
4.776549684935330747e-02 2.044210760284328847e-03 5.447405009275440657e-04 1.328330447493794152e-03
4.800432433360006523e-02 2.820511413687348638e-03 5.750030382612854535e-04 1.334972099731262987e-03
4.824434595526806702e-02 2.512825921874962867e-03 5.476501636584012872e-04 1.341646960229919174e-03
4.848556768504440340e-02 2.577714153460202058e-03 5.617938951916518105e-04 1.348355195031068635e-03
4.872799552346961799e-02 2.527709754645425955e-03 5.509323654860975123e-04 1.355096971006223856e-03
4.897163550108696306e-02 2.272736741265918466e-03 5.679574162988487024e-04 1.361872455861254860e-03
4.921649367859239066e-02 1.831476384319584904e-03 5.362961563903777696e-04 1.368681818140561005e-03
4.946257614698534866e-02 2.175793028337345576e-03 4.986057160419129922e-04 1.375525227231263591e-03
4.970988902772026374e-02 2.071739860059265085e-03 4.877703999781669614e-04 1.382402853367419721e-03
4.995843847285886402e-02 1.181858574102782064e-03 3.733543173811442644e-04 1.389314867634256758e-03
5.020823066522315387e-02 1.753228890941013144e-03 4.522233808995677158e-04 1.396261441972427826e-03
5.045927181854926308e-02 1.630275112867137551e-03 4.352681647632711086e-04 1.403242749182289847e-03
5.071156817764200381e-02 1.409990306412174784e-03 4.066529505551513780e-04 1.410258962928201106e-03
5.096512601853020463e-02 1.767058602357628140e-03 4.558596790657362327e-04 1.417310257742841794e-03
5.121995164862284955e-02 1.903220246753194872e-03 4.753953345291633608e-04 1.424396809031556023e-03
5.147605140686596636e-02 7.113667040939227653e-04 4.103800745148461818e-04 1.431518793076713789e-03
5.173343166390028530e-02 8.435948862607678183e-04 4.341802886879413841e-04 1.438676387042097000e-03
5.199209882221978579e-02 7.362230384648726055e-04 3.003283341187247546e-04 1.445869768977307412e-03
5.225205931633088163e-02 7.891930103737470996e-04 4.004237512328673743e-04 1.453099117822193856e-03
5.251331961291252903e-02 1.001663205196864134e-03 3.538982297973029367e-04 1.460364613411304626e-03
5.277588621097707711e-02 1.125608590042664415e-03 3.749452076854566779e-04 1.467666436478360899e-03
