1.442977229909739312e-02 5.382066880901286154e-01 2.130949486680028954e-02 4.012867625701226548e-04
1.450192116059288022e-02 5.022180021905232605e-01 1.999354345977603573e-02 4.032931963829732946e-04
1.457443076639584369e-02 5.346653604664016735e-01 2.094188880547848824e-02 4.053096623648881082e-04
1.464730292022782196e-02 4.998484343842448663e-01 1.980319181296937014e-02 4.073362106767125165e-04
1.472053943482895880e-02 4.881804503517130911e-01 1.972972248755890459e-02 4.093728917300960379e-04
1.479414213200310087e-02 4.425804195458923895e-01 1.772107967752086649e-02 4.114197561887464392e-04
1.486811284266311567e-02 4.257151002773971182e-01 1.757015837829670885e-02 4.134768549696901749e-04
1.494245340687642976e-02 4.273747969608702735e-01 1.731694811941532353e-02 4.155442392445385727e-04
1.501716567391080982e-02 3.846564368677445334e-01 1.591610469232390690e-02 4.176219604407612287e-04
1.509225150228036064e-02 3.907760001708936448e-01 1.595099258606749379e-02 4.197100702429649327e-04
1.516771275979176062e-02 3.805863741949869761e-01 1.547287399700169978e-02 4.218086205941796942e-04
1.524355132359071774e-02 3.554233075513450468e-01 1.475549677387174435e-02 4.239176636971505696e-04
1.531976908020867001e-02 3.664286660027071818e-01 1.501114118731734608e-02 4.260372520156362653e-04
1.539636792560971322e-02 3.405239887557492962e-01 1.450963911059454520e-02 4.281674382757144626e-04
1.547334976523776114e-02 3.301686340856851976e-01 1.404246883702891038e-02 4.303082754670929980e-04
1.555071651406394681e-02 3.091813184879314558e-01 1.341757317786698711e-02 4.324598168444283614e-04
1.562847009663426504e-02 2.925779799037100393e-01 1.267666765671712596e-02 4.346221159286504823e-04
1.570661244711743509e-02 2.755494987638809068e-01 1.240504779697386255e-02 4.367952265082936970e-04
1.578514550935301852e-02 2.839581052041887932e-01 1.244543619041967204e-02 4.389792026408350333e-04
1.586407123689978493e-02 2.964663319072893821e-01 1.276425870153816318e-02 4.411740986540392713e-04
1.594339159308428081e-02 2.743487592719425217e-01 1.187922076815874257e-02 4.433799691473093722e-04
1.602310855104970011e-02 2.632924125913699287e-01 1.154311455417714703e-02 4.455968689930458505e-04
1.610322409380494577e-02 2.411750335237374254e-01 1.094772943895926283e-02 4.478248533380110256e-04
1.618374021427396864e-02 2.245659774767199968e-01 1.051288906046387965e-02 4.500639776047010254e-04
1.626465891534533553e-02 2.393815181168500450e-01 1.067251476230988982e-02 4.523142974927244582e-04
1.634598220992206086e-02 2.161036967593406855e-01 1.007471970028163584e-02 4.545758689801880225e-04
1.642771212097167421e-02 2.001637469405950776e-01 9.499745129105362229e-03 4.568487483250890566e-04
1.650985068157653085e-02 1.896864225217078370e-01 9.233624947136103225e-03 4.591329920667144306e-04
1.659239993498441007e-02 1.902759911516376523e-01 9.033067832499049390e-03 4.614286570270479488e-04
1.667536193465932876e-02 1.692176967448593972e-01 8.418916365501131344e-03 4.637358003121830655e-04
1.675873874433262550e-02 1.650030500513406384e-01 8.380282726817974912e-03 4.660544793137440028e-04
1.684253243805428762e-02 1.520896770038362156e-01 7.739659401276776859e-03 4.683847517103126691e-04
1.692674510024455570e-02 1.416015800345724329e-01 7.410683816959459658e-03 4.707266754688641430e-04
1.701137882574577792e-02 1.320094743656238245e-01 7.014140165043078468e-03 4.730803088462084451e-04
1.709643571987450386e-02 1.435767299238804307e-01 7.229859177885103287e-03 4.754457103904394114e-04
1.718191789847387657e-02 1.384810800630199290e-01 7.262998790490251926e-03 4.778229389423915906e-04
1.726782748796624328e-02 1.328480737788972355e-01 6.916893176408180077e-03 4.802120536371034826e-04
1.735416662540607141e-02 1.188697047660316336e-01 6.440073673020831058e-03 4.826131139052889101e-04
1.744093745853309702e-02 1.091130720162654666e-01 6.065731780720238879e-03 4.850261794748152188e-04
1.752814214582576469e-02 1.085020408329959024e-01 6.167828624344905836e-03 4.874513103721893944e-04
1.761578285655489295e-02 9.323412971558880935e-02 5.643945668862690966e-03 4.898885669240503034e-04
1.770386177083766582e-02 9.789975674818307549e-02 5.599644224105175365e-03 4.923380097586704763e-04
1.779238107969184982e-02 9.512306110159572670e-02 5.479910830857673623e-03 4.947996998074637989e-04
1.788134298509030939e-02 8.150796123017545192e-02 5.023560371888047098e-03 4.972736983065010642e-04
1.797074970001575484e-02 7.417685345621881365e-02 4.776773784472836300e-03 4.997600667980333852e-04
1.806060344851583357e-02 7.122699590741467246e-02 4.588469149256465228e-03 5.022588671320236302e-04
1.815090646575841238e-02 7.144742018913326220e-02 4.622207828804810945e-03 5.047701614676837131e-04
1.824166099808720298e-02 7.287694642812891921e-02 4.562759472782088217e-03 5.072940122750220753e-04
1.833286930307763407e-02 6.718560088987296508e-02 4.293132437048232525e-03 5.098304823363970220e-04
1.842453364959302162e-02 6.011555699577350587e-02 4.000524564361226248e-03 5.123796347480790575e-04
1.851665631784098556e-02 6.517285807220490890e-02 4.156491883633494505e-03 5.149415329218194008e-04
1.860923959943018915e-02 5.192625196840456453e-02 3.729720279174638439e-03 5.175162405864284750e-04
1.870228579742733849e-02 4.808941440062039496e-02 3.686676811287622861e-03 5.201038217893605778e-04
1.879579722641447001e-02 4.419120661625668828e-02 3.333438714894468476e-03 5.227043408983072246e-04
1.888977621254653988e-02 3.841134260672921658e-02 3.041565520756852551e-03 5.253178626027986235e-04
1.898422509360927352e-02 3.992530783385087739e-02 3.169447943053118385e-03 5.279444519158126318e-04
1.907914621907731700e-02 4.486904786751098884e-02 3.342233849643759871e-03 5.305841741753916261e-04
1.917454195017270074e-02 3.863133621529479117e-02 2.976301980815550079e-03 5.332370950462685891e-04
1.927041465992356331e-02 3.744492645898009342e-02 2.947052666481039980e-03 5.359032805214998096e-04
1.936676673322317715e-02 4.187839230144227431e-02 3.074848230170218640e-03 5.385827969241072316e-04
1.946360056688929002e-02 3.087178302510493189e-02 2.569272263070712398e-03 5.412757109087277434e-04
1.956091856972373699e-02 3.098547079821850278e-02 2.596958952230886061e-03 5.439820894632713556e-04
1.965872316257235436e-02 3.116184090812840896e-02 2.575756151838318620e-03 5.467019999105876202e-04
1.975701677838521270e-02 3.137585934975746504e-02 2.630537268892057991e-03 5.494355099101405062e-04
1.985580186227713789e-02 2.915710826755999255e-02 2.458173423834427319e-03 5.521826874596911898e-04
1.995508087158852362e-02 2.924382582569137398e-02 2.442593442495004461e-03 5.549436008969896262e-04
2.005485627594646297e-02 2.860081111465546597e-02 2.361378126496841562e-03 5.577183189014744708e-04
2.015513055732619241e-02 2.606826874685957973e-02 2.298148577038670176e-03 5.605069104959817814e-04
2.025590621011282011e-02 2.465340791316565291e-02 2.181944774029413812e-03 5.633094450484616355e-04
2.035718574116338053e-02 2.533150855310231653e-02 2.263342358277008106e-03 5.661259922737038553e-04
2.045897166986919424e-02 2.492724893067531367e-02 2.207111977035833197e-03 5.689566222350722971e-04
2.056126652821854001e-02 2.372721115919843027e-02 2.120000714971747094e-03 5.718014053462475979e-04
2.066407286085962872e-02 2.374650071289197487e-02 2.088641609947032574e-03 5.746604123729787041e-04
2.076739322516392428e-02 2.688149499936276846e-02 2.149668314280895123e-03 5.775337144348435077e-04
2.087123019128974549e-02 2.537416075155551898e-02 2.142770805604407840e-03 5.804213830070178298e-04
2.097558634224619065e-02 2.476672256007265635e-02 2.047146461195612638e-03 5.833234899220527542e-04
2.108046427395741940e-02 2.588338732601343575e-02 2.063086387744950730e-03 5.862401073716630179e-04
2.118586659532720531e-02 2.745041873074526365e-02 2.102607637655379714e-03 5.891713079085212582e-04
2.129179592830383883e-02 2.661372410531422789e-02 2.130701564841721608e-03 5.921171644480638591e-04
2.139825490794535628e-02 3.018455243421838338e-02 2.184969842020404503e-03 5.950777502703040629e-04
2.150524618248508130e-02 2.680031398581505034e-02 2.034753240210531409e-03 5.980531390216555984e-04
2.161277241339750604e-02 2.625134590997344267e-02 1.992997469969628576e-03 6.010434047167637897e-04
2.172083627546448834e-02 2.453733500361937950e-02 1.907425780110556367e-03 6.040486217403475072e-04
2.182944045684180601e-02 2.774899430108170376e-02 2.010090934580917397e-03 6.070688648490491423e-04
2.193858765912601316e-02 2.684461817290861516e-02 1.980329772242998571e-03 6.101042091732943387e-04
2.204828059742164337e-02 2.721764572632441245e-02 1.931161477135237602e-03 6.131547302191607237e-04
2.215852200040874936e-02 2.756735476038238083e-02 1.954257614228024388e-03 6.162205038702565051e-04
2.226931461041078975e-02 2.317941486081435271e-02 1.774739252095926603e-03 6.193016063896077420e-04
2.238066118346284175e-02 2.759323586226753930e-02 1.960560119447788980e-03 6.223981144215556989e-04
2.249256448938015407e-02 2.414608037331254439e-02 1.823187375651611365e-03 6.255101049936634145e-04
2.260502731182705005e-02 3.133366465344453872e-02 2.014009706911172159e-03 6.286376555186315961e-04
2.271805244838618482e-02 2.397633710811427135e-02 1.801280318854301624e-03 6.317808437962247042e-04
2.283164271062811460e-02 2.947874539637796235e-02 1.930274740623938532e-03 6.349397480152058201e-04
2.294580092418125120e-02 2.568288053516634695e-02 1.799874252863806418e-03 6.381144467552817045e-04
2.306052992880215646e-02 3.185472831647302022e-02 1.977899474955539284e-03 6.413050189890581558e-04
2.317583257844616634e-02 2.994306640838117345e-02 1.878513701195147143e-03 6.445115440840033924e-04
2.329171174133839312e-02 3.163326275146605138e-02 1.913901275662432955e-03 6.477341018044233600e-04
2.340817030004507804e-02 2.755665631226781112e-02 1.806556253557336979e-03 6.509727723134452800e-04
2.352521115154530135e-02 2.913090730058731301e-02 1.816566126814737458e-03 6.542276361750123644e-04
2.364283720730302879e-02 2.634520632333180873e-02 1.725137411147301602e-03 6.574987743558875298e-04
2.376105139333953981e-02 3.014506259731769208e-02 1.823562855459743984e-03 6.607862682276667609e-04
2.387985665030623386e-02 2.618075757628653133e-02 1.665244067690259400e-03 6.640901995688050508e-04
2.399925593355776293e-02 2.847856380797087958e-02 1.768225551936615340e-03 6.674106505666489546e-04
2.411925221322554908e-02 2.925379538499841767e-02 1.828612889561305769e-03 6.707477038194821538e-04
2.423984847429167672e-02 2.732055461688186193e-02 1.674170637942834191e-03 6.741014423385795857e-04
2.436104771666313187e-02 2.585814726903741881e-02 1.650276900878126221e-03 6.774719495502724148e-04
2.448285295524644731e-02 2.616645738842834218e-02 1.646580256414360583e-03 6.808593092980237379e-04
2.460526722002267380e-02 2.338423335651518276e-02 1.575817550719377192e-03 6.842636058445137216e-04
2.472829355612278512e-02 2.594989008237856901e-02 1.720109904199523896e-03 6.876849238737362327e-04
2.485193502390339870e-02 2.632666337722691999e-02 1.703626963250722860e-03 6.911233484931049009e-04
2.497619469902290917e-02 2.461722829569596913e-02 1.514147640410814849e-03 6.945789652355702400e-04
2.510107567251802091e-02 2.306297365239884378e-02 1.463246112520516420e-03 6.980518600617480456e-04
2.522658105088061015e-02 2.109283251102381240e-02 1.409510400694378388e-03 7.015421193620566829e-04
2.535271395613501039e-02 2.388212269527413556e-02 1.508847176406255715e-03 7.050498299588669505e-04
2.547947752591567944e-02 1.986113620674143793e-02 1.356355954425218606e-03 7.085750791086610533e-04
2.560687491354525849e-02 2.099739903012130121e-02 1.389326211978320286e-03 7.121179545042043667e-04
2.573490928811298165e-02 2.006417893621214796e-02 1.335235061708833293e-03 7.156785442767253343e-04
2.586358383455354334e-02 1.907752041482248251e-02 1.273435558185980788e-03 7.192569369981089171e-04
2.599290175372630934e-02 1.790474761474986770e-02 1.245330428129988714e-03 7.228532216830993668e-04
2.612286626249493704e-02 1.915429927605499447e-02 1.257181004109871741e-03 7.264674877915148175e-04
2.625348059380740867e-02 1.613342968433283814e-02 1.171507234576712238e-03 7.300998252304722854e-04
2.638474799677644617e-02 1.734362208211804451e-02 1.177265424588796452e-03 7.337503243566245942e-04
2.651667173676032496e-02 1.622880010203353596e-02 1.147737131051463537e-03 7.374190759784077101e-04
2.664925509544412152e-02 1.406026502857799475e-02 1.081257794969717623e-03 7.411061713582995682e-04
2.678250137092134248e-02 1.381165580552070650e-02 1.057092010342267118e-03 7.448117022150910422e-04
2.691641387777594235e-02 1.531806122046042683e-02 1.174753619536997393e-03 7.485357607261663472e-04
2.705099594716482009e-02 1.384521235229767278e-02 1.091255580420106685e-03 7.522784395297971030e-04
2.718625092690064166e-02 1.291464239768097717e-02 9.933296793868996461e-04 7.560398317274460468e-04
2.732218218153514150e-02 1.277693612828566770e-02 9.693493917780471704e-04 7.598200308860832142e-04
2.745879309244281599e-02 1.133910838249617067e-02 9.002722412768906406e-04 7.636191310405135045e-04
2.759608705790502631e-02 1.125828260988720811e-02 8.967277156429972768e-04 7.674372266957160639e-04
2.773406749319454884e-02 1.080776299281166301e-02 8.778199763344318729e-04 7.712744128291945103e-04
2.787273783066051419e-02 1.005543072459447185e-02 8.306345292733634342e-04 7.751307848933402774e-04
2.801210151981381458e-02 1.078816490078350794e-02 8.874712531541340769e-04 7.790064388178069088e-04
2.815216202741288587e-02 6.990054391265303028e-03 6.943338500319445666e-04 7.829014710118960621e-04
2.829292283754994419e-02 8.922436007359660359e-03 8.200608244451258353e-04 7.868159783669553299e-04
2.843438745173769086e-02 7.500019904028346236e-03 7.559786646616791341e-04 7.907500582587900480e-04
2.857655938899637815e-02 6.349258626316202012e-03 7.148713305219457029e-04 7.947038085500839934e-04
2.871944218594135734e-02 7.234495985226468626e-03 6.983403902017020978e-04 7.986773275928342854e-04
2.886303939687106038e-02 8.007893137065682024e-03 7.392685653959447543e-04 8.026707142307983218e-04
2.900735459385541531e-02 6.856048480989329098e-03 6.901992079904321247e-04 8.066840678019523156e-04
2.915239136682468840e-02 6.681044199384943150e-03 6.639016353441401985e-04 8.107174881409619747e-04
2.929815332365880848e-02 7.375475273795629658e-03 6.929288920707958035e-04 8.147710755816667347e-04
2.944464409027709728e-02 6.280816293989520058e-03 6.560769175179917163e-04 8.188449309595749416e-04
2.959186731072847854e-02 5.946529450140361495e-03 6.192111131859748523e-04 8.229391556143726954e-04
2.973982664728212072e-02 5.713731872445331796e-03 6.212782925889116055e-04 8.270538513924445122e-04
2.988852578051852740e-02 6.205951522764547278e-03 6.671595232485799491e-04 8.311891206494066708e-04
3.003796840942111676e-02 5.683286966351989815e-03 6.335791092442491718e-04 8.353450662526535698e-04
3.018815825146821744e-02 5.313056901758059745e-03 5.880927109964225645e-04 8.395217915839166614e-04
3.033909904272555358e-02 5.195197927691568018e-03 5.822237524074203160e-04 8.437194005418361797e-04
3.049079453793918093e-02 6.514905018682620209e-03 6.381056566032858790e-04 8.479379975445453356e-04
3.064324851062887045e-02 6.224308482872910504e-03 6.186316632600316612e-04 8.521776875322678493e-04
3.079646475318201237e-02 6.089894443531885040e-03 6.144594263588280510e-04 8.564385759699291419e-04
3.095044707694791924e-02 5.732701164645286757e-03 6.238720042601654959e-04 8.607207688497786960e-04
3.110519931233265631e-02 6.098502237423790266e-03 6.202382300907961950e-04 8.650243726940274854e-04
3.126072530889431600e-02 4.369149185029577720e-03 5.638550237613943698e-04 8.693494945574975485e-04
3.141702893543878161e-02 6.648534060689340920e-03 6.571720387138977855e-04 8.736962420302848975e-04
3.157411408011597670e-02 6.370128188432713084e-03 6.150603696569940980e-04 8.780647232404363046e-04
3.173198465051654815e-02 7.239780023753270531e-03 6.573221950760888607e-04 8.824550468566382325e-04
3.189064457376912520e-02 6.519249873026065900e-03 6.207865115854351631e-04 8.868673220909212675e-04
3.205009779663797742e-02 6.045211450302531361e-03 6.223182352646050661e-04 8.913016587013760468e-04
3.221034828562116537e-02 7.071347415405084859e-03 7.196688580610319718e-04 8.957581669948829536e-04
3.237140002704926023e-02 7.054180181756026201e-03 6.569120834754924162e-04 9.002369578298569921e-04
3.253325702718450757e-02 6.368274135279882939e-03 6.297135173677985117e-04 9.047381426190063232e-04
3.269592331232042820e-02 6.951319701436053412e-03 6.807486862350071955e-04 9.092618333321013163e-04
3.285940292888202274e-02 6.787113619552159575e-03 6.678637586311152695e-04 9.138081424987616001e-04
3.302369994352642724e-02 7.173128891172002482e-03 7.022291437321281568e-04 9.183771832112552552e-04
3.318881844324406138e-02 6.480392400980546259e-03 6.493028164577862920e-04 9.229690691273115602e-04
3.335476253546027642e-02 8.129586314083855556e-03 7.164509021959769835e-04 9.275839144729480486e-04
3.352153634813757888e-02 7.935183001769770261e-03 7.078758040080613623e-04 9.322218340453127449e-04
3.368914402987825685e-02 8.750753141668170254e-03 7.205813000092667559e-04 9.368829432155390859e-04
3.385758975002764459e-02 7.124794100070955261e-03 6.565284049561682890e-04 9.415673579316166707e-04
3.402687769877778268e-02 7.565591454256760662e-03 6.745444102680934898e-04 9.462751947212746971e-04
3.419701208727166097e-02 7.236107857717649812e-03 6.879427597693785765e-04 9.510065706948807925e-04
3.436799714770802372e-02 7.747481638794696465e-03 6.631574560363667032e-04 9.557616035483553494e-04
3.453983713344655621e-02 7.082797382542419667e-03 6.391071869025474533e-04 9.605404115660969196e-04
3.471253631911378618e-02 6.951674633967731311e-03 6.414288696835971498e-04 9.653431136239273413e-04
3.488609900070935299e-02 7.076280047158815811e-03 6.310567431999272291e-04 9.701698291920469487e-04
3.506052949571289434e-02 7.201087593639623682e-03 6.378984473515306262e-04 9.750206783380070208e-04
3.523583214319145340e-02 7.923835924179249354e-03 6.686603413442465541e-04 9.798957817296969752e-04
3.541201130390740637e-02 6.053245243126372833e-03 5.778846279819660958e-04 9.847952606383452226e-04
3.558907136042693820e-02 6.754245245368251625e-03 6.023093761570444057e-04 9.897192369415367189e-04
3.576701671722907344e-02 6.633348524009249035e-03 5.987244709701365023e-04 9.946678331262445022e-04
3.594585180081521364e-02 6.250096429750930278e-03 5.733373647760968504e-04 9.996411722918755426e-04
3.612558105981928530e-02 6.668319084612699468e-03 5.994524968973406493e-04 1.004639378153334914e-03
3.630620896511838058e-02 5.591331627694765688e-03 5.385150203307977447e-04 1.009662575044101458e-03
3.648774000994396693e-02 5.421034737239868034e-03 5.407849054520440625e-04 1.014710887919321883e-03
3.667017870999368656e-02 5.785427093354913314e-03 5.338457485745365817e-04 1.019784442358918517e-03
3.685352960354364854e-02 6.210451026671495386e-03 5.706654381869910716e-04 1.024883364570712899e-03
3.703779725156136626e-02 5.331778973051066496e-03 5.208719380573128242e-04 1.030007781393566489e-03
3.722298623781916671e-02 5.440925085403235800e-03 5.132061247792033465e-04 1.035157820300533970e-03
3.740910116900825200e-02 4.283056920444135336e-03 4.557646138185768542e-04 1.040333609402036485e-03
3.759614667485329520e-02 5.370859793258195639e-03 5.231264140137036967e-04 1.045535277449046591e-03
3.778412740822754967e-02 3.716446589038527142e-03 4.329864103963258683e-04 1.050762953836291641e-03
3.797304804526868693e-02 4.370356724164129424e-03 4.614345273102882488e-04 1.056016768605473003e-03
3.816291328549503009e-02 3.985299024935029175e-03 4.409362618414496807e-04 1.061296852448500444e-03
3.835372785192249501e-02 3.811242735579439649e-03 4.324345508159938771e-04 1.066603336710742573e-03
3.854549649118210741e-02 3.826401609054351331e-03 4.342800481888129619e-04 1.071936353394296361e-03
3.873822397363801268e-02 3.430592454325228583e-03 4.110820050519599952e-04 1.077296035161267717e-03
3.893191509350620028e-02 2.935730366648230550e-03 4.148137362316759802e-04 1.082682515337073971e-03
3.912657466897372788e-02 2.253348942929494104e-03 3.618291118486703347e-04 1.088095927913759146e-03
3.932220754231859072e-02 2.658738063903154803e-03 3.728483253025996415e-04 1.093536407553327879e-03
3.951881858003018083e-02 2.720930125121861099e-03 3.451316970027059716e-04 1.099004089591094305e-03
3.971641267293032906e-02 2.153627767958625483e-03 3.471330060220868124e-04 1.104499110039049809e-03
3.991499473629497863e-02 2.235698880334707414e-03 3.158109576949097311e-04 1.110021605589245081e-03
4.011456970997644145e-02 2.974620354465688007e-03 3.729213544818582712e-04 1.115571713617190827e-03
4.031514255852632067e-02 2.712183030407413088e-03 3.440760566827252625e-04 1.121149572185276694e-03
4.051671827131894665e-02 2.866987750155733632e-03 3.525246411440729468e-04 1.126755320046202982e-03
4.071930186267554153e-02 2.424567805378331602e-03 3.236621584703559839e-04 1.132389096646434050e-03
4.092289837198891111e-02 2.087993383325306620e-03 3.620050641241054270e-04 1.138051042129666025e-03
4.112751286384885852e-02 2.534306584369686380e-03 3.398018222589949231e-04 1.143741297340314248e-03
4.133315042816809726e-02 2.264539280747867103e-03 3.246885060490824182e-04 1.149460003827015679e-03
4.153981618030892775e-02 1.917684848905273128e-03 2.855846283485634698e-04 1.155207303846150606e-03
4.174751526121046885e-02 1.879883998400047477e-03 2.980353004518693184e-04 1.160983340365381259e-03
4.195625283751651391e-02 2.585665494958316966e-03 3.466123149531468903e-04 1.166788257067207998e-03
4.216603410170409461e-02 2.588173709017160557e-03 3.283582708228462480e-04 1.172622198352543926e-03
4.237686427221261376e-02 2.633887230366073560e-03 3.616907625181011929e-04 1.178485309344306630e-03
4.258874859357367204e-02 2.241709618730518792e-03 3.497483372372209363e-04 1.184377735891027931e-03
4.280169233654153305e-02 3.345389877051537127e-03 3.736218115348135041e-04 1.190299624570482920e-03
4.301570079822424064e-02 2.460839943838201860e-03 3.359051380007341075e-04 1.196251122693335264e-03
4.323077930221535387e-02 2.491086708642812394e-03 3.604539737356379650e-04 1.202232378306801810e-03
4.344693319872642429e-02 2.972381532755759715e-03 3.726042299084193548e-04 1.208243540198335620e-03
4.366416786472004929e-02 3.011491039697149034e-03 3.608994069483317780e-04 1.214284757899327001e-03
4.388248870404365398e-02 2.427566338596095098e-03 3.130097783030381725e-04 1.220356181688823840e-03
4.410190114756386282e-02 2.342954670078666556e-03 3.099480309674207878e-04 1.226457962597267762e-03
4.432241065330168317e-02 3.243752186175882356e-03 3.755212142231072149e-04 1.232590252410254144e-03
4.454402270656818152e-02 2.907012651524663264e-03 3.840843932327941230e-04 1.238753203672305139e-03
4.476674282010102007e-02 2.563278141068918697e-03 3.225084394492151859e-04 1.244946969690666552e-03
4.499057653420152070e-02 2.553213855683656667e-03 3.238115414424645603e-04 1.251171704539119677e-03
4.521552941687251997e-02 2.996147307755481042e-03 3.726209716341936148e-04 1.257427563061815036e-03
4.544160706395687643e-02 3.044010742510448297e-03 3.704921920174533592e-04 1.263714700877124116e-03
4.566881509927665783e-02 2.911136762707533347e-03 3.620352553509997027e-04 1.270033274381509539e-03
4.589715917477303619e-02 3.183454555766725667e-03 3.846451563797836080e-04 1.276383440753416912e-03
4.612664497064689756e-02 2.279583562865990752e-03 3.462940213312025667e-04 1.282765357957184023e-03
4.635727819550012480e-02 3.473386287473387724e-03 3.927484284418002679e-04 1.289179184746969565e-03
4.658906458647761595e-02 2.650368307183075152e-03 3.752608881611868303e-04 1.295625080670704176e-03
4.682200990941000340e-02 2.267264017893419557e-03 3.315950944253272703e-04 1.302103206074057759e-03
4.705611995895704613e-02 2.957791904142040729e-03 3.848978758113002032e-04 1.308613722104427822e-03
4.729140055875183379e-02 2.345105618504826888e-03 3.292775632774063246e-04 1.315156790714949947e-03
4.752785756154558061e-02 2.787147933739370347e-03 3.667598385264120731e-04 1.321732574668524514e-03
4.776549684935330747e-02 3.077371364609413594e-03 3.596725955240919620e-04 1.328341237541867063e-03
4.800432433360006523e-02 2.406659958942518503e-03 3.347028695520009689e-04 1.334982943729576222e-03
4.824434595526806702e-02 1.924990342628946386e-03 3.619069150073058730e-04 1.341657858448223970e-03
4.848556768504440340e-02 1.672643080532187606e-03 3.108608376433153755e-04 1.348366147740464975e-03
4.872799552346961799e-02 1.444206148305638348e-03 3.040388640033439322e-04 1.355107978479167192e-03
4.897163550108696306e-02 2.064187521619592451e-03 2.945315615373368147e-04 1.361883518371562836e-03
4.921649367859239066e-02 1.615545169822420364e-03 2.883250523629277704e-04 1.368692935963420612e-03
4.946257614698534866e-02 1.686189222833043514e-03 2.630454869996863457e-04 1.375536400643237456e-03
4.970988902772026374e-02 1.010069836807335822e-03 2.209821273827131214e-04 1.382414082646453478e-03
4.995843847285886402e-02 1.583589213470972716e-03 2.726760214163173037e-04 1.389326153059685558e-03
5.020823066522315387e-02 1.301417933206945338e-03 2.335048818434491398e-04 1.396272783824983920e-03
5.045927181854926308e-02 1.128574828295237330e-03 2.169744028664790140e-04 1.403254147744108660e-03
5.071156817764200381e-02 1.073275615115138349e-03 2.295240604883673193e-04 1.410270418482829045e-03
5.096512601853020463e-02 1.392674038383841240e-03 2.422246676192838075e-04 1.417321770575242969e-03
5.121995164862284955e-02 1.254335235867190881e-03 2.469466427665471310e-04 1.424408379428118970e-03
5.147605140686596636e-02 1.320192514544743598e-03 2.369216527138264189e-04 1.431530421325259705e-03
5.173343166390028530e-02 8.661205310814922139e-04 1.935200045772275169e-04 1.438688073431885605e-03
5.199209882221978579e-02 1.191166674169399356e-03 2.532376475499910741e-04 1.445881513799044966e-03
5.225205931633088163e-02 8.129360470656414204e-04 2.096957441738701541e-04 1.453110921368040102e-03
5.251331961291252903e-02 1.169119997925885304e-03 2.291258452220791477e-04 1.460376475974880161e-03
5.277588621097707711e-02 9.444163918226244816e-04 2.059470299778768960e-04 1.467678358354754112e-03
