1.442977229909739312e-02 5.075612149183306165e-01 3.527199208918205958e-02 4.012802433592995701e-04
1.450192116059288022e-02 5.173857901888677668e-01 3.409501894188520649e-02 4.032866445760960989e-04
1.457443076639584369e-02 5.695413591559301825e-01 3.582586614085267462e-02 4.053030777989765493e-04
1.464730292022782196e-02 5.759175799054764289e-01 3.536922664638871006e-02 4.073295931879714017e-04
1.472053943482895880e-02 4.809281646697367019e-01 3.209364495334494222e-02 4.093662411539111682e-04
1.479414213200310087e-02 4.041401811196145832e-01 2.825365416383550723e-02 4.114130723596806519e-04
1.486811284266311567e-02 4.398967647932826575e-01 2.995581372733150533e-02 4.134701377214790611e-04
1.494245340687642976e-02 4.441970327235728044e-01 2.931598511762130779e-02 4.155374884100864114e-04
1.501716567391080982e-02 4.132831535019461655e-01 2.739463858272236929e-02 4.176151758521367587e-04
1.509225150228036064e-02 3.886543924566127073e-01 2.629037322062335522e-02 4.197032517313973947e-04
1.516771275979176062e-02 3.616610288768697945e-01 2.504898401571216057e-02 4.218017679900543321e-04
1.524355132359071774e-02 3.132526066405308951e-01 2.325486983152163373e-02 4.239107768300045100e-04
1.531976908020867001e-02 3.390553327086560098e-01 2.395272838319018743e-02 4.260303307141545060e-04
1.539636792560971322e-02 3.699789492006337888e-01 2.514693426544298976e-02 4.281604823677252650e-04
1.547334976523776114e-02 3.283998154521038382e-01 2.335787223926707318e-02 4.303012847795638753e-04
1.555071651406394681e-02 3.221095734888738682e-01 2.247137963584789830e-02 4.324527912034616334e-04
1.562847009663426504e-02 2.694021423813326432e-01 2.045279880363887540e-02 4.346150551594788847e-04
1.570661244711743509e-02 2.817633498877457066e-01 2.081659859228840795e-02 4.367881304352762609e-04
1.578514550935301852e-02 2.975130422885984283e-01 2.118060841069856204e-02 4.389720710874525319e-04
1.586407123689978493e-02 2.821984279596475020e-01 2.127847270342124800e-02 4.411669314428898290e-04
1.594339159308428081e-02 2.712511351378786850e-01 1.991339295372798746e-02 4.433727661001041816e-04
1.602310855104970011e-02 2.392861890526259416e-01 1.840112990310152283e-02 4.455896299306046733e-04
1.610322409380494577e-02 2.433643538166859466e-01 1.823348746634217629e-02 4.478175780802575844e-04
1.618374021427396864e-02 2.048459726010888604e-01 1.656207306225828541e-02 4.500566659706588301e-04
1.626465891534533553e-02 2.200512084849143013e-01 1.707667801194842974e-02 4.523069493005120348e-04
1.634598220992206086e-02 2.712477329638479095e-01 1.861540766456043841e-02 4.545684840470145768e-04
1.642771212097167421e-02 2.228513165534525831e-01 1.682597281723260257e-02 4.568413264672497578e-04
1.650985068157653085e-02 2.118002841215684273e-01 1.627426947755247766e-02 4.591255330995859117e-04
1.659239993498441007e-02 2.018528798447758177e-01 1.543471796775991618e-02 4.614211607650837532e-04
1.667536193465932876e-02 1.650570430858888660e-01 1.371404456480565352e-02 4.637282665689090931e-04
1.675873874433262550e-02 1.721034781909070721e-01 1.438941687733377196e-02 4.660469079017536312e-04
1.684253243805428762e-02 1.836221372617269365e-01 1.442131458090789228e-02 4.683771424412623628e-04
1.692674510024455570e-02 1.783968025424349235e-01 1.376635737046445762e-02 4.707190281534686283e-04
1.701137882574577792e-02 1.321479692777080828e-01 1.164829702840934275e-02 4.730726232942359397e-04
1.709643571987450386e-02 1.470809609215437408e-01 1.213987628997234038e-02 4.754379864107070169e-04
1.718191789847387657e-02 1.551870436642286688e-01 1.268028742202428547e-02 4.778151763427605759e-04
1.726782748796624328e-02 1.382228262909859784e-01 1.177867480577068048e-02 4.802042522244742966e-04
1.735416662540607141e-02 1.374046428523184038e-01 1.154250211411165898e-02 4.826052734855965738e-04
1.744093745853309702e-02 1.199348375662196431e-01 1.111605920560459690e-02 4.850182998530244466e-04
1.752814214582576469e-02 1.370621176098503202e-01 1.155621873870315598e-02 4.874433913522896065e-04
1.761578285655489295e-02 9.499883298588841785e-02 9.120040236836168129e-03 4.898806083090510724e-04
1.770386177083766582e-02 1.014666894267284708e-01 9.440462066585074419e-03 4.923300113505962687e-04
1.779238107969184982e-02 8.372361268189704164e-02 8.570887991967219427e-03 4.947916614073490961e-04
1.788134298509030939e-02 8.220342020077432699e-02 8.328576252798458243e-03 4.972656197143859175e-04
1.797074970001575484e-02 6.286039633597197140e-02 7.243372632863233698e-03 4.997519478129576692e-04
1.806060344851583357e-02 9.658470918711137276e-02 8.911268135598966050e-03 5.022507075520223812e-04
1.815090646575841238e-02 6.641615934138678234e-02 7.631330265805400664e-03 5.047619610897825749e-04
1.824166099808720298e-02 7.360165068284113543e-02 7.725565036699875120e-03 5.072857708952314450e-04
1.833286930307763407e-02 7.197357522009627251e-02 7.642495233241695940e-03 5.098221997497073875e-04
1.842453364959302162e-02 6.350898493796483524e-02 7.025111324946119173e-03 5.123713107484559022e-04
1.851665631784098556e-02 6.517567498017118321e-02 6.935645516490057151e-03 5.149331673021982159e-04
1.860923959943018915e-02 5.447126556730440966e-02 6.279118870189213421e-03 5.175078331387091219e-04
1.870228579742733849e-02 6.606462415212617512e-02 6.876370701581640578e-03 5.200953723044026257e-04
1.879579722641447001e-02 5.366881607742386706e-02 6.028667960676330727e-03 5.226958491659245299e-04
1.888977621254653988e-02 5.045800965647632974e-02 5.817469955267574704e-03 5.253093284117540170e-04
1.898422509360927352e-02 4.140381347832371856e-02 5.293326992082848272e-03 5.279358750538128229e-04
1.907914621907731700e-02 4.831723264834269366e-02 5.608684077993494541e-03 5.305755544290818903e-04
1.917454195017270074e-02 4.165706869209635788e-02 5.159656366008580526e-03 5.332284322012271300e-04
1.927041465992356331e-02 4.002478814881831742e-02 5.076218495182388546e-03 5.358945743622333139e-04
1.936676673322317715e-02 4.315255980384252732e-02 5.366818223446102529e-03 5.385740472340443639e-04
1.946360056688929002e-02 4.415515189668497986e-02 5.126164943485499691e-03 5.412669174702144839e-04
1.956091856972373699e-02 4.002168110142843155e-02 4.920093277908372045e-03 5.439732520575655790e-04
1.965872316257235436e-02 3.204601528307245845e-02 4.355462414634153449e-03 5.466931183178533500e-04
1.975701677838521270e-02 4.200317625010775713e-02 4.944043855163586174e-03 5.494265839094424932e-04
1.985580186227713789e-02 2.920896962394179536e-02 4.045731379865087629e-03 5.521737168289897078e-04
1.995508087158852362e-02 2.697209235432861119e-02 4.081095871137837942e-03 5.549345854131346178e-04
2.005485627594646297e-02 2.750898605706635081e-02 3.810294669434685731e-03 5.577092583402002346e-04
2.015513055732619241e-02 3.950019368727328284e-02 4.649697937047954366e-03 5.604978046319011170e-04
2.025590621011282011e-02 2.818489329098526272e-02 3.831027993246587712e-03 5.633002936550605315e-04
2.035718574116338053e-02 2.760583713580396989e-02 4.038350260986856705e-03 5.661167951233357426e-04
2.045897166986919424e-02 3.023407229364080337e-02 3.965303357916091613e-03 5.689473790989524110e-04
2.056126652821854001e-02 2.438092266859767307e-02 3.478922884665944411e-03 5.717921159944471237e-04
2.066407286085962872e-02 2.557813816683190966e-02 3.509280703955217073e-03 5.746510765744192476e-04
2.076739322516392428e-02 2.610124273084613727e-02 3.667264488680291486e-03 5.775243319572912403e-04
2.087123019128974549e-02 2.693549413980442231e-02 3.563358768464471721e-03 5.804119536170777426e-04
2.097558634224619065e-02 2.924123572840664834e-02 3.708994943781616406e-03 5.833140133851630197e-04
2.108046427395741940e-02 2.708638939709027277e-02 3.521846588574785181e-03 5.862305834520888104e-04
2.118586659532720531e-02 1.885633195173333498e-02 2.905794334305161850e-03 5.891617363693492241e-04
2.129179592830383883e-02 2.198032077308730362e-02 3.104354299437087246e-03 5.921075450511959371e-04
2.139825490794535628e-02 2.605200491088987755e-02 3.460967631426125485e-03 5.950680827764518463e-04
2.150524618248508130e-02 2.504710707409192952e-02 3.284263851021192258e-03 5.980434231903340465e-04
2.161277241339750604e-02 2.083536688047298024e-02 3.082283654165236635e-03 6.010336403062856983e-04
2.172083627546448834e-02 2.189757178982022073e-02 3.168889407784290530e-03 6.040388085078170037e-04
2.182944045684180601e-02 2.607011295234539991e-02 3.253852675142263930e-03 6.070590025503559391e-04
2.193858765912601316e-02 2.421295090833520611e-02 3.330728816118660313e-03 6.100942975631076619e-04
2.204828059742164337e-02 2.794478305484178471e-02 3.265424134003360335e-03 6.131447690509232414e-04
2.215852200040874936e-02 2.694298928176970184e-02 3.192197665173627467e-03 6.162104928961777139e-04
2.226931461041078975e-02 2.842726937662682501e-02 3.276860095863203589e-03 6.192915453606585461e-04
2.238066118346284175e-02 2.842736884848934623e-02 3.213134125682398385e-03 6.223880030874617960e-04
2.249256448938015407e-02 2.856082845361388942e-02 3.422095233268443622e-03 6.254999431028990080e-04
2.260502731182705005e-02 2.541463360367436988e-02 2.989543836964982451e-03 6.286274428184134315e-04
2.271805244838618482e-02 2.439228129816553570e-02 2.909834832584191726e-03 6.317705800325054558e-04
2.283164271062811460e-02 2.287982562822280658e-02 2.810783615580344803e-03 6.349294329326679110e-04
2.294580092418125120e-02 2.343593283103586819e-02 2.815696238735513040e-03 6.381040800973312348e-04
2.306052992880215646e-02 2.259261526993893918e-02 2.754389737989319711e-03 6.412946004978178557e-04
2.317583257844616634e-02 2.502109904358850237e-02 2.864023126111079308e-03 6.445010735003068756e-04
2.329171174133839312e-02 2.752126771531506269e-02 2.978664010319409181e-03 6.477235788678082935e-04
2.340817030004507804e-02 3.208976108952787953e-02 3.279277935501075190e-03 6.509621967621472037e-04
2.352521115154530135e-02 2.641057630115236157e-02 2.956524471100080258e-03 6.542170077459578612e-04
2.364283720730302879e-02 2.525674902846026387e-02 2.782749177926302324e-03 6.574880927846876114e-04
2.376105139333953981e-02 2.814131725013890167e-02 2.943156316324178814e-03 6.607755332486110137e-04
2.387985665030623386e-02 2.895035508900171625e-02 2.917453259291674476e-03 6.640794109148539376e-04
2.399925593355776293e-02 3.274704689671256025e-02 3.213936832925414107e-03 6.673998079694281769e-04
2.411925221322554908e-02 2.728373057292481085e-02 2.894448349998977269e-03 6.707368070092751709e-04
2.423984847429167672e-02 1.980121699465985097e-02 2.479169652816031084e-03 6.740904910443215430e-04
2.436104771666313187e-02 2.866519408203265645e-02 2.873861533735217171e-03 6.774609434995430965e-04
2.448285295524644731e-02 2.566622264573899248e-02 2.698868584135067673e-03 6.808482482170408450e-04
2.460526722002267380e-02 2.226139969424850706e-02 2.530855860496087836e-03 6.842524894581258248e-04
2.472829355612278512e-02 2.363136487241139158e-02 2.812474750834690566e-03 6.876737519054163753e-04
2.485193502390339870e-02 2.126949191844391962e-02 2.500577418208784798e-03 6.911121206649434431e-04
2.497619469902290917e-02 1.836502654527544590e-02 2.246874689103640303e-03 6.945676812682680286e-04
2.510107567251802091e-02 2.130880351134995659e-02 2.400344706198484241e-03 6.980405196746092581e-04
2.522658105088061015e-02 2.263497695121061484e-02 2.393011618014532355e-03 7.015307222729823223e-04
2.535271395613501039e-02 2.310935188993408149e-02 2.465148073020532234e-03 7.050383758843471477e-04
2.547947752591567944e-02 2.610129248033083230e-02 2.505088291696989412e-03 7.085635677637686699e-04
2.560687491354525849e-02 2.145023951099835416e-02 2.267916910325252274e-03 7.121063856025876227e-04
2.573490928811298165e-02 2.299094830038033929e-02 2.385572482293846219e-03 7.156669175306004356e-04
2.586358383455354334e-02 2.145850916566554786e-02 2.231615070461883885e-03 7.192452521182533332e-04
2.599290175372630934e-02 2.405937635038228606e-02 2.353413974140001683e-03 7.228414783788445668e-04
2.612286626249493704e-02 1.971596083882467751e-02 2.179482314191394203e-03 7.264556857707386807e-04
2.625348059380740867e-02 1.661632131156604714e-02 1.988850264172487177e-03 7.300879641995922705e-04
2.638474799677644617e-02 1.989712795379376328e-02 2.104045184100953366e-03 7.337384040205902590e-04
2.651667173676032496e-02 1.697074624745293150e-02 2.063633599293778712e-03 7.374070960406931214e-04
2.664925509544412152e-02 1.336655069512182256e-02 1.736281456503025811e-03 7.410941315208964715e-04
2.678250137092134248e-02 1.357141723123697630e-02 1.748432173210992709e-03 7.447996021785009474e-04
2.691641387777594235e-02 1.251855819574121224e-02 1.749396149925528873e-03 7.485236001893932640e-04
2.705099594716482009e-02 1.266715446713377255e-02 1.720416216659729873e-03 7.522662181903401685e-04
2.718625092690064166e-02 1.563634235253173396e-02 1.801802434225883900e-03 7.560275492812918276e-04
2.732218218153514150e-02 1.521287292676561098e-02 1.764698887287771559e-03 7.598076870276981171e-04
2.745879309244281599e-02 1.237432397804706131e-02 1.568372058717567869e-03 7.636067254628366207e-04
2.759608705790502631e-02 1.417942051955324578e-02 1.679449362483570246e-03 7.674247590901507121e-04
2.773406749319454884e-02 1.213667586824363452e-02 1.550932590090920229e-03 7.712618828856014066e-04
2.787273783066051419e-02 1.245779434571970580e-02 1.542300245113707897e-03 7.751181923000291865e-04
2.801210151981381458e-02 1.139160118000537986e-02 1.568364532387474643e-03 7.789937832615292717e-04
2.815216202741288587e-02 1.366915473884306072e-02 1.619425394074025439e-03 7.828887521778369728e-04
2.829292283754994419e-02 9.149860581664876966e-03 1.414989581486915220e-03 7.868031959387259463e-04
2.843438745173769086e-02 7.785323135050855291e-03 1.229046295057262608e-03 7.907372119184195684e-04
2.857655938899637815e-02 1.031685595150239228e-02 1.401826250585737387e-03 7.946908979780116337e-04
2.871944218594135734e-02 9.975913215434093623e-03 1.368261432612137042e-03 7.986643524679015813e-04
2.886303939687106038e-02 7.816305665649600498e-03 1.218951657348369766e-03 8.026576742302409971e-04
2.900735459385541531e-02 7.445347038440613269e-03 1.175583325055174627e-03 8.066709626013921506e-04
2.915239136682468840e-02 6.511930454183752215e-03 1.155459405863652539e-03 8.107043174143990002e-04
2.929815332365880848e-02 7.630377265396694024e-03 1.257051618043069762e-03 8.147578390014708835e-04
2.944464409027709728e-02 8.978687540305726328e-03 1.281031087583003100e-03 8.188316281964781338e-04
2.959186731072847854e-02 7.869742767013783100e-03 1.295560492781531580e-03 8.229257863374603819e-04
2.973982664728212072e-02 5.375990734738578768e-03 1.038353430371632101e-03 8.270404152691476513e-04
2.988852578051852740e-02 4.798023462093519050e-03 9.222746355579681784e-04 8.311756173454932714e-04
3.003796840942111676e-02 6.552262670811508441e-03 1.159906200420699612e-03 8.353314954322206684e-04
3.018815825146821744e-02 5.026829056539938549e-03 9.323892596008121402e-04 8.395081529093816487e-04
3.033909904272555358e-02 5.014273957059071397e-03 9.300581898706455648e-04 8.437056936739284517e-04
3.049079453793918093e-02 5.405657659202495018e-03 9.697702064548425951e-04 8.479242221422980544e-04
3.064324851062887045e-02 5.659195511310276781e-03 9.840098235076853196e-04 8.521638432530093772e-04
3.079646475318201237e-02 7.444097734655005447e-03 1.133894697964240748e-03 8.564246624692743682e-04
3.095044707694791924e-02 7.405670783350682546e-03 1.175391737928298133e-03 8.607067857816206886e-04
3.110519931233265631e-02 6.427749435456772166e-03 1.041233284110605183e-03 8.650103197105287085e-04
3.126072530889431600e-02 5.761834770660646809e-03 9.866527921281653332e-04 8.693353713090811894e-04
3.141702893543878161e-02 6.466068766691470023e-03 1.034044162268898861e-03 8.736820481656264094e-04
3.157411408011597670e-02 5.365951268405185978e-03 1.000152562128035338e-03 8.780504584064546250e-04
3.173198465051654815e-02 7.163872786816836459e-03 1.091086622486873037e-03 8.824407106984866753e-04
3.189064457376912520e-02 5.271969995582765148e-03 9.307624622615767989e-04 8.868529142519789585e-04
3.205009779663797742e-02 5.616548088153761054e-03 9.619349781969477146e-04 8.912871788232390327e-04
3.221034828562116537e-02 5.353613621419738705e-03 9.451158865884026891e-04 8.957436147173552035e-04
3.237140002704926023e-02 5.118822475678419699e-03 1.022373687731998985e-03 9.002223327909416152e-04
3.253325702718450757e-02 5.907680570064222612e-03 1.011800686409210703e-03 9.047234444548963531e-04
3.269592331232042820e-02 8.553467774707534596e-03 1.259503874631783590e-03 9.092470616771708208e-04
3.285940292888202274e-02 7.701413905016777500e-03 1.186783222498966582e-03 9.137932969855564651e-04
3.302369994352642724e-02 7.490733316853814307e-03 1.154261020371081517e-03 9.183622634704840778e-04
3.318881844324406138e-02 6.023119537499620722e-03 1.016621164099354869e-03 9.229540747878365410e-04
3.335476253546027642e-02 7.002303493362702774e-03 1.091925978091902276e-03 9.275688451617755594e-04
3.352153634813757888e-02 6.570157795692914415e-03 1.050402370339310843e-03 9.322066893875844383e-04
3.368914402987825685e-02 6.289957805793157559e-03 1.018713664432513866e-03 9.368677228345221372e-04
3.385758975002764459e-02 8.558931325342161722e-03 1.226367540155758572e-03 9.415520614486946709e-04
3.402687769877778268e-02 7.806474266139829671e-03 1.124858852856748179e-03 9.462598217559381117e-04
3.419701208727166097e-02 9.596478120160057551e-03 1.236732548632887103e-03 9.509911208647175290e-04
3.436799714770802372e-02 5.868524896527672376e-03 9.630606209910518327e-04 9.557460764690412164e-04
3.453983713344655621e-02 7.173688984525599180e-03 1.055790039610487877e-03 9.605248068513861943e-04
3.471253631911378618e-02 8.145871726678459435e-03 1.106485415229748522e-03 9.653274308856430114e-04
3.488609900070935299e-02 6.978148610986334432e-03 1.067326368904017745e-03 9.701540680400711717e-04
3.506052949571289434e-02 4.549563583262426596e-03 8.909821119830556562e-04 9.750048383802714744e-04
3.523583214319145340e-02 5.467200034413270161e-03 8.970625619003130737e-04 9.798798625721726659e-04
3.541201130390740637e-02 7.321441271575418984e-03 1.093650636463977489e-03 9.847792618850332701e-04
3.558907136042693820e-02 5.603328023955723124e-03 8.955044403826582745e-04 9.897031581944583812e-04
3.576701671722907344e-02 7.777070998508646936e-03 1.056260250953894439e-03 9.946516739854306590e-04
3.594585180081521364e-02 7.387376806718461315e-03 1.022458311551701715e-03 9.996249323553578047e-04
3.612558105981928530e-02 6.047858391010545696e-03 9.957129505930276299e-04 1.004623057017134348e-03
3.630620896511838058e-02 7.683985209617655646e-03 1.034113474859591235e-03 1.009646172302219912e-03
3.648774000994396693e-02 6.197614142470249735e-03 9.221148360299475559e-04 1.014694403163730928e-03
3.667017870999368656e-02 6.388461730858643363e-03 9.771389624308583245e-04 1.019767875179549690e-03
3.685352960354364854e-02 5.899954991943957318e-03 9.586731647119299147e-04 1.024866714555447075e-03
3.703779725156136626e-02 6.024323891336712603e-03 9.065219643643817292e-04 1.029991048128224345e-03
3.722298623781916671e-02 6.359404928489237677e-03 9.259672742684474508e-04 1.035141003368865355e-03
3.740910116900825200e-02 4.469195131545081710e-03 8.442615711234818538e-04 1.040316708385709363e-03
3.759614667485329520e-02 4.763989063007477431e-03 7.926537160820099201e-04 1.045518291927637934e-03
3.778412740822754967e-02 4.974918859737344733e-03 8.056718657489147150e-04 1.050745883387275937e-03
3.797304804526868693e-02 4.948780342786181230e-03 8.015141869932549974e-04 1.055999612804212279e-03
3.816291328549503009e-02 6.101755511167254731e-03 8.886312885388268070e-04 1.061279610868233209e-03
3.835372785192249501e-02 5.083180414472058747e-03 8.730252722636005916e-04 1.066586008922574061e-03
3.854549649118210741e-02 4.100982655194932575e-03 7.888458826152388572e-04 1.071918938967187035e-03
3.873822397363801268e-02 3.697056926542024741e-03 6.855501725813935602e-04 1.077278533662022865e-03
3.893191509350620028e-02 3.625929035006475541e-03 7.275337878073093395e-04 1.082664926330332861e-03
3.912657466897372788e-02 4.905225174557604519e-03 7.844106598836207613e-04 1.088078250961984402e-03
3.932220754231859072e-02 3.488856366945608696e-03 6.585175812053671021e-04 1.093518642216794205e-03
3.951881858003018083e-02 3.537839563119504240e-03 6.561489450772142479e-04 1.098986235427878077e-03
3.971641267293032906e-02 4.245050678750452756e-03 7.271701225153513444e-04 1.104481166605017365e-03
3.991499473629497863e-02 2.864202949024380069e-03 5.965388799772965156e-04 1.110003572438042312e-03
4.011456970997644145e-02 2.700188937427092616e-03 5.750398002547451280e-04 1.115553590300232337e-03
4.031514255852632067e-02 1.947530035126176758e-03 4.863573364891484265e-04 1.121131358251733438e-03
4.051671827131894665e-02 2.417686701849901167e-03 5.400343668916885798e-04 1.126737015042991860e-03
4.071930186267554153e-02 2.408590450019349426e-03 5.380214177514924334e-04 1.132370700118206846e-03
4.092289837198891111e-02 3.245375710433089957e-03 6.239283252315757679e-04 1.138032553618797699e-03
4.112751286384885852e-02 3.083686292996526326e-03 6.041507310425495419e-04 1.143722716386891660e-03
4.133315042816809726e-02 2.212601849329099042e-03 5.705827474769665326e-04 1.149441329968826095e-03
4.153981618030892775e-02 1.185657992490043609e-03 3.745615975053795182e-04 1.155188536618669774e-03
4.174751526121046885e-02 2.905134620953936028e-03 5.804440151885526195e-04 1.160964479301763216e-03
4.195625283751651391e-02 2.241766116958743543e-03 5.137804560811801233e-04 1.166769301698271626e-03
4.216603410170409461e-02 1.628041222086613416e-03 4.346618601891797371e-04 1.172603148206762978e-03
4.237686427221261376e-02 1.626584799240445023e-03 5.190555347200663311e-04 1.178466163947796720e-03
4.258874859357367204e-02 2.103076352901547125e-03 4.951754456524508569e-04 1.184358494767535691e-03
4.280169233654153305e-02 1.861754041302421305e-03 6.150519638781083275e-04 1.190280287241373205e-03
4.301570079822424064e-02 1.854069323989298353e-03 5.429282801420795947e-04 1.196231688677580098e-03
4.323077930221535387e-02 1.493616841709966394e-03 4.137752145790721909e-04 1.202212847120967586e-03
4.344693319872642429e-02 2.332492281172393340e-03 5.659801188931608317e-04 1.208223911356572262e-03
4.366416786472004929e-02 1.598283304502558623e-03 4.266428732613806595e-04 1.214265030913354955e-03
4.388248870404365398e-02 2.816459633477707246e-03 5.625951030501177451e-04 1.220336356067921926e-03
4.410190114756386282e-02 2.629283577381879341e-03 6.148525975719989784e-04 1.226438037848261251e-03
4.432241065330168317e-02 2.707789828375558629e-03 5.519960122814979945e-04 1.232570228037502616e-03
4.454402270656818152e-02 2.060976771670800130e-03 5.601867351215309831e-04 1.238733079177689904e-03
4.476674282010102007e-02 1.811104246790376992e-03 4.521653175623172949e-04 1.244926744573578289e-03
4.499057653420152070e-02 1.719000797625900483e-03 4.432323201484475754e-04 1.251151378296446078e-03
4.521552941687251997e-02 3.181207294250617927e-03 6.003630115657094613e-04 1.257407135187928009e-03
4.544160706395687643e-02 2.946340613100125773e-03 5.770054362294607664e-04 1.263694170863867428e-03
4.566881509927665783e-02 2.777970039621606175e-03 5.662411578325641723e-04 1.270012641718186669e-03
4.589715917477303619e-02 3.151981692149385863e-03 6.057436403898887453e-04 1.276362704926777393e-03
4.612664497064689756e-02 2.081836049101404035e-03 5.547921661702412193e-04 1.282744518451411301e-03
4.635727819550012480e-02 2.105827489278083546e-03 5.100432400470564058e-04 1.289158241043668199e-03
4.658906458647761595e-02 1.768610844792736737e-03 4.720307283588955137e-04 1.295604032248886183e-03
4.682200990941000340e-02 3.154679636635992698e-03 6.178228048171190579e-04 1.302082052410130685e-03
4.705611995895704613e-02 2.788835245050835885e-03 5.684765878096686119e-04 1.308592462672181081e-03
4.729140055875183379e-02 2.378619629158341096e-03 5.770322772574609143e-04 1.315135424985542029e-03
4.752785756154558061e-02 3.151410441454441033e-03 6.056363793359495875e-04 1.321711102110469322e-03
4.776549684935330747e-02 2.230998294775173984e-03 5.111063823381493086e-04 1.328319657621021771e-03
4.800432433360006523e-02 1.643158816982549135e-03 4.385973351542774208e-04 1.334961255909126532e-03
4.824434595526806702e-02 1.792914586052654592e-03 4.623431589372946826e-04 1.341636062188672181e-03
4.848556768504440340e-02 2.251792421031132991e-03 5.805508733956545086e-04 1.348344242499615458e-03
4.872799552346961799e-02 2.169456275733657857e-03 5.107347150700825662e-04 1.355085963712113380e-03
4.897163550108696306e-02 1.872569659276501590e-03 4.675830073913828469e-04 1.361861393530673777e-03
4.921649367859239066e-02 1.714249095052593121e-03 5.230970082917578336e-04 1.368670700498327095e-03
4.946257614698534866e-02 2.631627904750443499e-03 5.481217526344570826e-04 1.375514054000818564e-03
4.970988902772026374e-02 1.609492637163767621e-03 4.296763485488515485e-04 1.382391624270822277e-03
4.995843847285886402e-02 2.474395291049232785e-03 5.393770899968567106e-04 1.389303582392176521e-03
5.020823066522315387e-02 1.872559416025903600e-03 4.676658294735382246e-04 1.396250100304137097e-03
5.045927181854926308e-02 1.392523924194103519e-03 4.015799907628479553e-04 1.403231350805657753e-03
5.071156817764200381e-02 1.223387170698064233e-03 4.484731037540841143e-04 1.410247507559685793e-03
5.096512601853020463e-02 2.117523666778372594e-03 4.986753234368591827e-04 1.417298745097483924e-03
5.121995164862284955e-02 8.317490989292859955e-04 3.141008963478466318e-04 1.424385238822971182e-03
5.147605140686596636e-02 1.183668535251453753e-03 4.730611963858112482e-04 1.431507165017086199e-03
5.173343166390028530e-02 2.288099428324003471e-03 6.016637211975947022e-04 1.438664700842171278e-03
5.199209882221978579e-02 9.812082437293484592e-04 3.466400380782600019e-04 1.445858024346382067e-03
5.225205931633088163e-02 1.156621992184568917e-03 4.527711825839080950e-04 1.453087314468113917e-03
5.251331961291252903e-02 7.493171923550162421e-04 3.056973927837246100e-04 1.460352751040454268e-03
5.277588621097707711e-02 1.251019690783813964e-03 3.953354946510460573e-04 1.467654514795656284e-03
