1.442977229909739312e-02 5.461434060680242508e-01 3.656182745687837354e-02 4.012835029382323475e-04
1.450192116059288022e-02 5.295899295274441032e-01 3.404289588333327121e-02 4.032899204529234965e-04
1.457443076639584369e-02 5.171359593659713427e-01 3.420483387757373289e-02 4.053063700551880698e-04
1.464730292022782196e-02 5.511992115385569990e-01 3.464930562648003975e-02 4.073329019054639909e-04
1.472053943482895880e-02 5.486118179887393698e-01 3.423746775596737957e-02 4.093695664149912751e-04
1.479414213200310087e-02 4.071918039797893241e-01 2.800038566535307041e-02 4.114164142470661261e-04
1.486811284266311567e-02 4.056359875197410592e-01 3.017069722143487023e-02 4.134734963183014293e-04
1.494245340687642976e-02 4.079800847523322727e-01 2.852326321474404555e-02 4.155408637998929378e-04
1.501716567391080982e-02 3.389553702060241203e-01 2.523161064308827167e-02 4.176185681188923421e-04
1.509225150228036064e-02 3.959819105409222995e-01 2.690035428368399428e-02 4.197066609594866829e-04
1.516771275979176062e-02 3.813179191396302015e-01 2.573571087902635016e-02 4.218051942642840526e-04
1.524355132359071774e-02 3.307066603684568618e-01 2.353962937823704873e-02 4.239142202356054761e-04
1.531976908020867001e-02 3.221614866677887656e-01 2.372117804112057471e-02 4.260337913367834599e-04
1.539636792560971322e-02 3.684194813833023829e-01 2.544870977565697606e-02 4.281639602934673712e-04
1.547334976523776114e-02 3.064357373321119904e-01 2.261644661982152929e-02 4.303047800949346725e-04
1.555071651406394681e-02 2.834096284033701396e-01 2.167201295483769247e-02 4.324563039954092570e-04
1.562847009663426504e-02 2.794491589589395697e-01 2.058824986102708934e-02 4.346185855153862892e-04
1.570661244711743509e-02 2.620514915879591511e-01 2.044450853194874906e-02 4.367916784429631718e-04
1.578514550935301852e-02 3.005793103662829369e-01 2.129057672493617215e-02 4.389756368351778850e-04
1.586407123689978493e-02 3.028435142816683912e-01 2.139745615844933224e-02 4.411705150193537760e-04
1.594339159308428081e-02 2.380725893794648218e-01 1.880577459672718235e-02 4.433763675944504758e-04
1.602310855104970011e-02 2.966802218002232983e-01 2.045511645362315875e-02 4.455932494324226748e-04
1.610322409380494577e-02 2.513903984597105068e-01 1.857433103919146206e-02 4.478212156795847000e-04
1.618374021427396864e-02 2.239704187468784247e-01 1.732799967104835595e-02 4.500603217579825731e-04
1.626465891534533553e-02 2.615504298041260167e-01 1.862313412083309999e-02 4.523106233667724104e-04
1.634598220992206086e-02 2.288453777129680899e-01 1.738493571188174172e-02 4.545721764836062502e-04
1.642771212097167421e-02 2.015575238260293722e-01 1.583586378562895983e-02 4.568450373660243313e-04
1.650985068157653085e-02 1.750565039713008197e-01 1.513739155227429405e-02 4.591292625528544183e-04
1.659239993498441007e-02 2.172168000204440230e-01 1.626903981864297535e-02 4.614249088656186080e-04
1.667536193465932876e-02 1.801662513349243933e-01 1.433628398520877742e-02 4.637320334099465872e-04
1.675873874433262550e-02 1.782934852640315759e-01 1.437304572828689703e-02 4.660506935769963169e-04
1.684253243805428762e-02 1.574150420471339129e-01 1.312651793783732763e-02 4.683809470448812760e-04
1.692674510024455570e-02 1.362514148913760159e-01 1.250850482092673993e-02 4.707228517801056197e-04
1.701137882574577792e-02 1.367900632155539531e-01 1.255807041719914086e-02 4.730764660390061145e-04
1.709643571987450386e-02 1.353186098578851582e-01 1.165839324473069358e-02 4.754418483692010654e-04
1.718191789847387657e-02 1.394836299197091400e-01 1.254463782634884089e-02 4.778190576110471046e-04
1.726782748796624328e-02 1.495559232137585737e-01 1.226169892888992301e-02 4.802081528991022138e-04
1.735416662540607141e-02 1.200503065615324272e-01 1.079739204857027048e-02 4.826091936635976912e-04
1.744093745853309702e-02 1.076124711101648229e-01 1.005394556287249851e-02 4.850222396319155398e-04
1.752814214582576469e-02 1.313389309724962428e-01 1.131889308276095261e-02 4.874473508300751793e-04
1.761578285655489295e-02 1.099986079841787368e-01 9.815718617112572167e-03 4.898845875842255254e-04
1.770386177083766582e-02 9.992765899430247623e-02 9.379193537661648788e-03 4.923340105221466097e-04
1.779238107969184982e-02 9.525473583006358047e-02 9.145674631245803363e-03 4.947956805747571627e-04
1.788134298509030939e-02 9.187112694718339856e-02 8.972490906738295191e-03 4.972696589776309795e-04
1.797074970001575484e-02 8.517519276320369148e-02 8.853690389127540084e-03 4.997560072725190303e-04
1.806060344851583357e-02 7.107599346692920761e-02 7.911157551003342170e-03 5.022547873088815474e-04
1.815090646575841238e-02 8.031014172422047681e-02 8.180548550054607057e-03 5.047660612454259654e-04
1.824166099808720298e-02 7.571573816834362147e-02 7.673014122871157396e-03 5.072898915516531023e-04
1.833286930307763407e-02 5.902511294137652992e-02 6.713981951578605785e-03 5.098263410094112545e-04
1.842453364959302162e-02 5.388677002862833632e-02 6.500734487040894793e-03 5.123754727144582072e-04
1.851665631784098556e-02 6.388779981866166136e-02 6.877164796945291723e-03 5.149373500780305086e-04
1.860923959943018915e-02 6.386934093266831425e-02 6.796953437436848572e-03 5.175120368284206584e-04
1.870228579742733849e-02 5.254512702824340464e-02 6.139791019510875900e-03 5.200995970125626457e-04
1.879579722641447001e-02 5.238540674392057339e-02 5.960433177483720653e-03 5.227000949976252919e-04
1.888977621254653988e-02 4.644842821139660849e-02 5.583184277014791898e-03 5.253135954726134010e-04
1.898422509360927352e-02 5.363735353901846747e-02 6.250319150837254853e-03 5.279401634499764984e-04
1.907914621907731700e-02 4.380933821898189140e-02 5.344452184937429490e-03 5.305798642672263522e-04
1.917454195017270074e-02 5.195657938148146721e-02 5.764856386135461773e-03 5.332327635885623007e-04
1.927041465992356331e-02 4.398464398132110459e-02 5.326651355590756448e-03 5.358989274065051453e-04
1.936676673322317715e-02 5.175081755834309155e-02 5.707270560210845993e-03 5.385784220435375479e-04
1.946360056688929002e-02 3.763443999543410190e-02 4.955640357074142695e-03 5.412713141537551630e-04
1.956091856972373699e-02 3.887356856069284355e-02 4.853046035503831394e-03 5.439776707245239486e-04
1.965872316257235436e-02 4.279879397536438812e-02 5.037587291524599220e-03 5.466975590781464767e-04
1.975701677838521270e-02 2.743005645669134573e-02 3.996171199580484702e-03 5.494310468735371343e-04
1.985580186227713789e-02 2.530605671045981983e-02 3.767917015000138686e-03 5.521782021079048048e-04
1.995508087158852362e-02 3.022256508882201903e-02 4.146459010165334629e-03 5.549390931184443321e-04
2.005485627594646297e-02 2.381730631878248641e-02 3.546271004865527831e-03 5.577137885840364410e-04
2.015513055732619241e-02 2.799213210458592269e-02 3.915090746152237629e-03 5.605023575269565484e-04
2.025590621011282011e-02 3.450324675267894825e-02 4.430756478038306093e-03 5.633048693145912720e-04
2.035718574116338053e-02 2.815651566361244973e-02 3.863077596594515894e-03 5.661213936611641552e-04
2.045897166986919424e-02 2.506677327550124040e-02 3.613861252797811226e-03 5.689520006294698480e-04
2.056126652821854001e-02 2.290975161332476848e-02 3.373914822023459711e-03 5.717967606326171794e-04
2.066407286085962872e-02 2.560766963473403920e-02 3.513330727657984487e-03 5.746557444357801433e-04
2.076739322516392428e-02 2.498700136105046210e-02 3.460922138582400286e-03 5.775290231579589687e-04
2.087123019128974549e-02 1.796446175182724730e-02 2.910680342073124292e-03 5.804166682737488866e-04
2.097558634224619065e-02 2.409552890431858677e-02 3.369827599564652418e-03 5.833187516151174630e-04
2.108046427395741940e-02 2.708585257773270596e-02 3.521778346780672034e-03 5.862353453731929901e-04
2.118586659532720531e-02 2.610466748567526543e-02 3.423230915906487135e-03 5.891665221000589496e-04
2.129179592830383883e-02 1.977923706070404408e-02 3.134758571447978422e-03 5.921123547105592091e-04
2.139825490794535628e-02 3.067646154210966827e-02 3.635689144855262008e-03 5.950729164841118924e-04
2.150524618248508130e-02 2.978792825443398948e-02 3.581048978256504752e-03 5.980482810665324655e-04
2.161277241339750604e-02 2.934131964174585203e-02 3.620927865770708510e-03 6.010385224718650622e-04
2.172083627546448834e-02 2.152822611968701824e-02 2.981030163192548415e-03 6.040437150842242189e-04
2.182944045684180601e-02 2.566964876616104063e-02 3.229221042900061976e-03 6.070639336596452820e-04
2.193858765912601316e-02 3.004058674230646389e-02 3.440534749867506931e-03 6.100992533279433810e-04
2.204828059742164337e-02 2.794040811040031727e-02 3.264912903877241306e-03 6.131497495945831353e-04
2.215852200040874936e-02 2.962853643950056487e-02 3.349167967073298727e-03 6.162154983425559502e-04
2.226931461041078975e-02 2.582439482611001078e-02 3.126309480710809992e-03 6.192965758342686968e-04
2.238066118346284175e-02 2.514101526925739336e-02 3.021320033576915635e-03 6.223930587134399823e-04
2.249256448938015407e-02 2.809635438602613167e-02 3.196120739773767629e-03 6.255050240070071524e-04
2.260502731182705005e-02 2.544010714221982619e-02 2.992537236569575536e-03 6.286325491270420771e-04
2.271805244838618482e-02 2.666891189003646467e-02 3.127075644644132339e-03 6.317757118726772354e-04
2.283164271062811460e-02 2.533958841986423682e-02 2.959943681410648862e-03 6.349345904320405831e-04
2.294580092418125120e-02 2.683988353296640206e-02 3.013666987864355336e-03 6.381092633842007193e-04
2.306052992880215646e-02 2.684762968947483619e-02 3.084472943717994371e-03 6.412998097011215950e-04
2.317583257844616634e-02 3.194876351575795526e-02 3.237030073050106010e-03 6.445063087496271954e-04
2.329171174133839312e-02 2.607659960040578997e-02 2.976036386043151485e-03 6.477288402933752218e-04
2.340817030004507804e-02 3.178693166884631605e-02 3.171683504054559604e-03 6.509674844948419407e-04
2.352521115154530135e-02 2.380068869817682231e-02 2.742050067634497611e-03 6.542223219173160312e-04
2.364283720730302879e-02 2.403007055064455139e-02 2.714631646882267272e-03 6.574934335269027328e-04
2.376105139333953981e-02 2.845268026873974329e-02 3.054507471140599766e-03 6.607809006945371006e-04
2.387985665030623386e-02 2.289125828291869308e-02 2.760861329315484908e-03 6.640848051980096202e-04
2.399925593355776293e-02 3.038264755150214824e-02 3.015827964606702678e-03 6.674052292239996288e-04
2.411925221322554908e-02 2.188416019025830883e-02 2.537752823119579330e-03 6.707422553701195781e-04
2.423984847429167672e-02 2.412163070538411030e-02 2.625427044012597008e-03 6.740959666469701402e-04
2.436104771666313187e-02 2.468642564018364363e-02 2.671020886075767091e-03 6.774664464802049616e-04
2.448285295524644731e-02 2.507222205723511413e-02 2.666191030851250421e-03 6.808537787126059350e-04
2.460526722002267380e-02 2.897352621402272607e-02 2.975845133028405965e-03 6.842580476061688784e-04
2.472829355612278512e-02 2.157376107046122746e-02 2.762065425527931647e-03 6.876793378441996242e-04
2.485193502390339870e-02 2.408933341531152919e-02 2.730774371043329356e-03 6.911177345334206228e-04
2.497619469902290917e-02 2.323312351369066775e-02 2.456511945217682534e-03 6.945733232060875232e-04
2.510107567251802091e-02 2.107708933894146888e-02 2.545457223965378029e-03 6.980461898221178947e-04
2.522658105088061015e-02 2.521831132216620364e-02 2.527895877068081412e-03 7.015364207712284066e-04
2.535271395613501039e-02 2.490234468089421241e-02 2.556210758633665169e-03 7.050441028750844760e-04
2.547947752591567944e-02 2.154335327264093186e-02 2.353195362610702515e-03 7.085693233894597813e-04
2.560687491354525849e-02 2.437205821627115229e-02 2.418925808838341077e-03 7.121121700064070520e-04
2.573490928811298165e-02 1.943437439191072688e-02 2.202847168966265857e-03 7.156727308564390499e-04
2.586358383455354334e-02 1.979384905100203818e-02 2.246826458295097997e-03 7.192510945107211508e-04
2.599290175372630934e-02 2.016825531045095959e-02 2.156946885483261231e-03 7.228473499832746606e-04
2.612286626249493704e-02 1.635412074497047050e-02 2.049626046541035054e-03 7.264615867331909727e-04
2.625348059380740867e-02 1.970797704285728869e-02 2.107787364570578009e-03 7.300938946668567844e-04
2.638474799677644617e-02 1.947425272738228380e-02 2.082867510542377003e-03 7.337443641401911317e-04
2.651667173676032496e-02 1.280611898246138657e-02 1.762850370439969548e-03 7.374130859608919644e-04
2.664925509544412152e-02 1.589231156934842182e-02 1.895242733245819204e-03 7.411001513906962735e-04
2.678250137092134248e-02 1.773662387350622913e-02 2.051314873325027575e-03 7.448056521476497608e-04
2.691641387777594235e-02 1.450810179513212055e-02 1.884979344255236031e-03 7.485296804083878914e-04
2.705099594716482009e-02 1.688624053302801090e-02 1.986177579913195150e-03 7.522723288104297404e-04
2.718625092690064166e-02 1.409019287479258004e-02 1.764776754302616480e-03 7.560336904544818137e-04
2.732218218153514150e-02 1.479835352191006051e-02 1.740298406927446749e-03 7.598138589067541214e-04
2.745879309244281599e-02 1.219742362764403634e-02 1.558571206385370948e-03 7.636129282012878508e-04
2.759608705790502631e-02 8.404979492492248294e-03 1.383719720314918657e-03 7.674309928422942077e-04
2.773406749319454884e-02 1.034413433184375175e-02 1.431695178576958966e-03 7.712681478065056169e-04
2.787273783066051419e-02 9.481195578858117243e-03 1.478420624830936595e-03 7.751244885455379824e-04
2.801210151981381458e-02 1.200207543020216823e-02 1.607547128638935844e-03 7.790001109882655232e-04
2.815216202741288587e-02 9.441260773197941367e-03 1.346419538021032198e-03 7.828951115432069945e-04
2.829292283754994419e-02 1.001836171261926735e-02 1.450450546967398504e-03 7.868095871009228581e-04
2.843438745173769086e-02 8.952483262282324994e-03 1.317911351452529358e-03 7.907436350364273076e-04
2.857655938899637815e-02 8.623618380004489242e-03 1.283589296262107205e-03 7.946973532116093997e-04
2.871944218594135734e-02 1.081305756158524797e-02 1.546074494072126023e-03 7.986708399776674136e-04
2.886303939687106038e-02 9.139328074223667525e-03 1.317257035918383565e-03 8.026641941775556786e-04
2.900735459385541531e-02 7.648353096765037919e-03 1.277150110822577794e-03 8.066775151484434359e-04
2.915239136682468840e-02 5.719124926148543182e-03 1.120698546697446261e-03 8.107109027241855186e-04
2.929815332365880848e-02 6.354006859345533685e-03 1.072624047382024839e-03 8.147644572378063676e-04
2.944464409027709728e-02 6.126091438098720671e-03 1.122659550590343310e-03 8.188382795239952140e-04
2.959186731072847854e-02 5.946307598233955063e-03 1.033854604050643772e-03 8.229324709216151402e-04
2.973982664728212072e-02 6.364878705483118133e-03 1.059529388025146329e-03 8.270471332762231991e-04
2.988852578051852740e-02 6.055306698170109282e-03 1.037233339807030422e-03 8.311823689426041948e-04
3.003796840942111676e-02 4.966078323986938478e-03 9.374115572738484599e-04 8.353382807873171480e-04
3.018815825146821744e-02 4.328650576853549162e-03 8.647382477592410613e-04 8.395149721912535798e-04
3.033909904272555358e-02 5.897217356346449481e-03 1.010203173028277569e-03 8.437125470522096726e-04
3.049079453793918093e-02 4.084772886465283526e-03 9.153619534168095382e-04 8.479311097874706830e-04
3.064324851062887045e-02 5.324442131361293781e-03 9.552014430323748154e-04 8.521707653364079312e-04
3.079646475318201237e-02 4.568682986307997206e-03 9.555650917041254300e-04 8.564316191630898852e-04
3.095044707694791924e-02 4.787493758694518105e-03 9.036832670002133486e-04 8.607137772589052794e-04
3.110519931233265631e-02 5.759545519557997782e-03 9.863858256857916534e-04 8.650173461451996773e-04
3.126072530889431600e-02 6.437084213049569341e-03 1.042654449989606404e-03 8.693424328759255873e-04
3.141702893543878161e-02 5.316274455343722102e-03 9.385807382376421893e-04 8.736891450403050461e-04
3.157411408011597670e-02 4.809870072723401030e-03 9.800106890091157298e-04 8.780575907655066223e-04
3.173198465051654815e-02 5.666183703779617900e-03 9.705027799115449995e-04 8.824478787193339125e-04
3.189064457376912520e-02 4.787848829327385342e-03 9.755024766825922148e-04 8.868601181129304092e-04
3.205009779663797742e-02 6.947151708262573090e-03 1.144442047506421612e-03 8.912944187034952098e-04
3.221034828562116537e-02 5.357307221118051341e-03 9.457691908941277120e-04 8.957508907970127129e-04
3.237140002704926023e-02 6.321992810591866435e-03 1.037917270495821017e-03 9.002296452509974930e-04
3.253325702718450757e-02 5.742369167503933239e-03 9.982823918588674787e-04 9.047307934772525102e-04
3.269592331232042820e-02 8.551672441073004255e-03 1.338847451067705320e-03 9.092544474446387056e-04
3.285940292888202274e-02 5.510790772110369350e-03 1.004776137778451385e-03 9.138007196818616167e-04
3.302369994352642724e-02 8.754311838649492597e-03 1.248901863958271422e-03 9.183697232802707881e-04
3.318881844324406138e-02 6.705917263453211978e-03 1.072246790422847623e-03 9.229615718966721919e-04
3.335476253546027642e-02 7.710173131530821677e-03 1.147630472111956694e-03 9.275763797561553930e-04
3.352153634813757888e-02 6.909568533838403651e-03 1.077389548456804272e-03 9.322142616549362187e-04
3.368914402987825685e-02 8.454129143842026295e-03 1.181897979966571761e-03 9.368753329632105963e-04
3.385758975002764459e-02 7.526942896025741458e-03 1.107928910937105473e-03 9.415597096280266037e-04
3.402687769877778268e-02 8.626978178408080400e-03 1.182999286509372767e-03 9.462675081761667134e-04
3.419701208727166097e-02 6.472415307412440581e-03 1.067578131559551464e-03 9.509988457170472738e-04
3.436799714770802372e-02 6.505150016154866849e-03 1.014123682057759034e-03 9.557538399456326278e-04
3.453983713344655621e-02 8.117487929973172742e-03 1.123656770601082948e-03 9.605326091453606158e-04
3.471253631911378618e-02 5.741752409240834069e-03 9.297317603481573128e-04 9.653352721910872687e-04
3.488609900070935299e-02 6.771614443188080437e-03 1.007527775480271176e-03 9.701619485520426682e-04
3.506052949571289434e-02 7.349878036035499898e-03 1.097903633264260591e-03 9.750127582948027449e-04
3.523583214319145340e-02 6.802645959430387093e-03 1.001054319378270278e-03 9.798878220862766893e-04
3.541201130390740637e-02 6.451500281984749556e-03 9.707164739389000010e-04 9.847872611967079144e-04
3.558907136042693820e-02 4.228704620839081330e-03 9.029035361081971540e-04 9.897111975026911743e-04
3.576701671722907344e-02 5.187845700510364082e-03 8.629538099488451514e-04 9.946597534902046431e-04
3.594585180081521364e-02 7.256134461005165487e-03 1.014088991432611584e-03 9.996330522576556566e-04
3.612558105981928530e-02 5.737679442456538291e-03 9.981072989036024207e-04 1.004631217518943799e-03
3.630620896511838058e-02 6.295783394792237204e-03 9.367141164840205123e-04 1.009654373606538522e-03
3.648774000994396693e-02 7.305252811840561716e-03 1.001530198265112269e-03 1.014702645474571067e-03
3.667017870999368656e-02 6.444072806489020873e-03 1.020330190319536454e-03 1.019776158701943746e-03
3.685352960354364854e-02 5.281293467016271413e-03 8.955754362262878564e-04 1.024875039495453310e-03
3.703779725156136626e-02 5.345753785277440259e-03 8.544332002781664841e-04 1.029999414692930578e-03
3.722298623781916671e-02 5.961137661547944930e-03 8.970794341697038319e-04 1.035149411766395034e-03
3.740910116900825200e-02 5.963875896578513247e-03 8.974915055835670265e-04 1.040325158825226772e-03
3.759614667485329520e-02 4.904775843373129253e-03 8.049748222838337642e-04 1.045526784619352960e-03
3.778412740822754967e-02 4.978116045175375905e-03 8.061896394794112802e-04 1.050754418542449494e-03
3.797304804526868693e-02 4.041064451376246737e-03 7.246316594607932595e-04 1.056008190635161726e-03
3.816291328549503009e-02 4.862590889630599190e-03 8.368538632684763756e-04 1.061288231588337341e-03
3.835372785192249501e-02 3.520860924665851054e-03 6.765744069717232389e-04 1.066594672746278743e-03
3.854549649118210741e-02 2.568503820741628065e-03 5.734923487658876882e-04 1.071927646110010192e-03
3.873822397363801268e-02 5.102355602739200822e-03 8.055984236646001814e-04 1.077287284340560118e-03
3.893191509350620028e-02 3.062933105676775378e-03 6.243698168616248351e-04 1.082673720762262950e-03
3.912657466897372788e-02 2.522498220883253716e-03 5.632889191038638766e-04 1.088087089366074171e-03
3.932220754231859072e-02 3.742335050236042168e-03 6.824099329815729986e-04 1.093527524812904243e-03
3.951881858003018083e-02 2.443150349146114200e-03 6.221142804568588003e-04 1.098995162436968787e-03
3.971641267293032906e-02 2.874599143129720133e-03 5.986956042463783016e-04 1.104490138249153517e-03
3.991499473629497863e-02 2.740619249604019439e-03 5.836281732055843049e-04 1.110012588940399118e-03
4.011456970997644145e-02 2.703986664191597358e-03 5.758427140229554738e-04 1.115562651885100868e-03
4.031514255852632067e-02 2.194305340958464280e-03 5.166448520993303537e-04 1.121140465144526265e-03
4.051671827131894665e-02 1.694339351638421507e-03 4.523473273994029690e-04 1.126746167470248691e-03
4.071930186267554153e-02 2.050145011018085495e-03 4.967200860581782442e-04 1.132379898307599945e-03
4.092289837198891111e-02 3.006434333914154242e-03 6.006663748132020936e-04 1.138041797799137743e-03
4.112751286384885852e-02 2.495189813958486203e-03 5.439446577947363052e-04 1.143732006788133592e-03
4.133315042816809726e-02 1.925163601486958899e-03 4.808075636186707569e-04 1.149450666822074115e-03
4.153981618030892775e-02 2.375317468979203615e-03 5.306039261518578302e-04 1.155197920156184272e-03
4.174751526121046885e-02 1.512143521734823394e-03 4.189724015431765163e-04 1.160973909756964897e-03
4.195625283751651391e-02 1.417486173951012585e-03 4.087824926581137982e-04 1.166778779305749532e-03
4.216603410170409461e-02 1.744560421677861066e-03 5.324202422190886736e-04 1.172612673202278388e-03
4.237686427221261376e-02 2.328181051525168160e-03 5.200581515354119316e-04 1.178475736568289660e-03
4.258874859357367204e-02 1.870867083813810942e-03 4.672219697748288317e-04 1.184368115251131000e-03
4.280169233654153305e-02 2.214936226391829577e-03 5.075921510194728210e-04 1.190289955827386397e-03
4.301570079822424064e-02 1.858691716024643645e-03 4.641663501226021490e-04 1.196241405606523426e-03
4.323077930221535387e-02 2.527103293369702824e-03 5.381565130959101899e-04 1.202222612634555685e-03
4.344693319872642429e-02 2.858855211869370562e-03 5.711091314375302220e-04 1.208233725697728436e-03
4.366416786472004929e-02 3.202408557641209588e-03 6.044702616973529879e-04 1.214274894326216811e-03
4.388248870404365398e-02 2.930599857811908623e-03 5.740269348636383752e-04 1.220346268797848103e-03
4.410190114756386282e-02 3.023671378264639140e-03 6.323678147491376212e-04 1.226448000141837054e-03
4.432241065330168317e-02 2.869201316759312833e-03 6.133468345208398752e-04 1.232580240142546303e-03
4.454402270656818152e-02 2.407488809269868728e-03 5.246639665053677917e-04 1.238743141343258761e-03
4.476674282010102007e-02 2.538946625443375734e-03 5.833550463639787650e-04 1.244936857049974916e-03
4.499057653420152070e-02 2.408748120596530644e-03 5.249074231250363317e-04 1.251161541335224676e-03
4.521552941687251997e-02 3.184306584258117610e-03 6.009479150018870886e-04 1.257417349041900457e-03
4.544160706395687643e-02 2.494044028869629292e-03 5.309775713102652317e-04 1.263704435787109783e-03
4.566881509927665783e-02 2.782704674513086871e-03 5.672062312912676089e-04 1.270022957966045240e-03
4.589715917477303619e-02 2.617830873590292796e-03 6.014452996698242595e-04 1.276373072755875460e-03
4.612664497064689756e-02 3.354589456567553130e-03 6.330952116521414196e-04 1.282754938119654757e-03
4.635727819550012480e-02 2.481317420108056226e-03 5.540844893274202067e-04 1.289168712810252705e-03
4.658906458647761595e-02 2.781969929801821062e-03 5.923018611660115949e-04 1.295614556374303670e-03
4.682200990941000340e-02 1.700126544470360445e-03 4.537457555122780374e-04 1.302092629156175211e-03
4.705611995895704613e-02 2.327566597983910749e-03 5.197355981314127904e-04 1.308603092301955989e-03
4.729140055875183379e-02 2.801212738291404547e-03 5.709942936939203274e-04 1.315146107763465796e-03
4.752785756154558061e-02 1.870121856942086064e-03 5.474571465667237100e-04 1.321721838302282719e-03
4.776549684935330747e-02 1.926843258939158225e-03 5.319893778306636388e-04 1.328330447493794152e-03
4.800432433360006523e-02 3.055735017482713589e-03 5.985178587010541807e-04 1.334972099731262987e-03
4.824434595526806702e-02 2.632642619852380936e-03 5.605715246422164405e-04 1.341646960229919174e-03
4.848556768504440340e-02 2.455078475648203844e-03 6.251411813902375304e-04 1.348355195031068635e-03
4.872799552346961799e-02 3.009359254910290004e-03 6.011526446514161041e-04 1.355096971006223856e-03
4.897163550108696306e-02 2.811802176945189368e-03 6.409363128370013573e-04 1.361872455861254860e-03
4.921649367859239066e-02 2.518584585185178453e-03 5.363364364743689050e-04 1.368681818140561005e-03
4.946257614698534866e-02 1.488790025296014233e-03 4.124565895089980501e-04 1.375525227231263591e-03
4.970988902772026374e-02 1.887698727457207907e-03 5.213349758965713778e-04 1.382402853367419721e-03
4.995843847285886402e-02 2.009477174623892134e-03 4.868475861633558052e-04 1.389314867634256758e-03
5.020823066522315387e-02 1.987112243179758528e-03 4.814575062665913882e-04 1.396261441972427826e-03
5.045927181854926308e-02 2.096194062287197110e-03 4.935773904525896745e-04 1.403242749182289847e-03
5.071156817764200381e-02 1.574612961737436841e-03 4.919645823839877228e-04 1.410258962928201106e-03
5.096512601853020463e-02 1.343045305280733594e-03 5.465577371238430080e-04 1.417310257742841794e-03
5.121995164862284955e-02 1.070625773637357480e-03 4.603272353613327580e-04 1.424396809031556023e-03
5.147605140686596636e-02 2.015610152031158207e-03 4.884629885181344814e-04 1.431518793076713789e-03
5.173343166390028530e-02 1.205208030090439619e-03 3.808242063525018022e-04 1.438676387042097000e-03
5.199209882221978579e-02 1.349823412293461086e-03 4.066709433812574787e-04 1.445869768977307412e-03
5.225205931633088163e-02 1.479875894123736275e-03 4.268907734848750271e-04 1.453099117822193856e-03
5.251331961291252903e-02 1.126938877218695975e-03 3.753883322410764929e-04 1.460364613411304626e-03
5.277588621097707711e-02 6.754057712914094454e-04 3.864573896799493769e-04 1.467666436478360899e-03
