1.442977229909739312e-02 5.361853997219994117e-01 3.567657279385435393e-02 4.012867625701226548e-04
1.450192116059288022e-02 5.210780315103359372e-01 3.386125994592872196e-02 4.032931963829732946e-04
1.457443076639584369e-02 4.780649713210323726e-01 3.287480947408680937e-02 4.053096623648881082e-04
1.464730292022782196e-02 4.833802190003697041e-01 3.218399010858972314e-02 4.073362106767125165e-04
1.472053943482895880e-02 5.791012777561034275e-01 3.551038307195635013e-02 4.093728917300960379e-04
1.479414213200310087e-02 4.530611908586975045e-01 2.957760442563768521e-02 4.114197561887464392e-04
1.486811284266311567e-02 3.975462280856878472e-01 2.808363367281294098e-02 4.134768549696901749e-04
1.494245340687642976e-02 4.557957271386532394e-01 2.999528390186910476e-02 4.155442392445385727e-04
1.501716567391080982e-02 4.248526497320556650e-01 2.830157291524030769e-02 4.176219604407612287e-04
1.509225150228036064e-02 3.604496530306928737e-01 2.556886990454389566e-02 4.197100702429649327e-04
1.516771275979176062e-02 3.893427058565120391e-01 2.632821183586859029e-02 4.218086205941796942e-04
1.524355132359071774e-02 3.679335053042727677e-01 2.517251148347387016e-02 4.239176636971505696e-04
1.531976908020867001e-02 3.395501458835222253e-01 2.398768521333713086e-02 4.260372520156362653e-04
1.539636792560971322e-02 3.112591872894179268e-01 2.305693553113155256e-02 4.281674382757144626e-04
1.547334976523776114e-02 3.441557424950604793e-01 2.366823848286229645e-02 4.303082754670929980e-04
1.555071651406394681e-02 2.880318735372005556e-01 2.149107694744657043e-02 4.324598168444283614e-04
1.562847009663426504e-02 3.238073970119449974e-01 2.216496053022377205e-02 4.346221159286504823e-04
1.570661244711743509e-02 3.038762590413220943e-01 2.209984591333655907e-02 4.367952265082936970e-04
1.578514550935301852e-02 3.048186286341779683e-01 2.142914258672924677e-02 4.389792026408350333e-04
1.586407123689978493e-02 2.543637207017979129e-01 1.996760561021173469e-02 4.411740986540392713e-04
1.594339159308428081e-02 2.608954846020513640e-01 1.932855461369599112e-02 4.433799691473093722e-04
1.602310855104970011e-02 2.685883696889182493e-01 1.996773990643294777e-02 4.455968689930458505e-04
1.610322409380494577e-02 2.421762117889698362e-01 1.844190301025570161e-02 4.478248533380110256e-04
1.618374021427396864e-02 2.164486897661622444e-01 1.725533762210932839e-02 4.500639776047010254e-04
1.626465891534533553e-02 2.519680730339872166e-01 1.912014548087884527e-02 4.523142974927244582e-04
1.634598220992206086e-02 2.091417545887584439e-01 1.633003604548961818e-02 4.545758689801880225e-04
1.642771212097167421e-02 2.114873270793569682e-01 1.621801241648330658e-02 4.568487483250890566e-04
1.650985068157653085e-02 2.201858522927560846e-01 1.640703850514296444e-02 4.591329920667144306e-04
1.659239993498441007e-02 1.825404841591701521e-01 1.466512164385223513e-02 4.614286570270479488e-04
1.667536193465932876e-02 1.632764222884667826e-01 1.366130763188791279e-02 4.637358003121830655e-04
1.675873874433262550e-02 1.650092898505491901e-01 1.380766887868749467e-02 4.660544793137440028e-04
1.684253243805428762e-02 1.775649074557118512e-01 1.395459194687835407e-02 4.683847517103126691e-04
1.692674510024455570e-02 1.731081289827559599e-01 1.356281667994322336e-02 4.707266754688641430e-04
1.701137882574577792e-02 1.351138287555509743e-01 1.177256526257221617e-02 4.730803088462084451e-04
1.709643571987450386e-02 1.502796085270123871e-01 1.252311327979560747e-02 4.754457103904394114e-04
1.718191789847387657e-02 1.282599329439272073e-01 1.153461266642612573e-02 4.778229389423915906e-04
1.726782748796624328e-02 1.314405650339187659e-01 1.166236171452058636e-02 4.802120536371034826e-04
1.735416662540607141e-02 1.185374805577282947e-01 1.091365745716240537e-02 4.826131139052889101e-04
1.744093745853309702e-02 1.056824170867795842e-01 1.022469797080773936e-02 4.850261794748152188e-04
1.752814214582576469e-02 1.255621107278433457e-01 1.107173307635757505e-02 4.874513103721893944e-04
1.761578285655489295e-02 9.391272240018680439e-02 9.308301561670433849e-03 4.898885669240503034e-04
1.770386177083766582e-02 9.016285038199921276e-02 8.907350371398047376e-03 4.923380097586704763e-04
1.779238107969184982e-02 9.535673207960139452e-02 9.155479075094398803e-03 4.947996998074637989e-04
1.788134298509030939e-02 9.603619387178061184e-02 9.162651655128488740e-03 4.972736983065010642e-04
1.797074970001575484e-02 8.547697930093012264e-02 8.792800032659595436e-03 4.997600667980333852e-04
1.806060344851583357e-02 7.272411199309168628e-02 7.736808515190578099e-03 5.022588671320236302e-04
1.815090646575841238e-02 7.439838949230477561e-02 7.870730156338918634e-03 5.047701614676837131e-04
1.824166099808720298e-02 5.650902115273757909e-02 6.816269071093442565e-03 5.072940122750220753e-04
1.833286930307763407e-02 7.437336219087779809e-02 7.537424341772317946e-03 5.098304823363970220e-04
1.842453364959302162e-02 5.907349822070232653e-02 6.788712263351521711e-03 5.123796347480790575e-04
1.851665631784098556e-02 6.222174316193915256e-02 6.777082054842449403e-03 5.149415329218194008e-04
1.860923959943018915e-02 6.030760201545148219e-02 6.843113532324870442e-03 5.175162405864284750e-04
1.870228579742733849e-02 4.679603072739395991e-02 5.794761238693425971e-03 5.201038217893605778e-04
1.879579722641447001e-02 4.691039219174814728e-02 5.638417874573028316e-03 5.227043408983072246e-04
1.888977621254653988e-02 4.843481743952150753e-02 5.699362953232568751e-03 5.253178626027986235e-04
1.898422509360927352e-02 3.864058275415433591e-02 5.110444029279268691e-03 5.279444519158126318e-04
1.907914621907731700e-02 3.401599435070869898e-02 4.710346628090216793e-03 5.305841741753916261e-04
1.917454195017270074e-02 3.457693200215246343e-02 4.698726977407893628e-03 5.332370950462685891e-04
1.927041465992356331e-02 3.950537770454422282e-02 5.051257705457528301e-03 5.359032805214998096e-04
1.936676673322317715e-02 3.618205557981997444e-02 4.939108283600133174e-03 5.385827969241072316e-04
1.946360056688929002e-02 2.865525611409844298e-02 4.130586860742906097e-03 5.412757109087277434e-04
1.956091856972373699e-02 2.916587351198803024e-02 4.204398142008384034e-03 5.439820894632713556e-04
1.965872316257235436e-02 3.328288507074988328e-02 4.673969389139381349e-03 5.467019999105876202e-04
1.975701677838521270e-02 3.091166326753775132e-02 4.240829481140328747e-03 5.494355099101405062e-04
1.985580186227713789e-02 3.789665356243693273e-02 4.750710239887103239e-03 5.521826874596911898e-04
1.995508087158852362e-02 2.904232263846895021e-02 4.061909771225721139e-03 5.549436008969896262e-04
2.005485627594646297e-02 2.700623970221860057e-02 3.777152370321841535e-03 5.577183189014744708e-04
2.015513055732619241e-02 2.850963214822241007e-02 3.948941418290678219e-03 5.605069104959817814e-04
2.025590621011282011e-02 2.946617495309407017e-02 4.061002139571844721e-03 5.633094450484616355e-04
2.035718574116338053e-02 2.602685825975746547e-02 3.934589232160663579e-03 5.661259922737038553e-04
2.045897166986919424e-02 2.244160092362069633e-02 3.649026830282069318e-03 5.689566222350722971e-04
2.056126652821854001e-02 1.990082801080688205e-02 3.142923433116275207e-03 5.718014053462475979e-04
2.066407286085962872e-02 2.900209948534477125e-02 3.739721365396616280e-03 5.746604123729787041e-04
2.076739322516392428e-02 2.831025686954490028e-02 3.681268272967171996e-03 5.775337144348435077e-04
2.087123019128974549e-02 2.648447001996762432e-02 3.719387496740575103e-03 5.804213830070178298e-04
2.097558634224619065e-02 2.503538307462020371e-02 3.434571993306780122e-03 5.833234899220527542e-04
2.108046427395741940e-02 2.892183109360943472e-02 3.639155776827033943e-03 5.862401073716630179e-04
2.118586659532720531e-02 2.517976383292443512e-02 3.360395616474182862e-03 5.891713079085212582e-04
2.129179592830383883e-02 2.590293528243263824e-02 3.367782651410341620e-03 5.921171644480638591e-04
2.139825490794535628e-02 2.767156355425483966e-02 3.454244867694835231e-03 5.950777502703040629e-04
2.150524618248508130e-02 2.545121260124087390e-02 3.308848936976598390e-03 5.980531390216555984e-04
2.161277241339750604e-02 2.535235456753080416e-02 3.268293395565179376e-03 6.010434047167637897e-04
2.172083627546448834e-02 3.246554527810147778e-02 3.757105741909576042e-03 6.040486217403475072e-04
2.182944045684180601e-02 3.212814413002661185e-02 3.609240963603362138e-03 6.070688648490491423e-04
2.193858765912601316e-02 2.768551477487983525e-02 3.303923312289583792e-03 6.101042091732943387e-04
2.204828059742164337e-02 2.794286385861428912e-02 3.396736597883345723e-03 6.131547302191607237e-04
2.215852200040874936e-02 2.996253441340418489e-02 3.365399419269902038e-03 6.162205038702565051e-04
2.226931461041078975e-02 2.581849836634606682e-02 3.125574668918565391e-03 6.193016063896077420e-04
2.238066118346284175e-02 2.369222543452536439e-02 2.933524635125276444e-03 6.223981144215556989e-04
2.249256448938015407e-02 2.494046319817397675e-02 3.100384721089073734e-03 6.255101049936634145e-04
2.260502731182705005e-02 3.214529583128740431e-02 3.363441720100308809e-03 6.286376555186315961e-04
2.271805244838618482e-02 2.825480519600943527e-02 3.133396930444518839e-03 6.317808437962247042e-04
2.283164271062811460e-02 2.395897703691007852e-02 3.001217389274657248e-03 6.349397480152058201e-04
2.294580092418125120e-02 2.374828881326615168e-02 2.951682482751809191e-03 6.381144467552817045e-04
2.306052992880215646e-02 2.954501368231540748e-02 3.227914129781404504e-03 6.413050189890581558e-04
2.317583257844616634e-02 2.768327511158532456e-02 3.014088596492748694e-03 6.445115440840033924e-04
2.329171174133839312e-02 2.882212350500625020e-02 3.048537654670476719e-03 6.477341018044233600e-04
2.340817030004507804e-02 2.606548405132135329e-02 2.975325444647042294e-03 6.509727723134452800e-04
2.352521115154530135e-02 2.788427004194731981e-02 2.965752660659169617e-03 6.542276361750123644e-04
2.364283720730302879e-02 2.681654111264864318e-02 2.868459846732478689e-03 6.574987743558875298e-04
2.376105139333953981e-02 2.746633612466625046e-02 2.904651870374360973e-03 6.607862682276667609e-04
2.387985665030623386e-02 2.400461855316455423e-02 2.660818974219509442e-03 6.640901995688050508e-04
2.399925593355776293e-02 3.616632442941283831e-02 3.344326782527593401e-03 6.674106505666489546e-04
2.411925221322554908e-02 2.807954568574291127e-02 2.873845982659788047e-03 6.707477038194821538e-04
2.423984847429167672e-02 2.583739555992583745e-02 2.716817542144678820e-03 6.741014423385795857e-04
2.436104771666313187e-02 2.591469011350593446e-02 2.796933507424710034e-03 6.774719495502724148e-04
2.448285295524644731e-02 2.453505593878462648e-02 2.729735611088502344e-03 6.808593092980237379e-04
2.460526722002267380e-02 2.297881832429783666e-02 2.639148215490756330e-03 6.842636058445137216e-04
2.472829355612278512e-02 2.702161241029746655e-02 2.857878064830541003e-03 6.876849238737362327e-04
2.485193502390339870e-02 2.251978084397604496e-02 2.772902859141792697e-03 6.911233484931049009e-04
2.497619469902290917e-02 2.710664447894853626e-02 2.651354101485414120e-03 6.945789652355702400e-04
2.510107567251802091e-02 2.411465622494848166e-02 2.467697187567075186e-03 6.980518600617480456e-04
2.522658105088061015e-02 2.325986158332360443e-02 2.481194664948382748e-03 7.015421193620566829e-04
2.535271395613501039e-02 1.690378440885522207e-02 2.187516039420208010e-03 7.050498299588669505e-04
2.547947752591567944e-02 2.130852313840154999e-02 2.341571854369966458e-03 7.085750791086610533e-04
2.560687491354525849e-02 1.809085475307277077e-02 2.083617849712748795e-03 7.121179545042043667e-04
2.573490928811298165e-02 1.716165740190813901e-02 2.017409227478607087e-03 7.156785442767253343e-04
2.586358383455354334e-02 1.667985866945684639e-02 2.025600369032437651e-03 7.192569369981089171e-04
2.599290175372630934e-02 1.782277198792180453e-02 2.026101994028327302e-03 7.228532216830993668e-04
2.612286626249493704e-02 1.948770222037269836e-02 2.167574257731088010e-03 7.264674877915148175e-04
2.625348059380740867e-02 2.015290824224890906e-02 2.131017914651200940e-03 7.300998252304722854e-04
2.638474799677644617e-02 1.453328585923583001e-02 1.798322829295463015e-03 7.337503243566245942e-04
2.651667173676032496e-02 1.462464058298812604e-02 1.875913348929617941e-03 7.374190759784077101e-04
2.664925509544412152e-02 1.657836868743024078e-02 2.013999076991554015e-03 7.411061713582995682e-04
2.678250137092134248e-02 1.447908079562476059e-02 1.806099601051245262e-03 7.448117022150910422e-04
2.691641387777594235e-02 1.264403969549091414e-02 1.926146788899742082e-03 7.485357607261663472e-04
2.705099594716482009e-02 1.336704320344807122e-02 1.767051742661717665e-03 7.522784395297971030e-04
2.718625092690064166e-02 1.385076119490450883e-02 1.748583665969731787e-03 7.560398317274460468e-04
2.732218218153514150e-02 1.233944820144124849e-02 1.589630350028236076e-03 7.598200308860832142e-04
2.745879309244281599e-02 1.139093472687486945e-02 1.505724068382652573e-03 7.636191310405135045e-04
2.759608705790502631e-02 1.277961168841395059e-02 1.594280214654875258e-03 7.674372266957160639e-04
2.773406749319454884e-02 9.965327076900655501e-03 1.406580645086316986e-03 7.712744128291945103e-04
2.787273783066051419e-02 1.054814023719852396e-02 1.419642203151715975e-03 7.751307848933402774e-04
2.801210151981381458e-02 9.228244135518421168e-03 1.343600887519814067e-03 7.790064388178069088e-04
2.815216202741288587e-02 7.901430530627777046e-03 1.231862534275456793e-03 7.829014710118960621e-04
2.829292283754994419e-02 8.073882792092843680e-03 1.314174781970646640e-03 7.868159783669553299e-04
2.843438745173769086e-02 7.856012897836463921e-03 1.296029858576556613e-03 7.907500582587900480e-04
2.857655938899637815e-02 8.610419121346437471e-03 1.281626207527724508e-03 7.947038085500839934e-04
2.871944218594135734e-02 6.965957271612045407e-03 1.143496251839616574e-03 7.986773275928342854e-04
2.886303939687106038e-02 5.527046179770874271e-03 1.024875157278661193e-03 8.026707142307983218e-04
2.900735459385541531e-02 6.338900874355945896e-03 1.085623706915376900e-03 8.066840678019523156e-04
2.915239136682468840e-02 6.078544481093369097e-03 1.056726719192141624e-03 8.107174881409619747e-04
2.929815332365880848e-02 6.724764513260721513e-03 1.104113007241489842e-03 8.147710755816667347e-04
2.944464409027709728e-02 5.133220389679515189e-03 9.688455048479001092e-04 8.188449309595749416e-04
2.959186731072847854e-02 6.479491665646231260e-03 1.078595864771978319e-03 8.229391556143726954e-04
2.973982664728212072e-02 6.717721029251604893e-03 1.088440242445566425e-03 8.270538513924445122e-04
2.988852578051852740e-02 4.168839643077039241e-03 9.341545143384353145e-04 8.311891206494066708e-04
3.003796840942111676e-02 7.257788871790701521e-03 1.132166202513634973e-03 8.353450662526535698e-04
3.018815825146821744e-02 5.197213277276409304e-03 9.477898565133335536e-04 8.395217915839166614e-04
3.033909904272555358e-02 4.926255263084097086e-03 1.075890735645114405e-03 8.437194005418361797e-04
3.049079453793918093e-02 5.930842099340480691e-03 1.015963386094881262e-03 8.479379975445453356e-04
3.064324851062887045e-02 7.550663209337413716e-03 1.137000013598626772e-03 8.521776875322678493e-04
3.079646475318201237e-02 5.364249261486738266e-03 9.623302340285816263e-04 8.564385759699291419e-04
3.095044707694791924e-02 5.469216225688833775e-03 9.656886810571321594e-04 8.607207688497786960e-04
3.110519931233265631e-02 4.397756304339485098e-03 8.612440990285463727e-04 8.650243726940274854e-04
3.126072530889431600e-02 7.286241696911178664e-03 1.109461804794517874e-03 8.693494945574975485e-04
3.141702893543878161e-02 5.318370332310668781e-03 9.389347559881443652e-04 8.736962420302848975e-04
3.157411408011597670e-02 6.962678989052184693e-03 1.073033237966880505e-03 8.780647232404363046e-04
3.173198465051654815e-02 6.997634003426586244e-03 1.078381799759695970e-03 8.824550468566382325e-04
3.189064457376912520e-02 6.931324343028317549e-03 1.068151606953474716e-03 8.868673220909212675e-04
3.205009779663797742e-02 7.606488938706734530e-03 1.120007726699449651e-03 8.913016587013760468e-04
3.221034828562116537e-02 6.184730249800491318e-03 1.015392493764085335e-03 8.957581669948829536e-04
3.237140002704926023e-02 5.192601324851062530e-03 1.086350500402140547e-03 9.002369578298569921e-04
3.253325702718450757e-02 6.780239944648660914e-03 1.084266400825256412e-03 9.047381426190063232e-04
3.269592331232042820e-02 8.003225746587606937e-03 1.218897085588236621e-03 9.092618333321013163e-04
3.285940292888202274e-02 6.972544816779904786e-03 1.129593796845140136e-03 9.138081424987616001e-04
3.302369994352642724e-02 5.181166120453589881e-03 9.607996885855527545e-04 9.183771832112552552e-04
3.318881844324406138e-02 6.187044046735124501e-03 1.029677469033470376e-03 9.229690691273115602e-04
3.335476253546027642e-02 8.890915712465887605e-03 1.231087781023933311e-03 9.275839144729480486e-04
3.352153634813757888e-02 6.915570231054186424e-03 1.078322469677408775e-03 9.322218340453127449e-04
3.368914402987825685e-02 7.293625537715822151e-03 1.097774967321645673e-03 9.368829432155390859e-04
3.385758975002764459e-02 6.700509617248357787e-03 1.044686445053204541e-03 9.415673579316166707e-04
3.402687769877778268e-02 6.186640693031091043e-03 1.001905614564640480e-03 9.462751947212746971e-04
3.419701208727166097e-02 7.740062174833096595e-03 1.157346410059382135e-03 9.510065706948807925e-04
3.436799714770802372e-02 6.503815191324787207e-03 1.013915588876974309e-03 9.557616035483553494e-04
3.453983713344655621e-02 6.865443762176723363e-03 1.033130573321498508e-03 9.605404115660969196e-04
3.471253631911378618e-02 6.502952941193844427e-03 9.898773531175381491e-04 9.653431136239273413e-04
3.488609900070935299e-02 7.069570374118103531e-03 1.029244396171184956e-03 9.701698291920469487e-04
3.506052949571289434e-02 8.232551164116530540e-03 1.097995366506994940e-03 9.750206783380070208e-04
3.523583214319145340e-02 7.384434999093578318e-03 1.042296102394838333e-03 9.798957817296969752e-04
3.541201130390740637e-02 7.035490072083281331e-03 1.013518672230175315e-03 9.847952606383452226e-04
3.558907136042693820e-02 6.029978471589396948e-03 9.286363983604118679e-04 9.897192369415367189e-04
3.576701671722907344e-02 8.138879876423161380e-03 1.120805415512962687e-03 9.946678331262445022e-04
3.594585180081521364e-02 8.531350505779187673e-03 1.099257490289989132e-03 9.996411722918755426e-04
3.612558105981928530e-02 4.750105885587033519e-03 8.252918073627551251e-04 1.004639378153334914e-03
3.630620896511838058e-02 7.686966153172331527e-03 1.089484522259560840e-03 1.009662575044101458e-03
3.648774000994396693e-02 6.485230465722467350e-03 9.441548272706409882e-04 1.014710887919321883e-03
3.667017870999368656e-02 5.094685869255726265e-03 8.359650392569963452e-04 1.019784442358918517e-03
3.685352960354364854e-02 4.536481334632599602e-03 8.568992808804424361e-04 1.024883364570712899e-03
3.703779725156136626e-02 4.163676429037076535e-03 8.036886192724828964e-04 1.030007781393566489e-03
3.722298623781916671e-02 4.599348613588512096e-03 8.540346533565474013e-04 1.035157820300533970e-03
3.740910116900825200e-02 6.098760634075362473e-03 9.075400775358554231e-04 1.040333609402036485e-03
3.759614667485329520e-02 5.303436765677027771e-03 8.371270865495143102e-04 1.045535277449046591e-03
3.778412740822754967e-02 4.060927035117554464e-03 7.281290081056021211e-04 1.050762953836291641e-03
3.797304804526868693e-02 3.778498412444153409e-03 7.695994058171666975e-04 1.056016768605473003e-03
3.816291328549503009e-02 3.248671055303935760e-03 6.487112951373632825e-04 1.061296852448500444e-03
3.835372785192249501e-02 4.302430483918776895e-03 7.478266038395137020e-04 1.066603336710742573e-03
3.854549649118210741e-02 5.134937211480637698e-03 8.107137779817670227e-04 1.071936353394296361e-03
3.873822397363801268e-02 3.566320575500353963e-03 6.730114803341781917e-04 1.077296035161267717e-03
3.893191509350620028e-02 1.762698218709621853e-03 5.999311997183010871e-04 1.082682515337073971e-03
3.912657466897372788e-02 2.948338734404836424e-03 6.605622591271826652e-04 1.088095927913759146e-03
3.932220754231859072e-02 4.237704927192248450e-03 7.258628257833297072e-04 1.093536407553327879e-03
3.951881858003018083e-02 3.910554707671882145e-03 6.904411649660224760e-04 1.099004089591094305e-03
3.971641267293032906e-02 2.373817530517055921e-03 5.439536867520248370e-04 1.104499110039049809e-03
3.991499473629497863e-02 2.116678577701013204e-03 5.127779456581845309e-04 1.110021605589245081e-03
4.011456970997644145e-02 2.580708144433810532e-03 5.625332468001803792e-04 1.115571713617190827e-03
4.031514255852632067e-02 2.801675478234984598e-03 7.198720529670257122e-04 1.121149572185276694e-03
4.051671827131894665e-02 2.419207094636567721e-03 5.403739743161682435e-04 1.126755320046202982e-03
4.071930186267554153e-02 2.652355152435040622e-03 5.649004726394238167e-04 1.132389096646434050e-03
4.092289837198891111e-02 1.801929119425394344e-03 4.647759807322656431e-04 1.138051042129666025e-03
4.112751286384885852e-02 1.544463280553474809e-03 4.279250392747321278e-04 1.143741297340314248e-03
4.133315042816809726e-02 2.767827981242692182e-03 5.765524452512026934e-04 1.149460003827015679e-03
4.153981618030892775e-02 2.017327130515112355e-03 4.887825756546260690e-04 1.155207303846150606e-03
4.174751526121046885e-02 1.675111490077123375e-03 5.006500805690883467e-04 1.160983340365381259e-03
4.195625283751651391e-02 2.525916363358378554e-03 5.961419684856131143e-04 1.166788257067207998e-03
4.216603410170409461e-02 1.859872235377425277e-03 4.644876222777445511e-04 1.172622198352543926e-03
4.237686427221261376e-02 2.491340503659396181e-03 5.879628623932833375e-04 1.178485309344306630e-03
4.258874859357367204e-02 3.039281764605193843e-03 5.954216261496678717e-04 1.184377735891027931e-03
4.280169233654153305e-02 2.561781708200966574e-03 5.455835310391452583e-04 1.190299624570482920e-03
4.301570079822424064e-02 1.718871015291015270e-03 6.260678412807124194e-04 1.196251122693335264e-03
4.323077930221535387e-02 2.296913232188431495e-03 5.130108366749427029e-04 1.202232378306801810e-03
4.344693319872642429e-02 1.348996067347374732e-03 5.122000431886003556e-04 1.208243540198335620e-03
4.366416786472004929e-02 2.170729885566598932e-03 4.974022660852008351e-04 1.214284757899327001e-03
4.388248870404365398e-02 2.816582996671164203e-03 5.626197451623876199e-04 1.220356181688823840e-03
4.410190114756386282e-02 3.319324538811145673e-03 6.156205928992350158e-04 1.226457962597267762e-03
4.432241065330168317e-02 3.274312735897468973e-03 6.072223768451349936e-04 1.232590252410254144e-03
4.454402270656818152e-02 2.293162887588491052e-03 5.120902595167820719e-04 1.238753203672305139e-03
4.476674282010102007e-02 2.764389111468367431e-03 6.046597882797780533e-04 1.244946969690666552e-03
4.499057653420152070e-02 4.128199642911938028e-03 7.421365315527861731e-04 1.251171704539119677e-03
4.521552941687251997e-02 2.546113786401884172e-03 5.849850918243374104e-04 1.257427563061815036e-03
4.544160706395687643e-02 2.153057065497415972e-03 4.932463587783616479e-04 1.263714700877124116e-03
4.566881509927665783e-02 3.358344581459962730e-03 6.227385523315563188e-04 1.270033274381509539e-03
4.589715917477303619e-02 3.087400145102178663e-03 6.455801759389477460e-04 1.276383440753416912e-03
4.612664497064689756e-02 2.994210603175022269e-03 5.980272946936440520e-04 1.282765357957184023e-03
4.635727819550012480e-02 2.603996916014213615e-03 5.674655281529843078e-04 1.289179184746969565e-03
4.658906458647761595e-02 2.198899405815590586e-03 5.859799614097478552e-04 1.295625080670704176e-03
4.682200990941000340e-02 3.399534645298040759e-03 7.069622834340859871e-04 1.302103206074057759e-03
4.705611995895704613e-02 2.605823909707931114e-03 5.986960972358902535e-04 1.308613722104427822e-03
4.729140055875183379e-02 1.282726683113510728e-03 4.801238499896264781e-04 1.315156790714949947e-03
4.752785756154558061e-02 2.501315086304484007e-03 5.900976975085754596e-04 1.321732574668524514e-03
4.776549684935330747e-02 2.793808879511859664e-03 6.643491302128377504e-04 1.328341237541867063e-03
4.800432433360006523e-02 2.351421034435474677e-03 5.251288353078642501e-04 1.334982943729576222e-03
4.824434595526806702e-02 1.842612232597476635e-03 5.285038060478094903e-04 1.341657858448223970e-03
4.848556768504440340e-02 1.961122586637966108e-03 4.896691922942903851e-04 1.348366147740464975e-03
4.872799552346961799e-02 1.974646041196610399e-03 5.453027586389664304e-04 1.355107978479167192e-03
4.897163550108696306e-02 1.055743134390169612e-03 3.514938570954093252e-04 1.361883518371562836e-03
4.921649367859239066e-02 2.329327222925699561e-03 5.651963421888004215e-04 1.368692935963420612e-03
4.946257614698534866e-02 1.374252028324327978e-03 3.962709496439358070e-04 1.375536400643237456e-03
4.970988902772026374e-02 1.152721156178507841e-03 4.605753882887717553e-04 1.382414082646453478e-03
4.995843847285886402e-02 1.391284339071756360e-03 5.283098793940293027e-04 1.389326153059685558e-03
5.020823066522315387e-02 9.352070415852925750e-04 5.222672598665892719e-04 1.396272783824983920e-03
5.045927181854926308e-02 1.163936489280959679e-03 3.676963395637236945e-04 1.403254147744108660e-03
5.071156817764200381e-02 1.529714774236322133e-03 4.238567099801930876e-04 1.410270418482829045e-03
5.096512601853020463e-02 1.292679653380196438e-03 3.894219503641161090e-04 1.417321770575242969e-03
5.121995164862284955e-02 1.663248022185146715e-03 4.441389435032576274e-04 1.424408379428118970e-03
5.147605140686596636e-02 1.423034938212856901e-03 4.104641619598856941e-04 1.431530421325259705e-03
5.173343166390028530e-02 1.205899252494695368e-03 3.810426202858384825e-04 1.438688073431885605e-03
5.199209882221978579e-02 1.105640574208040456e-03 3.682605878769537426e-04 1.445881513799044966e-03
5.225205931633088163e-02 4.921147047546380960e-04 2.458773032912582417e-04 1.453110921368040102e-03
5.251331961291252903e-02 1.752977997309995402e-03 4.681813512813227376e-04 1.460376475974880161e-03
5.277588621097707711e-02 1.127066182796826422e-03 3.754307382925748098e-04 1.467678358354754112e-03
