1.442977229909739312e-02 5.593721619949996171e-01 3.641726194582759618e-02 4.012867625701226548e-04
1.450192116059288022e-02 5.705127222984881508e-01 3.499021883776651243e-02 4.032931963829732946e-04
1.457443076639584369e-02 5.415268781269118037e-01 3.498112630931899530e-02 4.053096623648881082e-04
1.464730292022782196e-02 4.896025239757252900e-01 3.238221338214140183e-02 4.073362106767125165e-04
1.472053943482895880e-02 4.265984695699975293e-01 3.058566652587612136e-02 4.093728917300960379e-04
1.479414213200310087e-02 4.508874507321075087e-01 2.949891732001429581e-02 4.114197561887464392e-04
1.486811284266311567e-02 4.252942783760721990e-01 2.944607950476405694e-02 4.134768549696901749e-04
1.494245340687642976e-02 4.020795114677350734e-01 2.791687157932731811e-02 4.155442392445385727e-04
1.501716567391080982e-02 4.359913582864397563e-01 2.851474615899473805e-02 4.176219604407612287e-04
1.509225150228036064e-02 3.684912021269630134e-01 2.558310956267490985e-02 4.197100702429649327e-04
1.516771275979176062e-02 3.577304463855063843e-01 2.525895703221249511e-02 4.218086205941796942e-04
1.524355132359071774e-02 3.329930177959012361e-01 2.386578405904613703e-02 4.239176636971505696e-04
1.531976908020867001e-02 3.605217626784302798e-01 2.495305753123384582e-02 4.260372520156362653e-04
1.539636792560971322e-02 3.557866090862044084e-01 2.464504337016643412e-02 4.281674382757144626e-04
1.547334976523776114e-02 3.013901938934721025e-01 2.285345784363342417e-02 4.303082754670929980e-04
1.555071651406394681e-02 3.330243532700662423e-01 2.284414088430754969e-02 4.324598168444283614e-04
1.562847009663426504e-02 2.839480813455155794e-01 2.075039322655238341e-02 4.346221159286504823e-04
1.570661244711743509e-02 3.372248081085846838e-01 2.301296743330513705e-02 4.367952265082936970e-04
1.578514550935301852e-02 3.258814067160893391e-01 2.215154639327723829e-02 4.389792026408350333e-04
1.586407123689978493e-02 2.983806928671335901e-01 2.124284562461358633e-02 4.411740986540392713e-04
1.594339159308428081e-02 2.665243984033118241e-01 1.953093224440439687e-02 4.433799691473093722e-04
1.602310855104970011e-02 2.565450185178850262e-01 1.931915170265766785e-02 4.455968689930458505e-04
1.610322409380494577e-02 2.544707369665934471e-01 1.918684959565237005e-02 4.478248533380110256e-04
1.618374021427396864e-02 2.360284045714902690e-01 1.808748611925186517e-02 4.500639776047010254e-04
1.626465891534533553e-02 2.624973582099591196e-01 1.864306694088435634e-02 4.523142974927244582e-04
1.634598220992206086e-02 1.962096949900951348e-01 1.581298134638263117e-02 4.545758689801880225e-04
1.642771212097167421e-02 1.863629273708312106e-01 1.522022497754150008e-02 4.568487483250890566e-04
1.650985068157653085e-02 2.200720467832043281e-01 1.639856066161800643e-02 4.591329920667144306e-04
1.659239993498441007e-02 1.836314599218790977e-01 1.470508342677261451e-02 4.614286570270479488e-04
1.667536193465932876e-02 1.648006061957469071e-01 1.419913909081406932e-02 4.637358003121830655e-04
1.675873874433262550e-02 1.475005007675858071e-01 1.305117306166031152e-02 4.660544793137440028e-04
1.684253243805428762e-02 1.278688130462373729e-01 1.243600408236525054e-02 4.683847517103126691e-04
1.692674510024455570e-02 1.623389394593975632e-01 1.313075542812817444e-02 4.707266754688641430e-04
1.701137882574577792e-02 1.319516363669647474e-01 1.163097794823217228e-02 4.730803088462084451e-04
1.709643571987450386e-02 1.455650960722505438e-01 1.249885948940360897e-02 4.754457103904394114e-04
1.718191789847387657e-02 1.511229271599949520e-01 1.251733035875765218e-02 4.778229389423915906e-04
1.726782748796624328e-02 1.450740313436825191e-01 1.205830236475617309e-02 4.802120536371034826e-04
1.735416662540607141e-02 1.249168102172021205e-01 1.126865332837675635e-02 4.826131139052889101e-04
1.744093745853309702e-02 1.107198907545921124e-01 1.037241798451605211e-02 4.850261794748152188e-04
1.752814214582576469e-02 1.215739954022484054e-01 1.089166459506230727e-02 4.874513103721893944e-04
1.761578285655489295e-02 1.056207665361643122e-01 9.767870859489652738e-03 4.898885669240503034e-04
1.770386177083766582e-02 8.923268287987545788e-02 8.858995032111124240e-03 4.923380097586704763e-04
1.779238107969184982e-02 9.971967809649658065e-02 9.360171287558192998e-03 4.947996998074637989e-04
1.788134298509030939e-02 9.311076880288600421e-02 8.858669603611934312e-03 4.972736983065010642e-04
1.797074970001575484e-02 8.475945408849470952e-02 8.416401609482789328e-03 4.997600667980333852e-04
1.806060344851583357e-02 7.268814787132048261e-02 7.732897145680352191e-03 5.022588671320236302e-04
1.815090646575841238e-02 6.600498758124105636e-02 7.411551706347035279e-03 5.047701614676837131e-04
1.824166099808720298e-02 6.708944115086730442e-02 7.220560139412485895e-03 5.072940122750220753e-04
1.833286930307763407e-02 6.284108897139314975e-02 6.926655260599093832e-03 5.098304823363970220e-04
1.842453364959302162e-02 6.618122563511555367e-02 7.002566973337294443e-03 5.123796347480790575e-04
1.851665631784098556e-02 5.996910368573993982e-02 6.893511282544052127e-03 5.149415329218194008e-04
1.860923959943018915e-02 5.156221545771827452e-02 6.361817556476336011e-03 5.175162405864284750e-04
1.870228579742733849e-02 4.533248637962586369e-02 5.967303127967604585e-03 5.201038217893605778e-04
1.879579722641447001e-02 4.620664972883224003e-02 5.594518952250097064e-03 5.227043408983072246e-04
1.888977621254653988e-02 4.034145050032300617e-02 5.200089937551393912e-03 5.253178626027986235e-04
1.898422509360927352e-02 4.227968031094146706e-02 5.519561461552206262e-03 5.279444519158126318e-04
1.907914621907731700e-02 4.380561588848716492e-02 5.578116170380717498e-03 5.305841741753916261e-04
1.917454195017270074e-02 4.351891153066186207e-02 5.270040775002030574e-03 5.332370950462685891e-04
1.927041465992356331e-02 3.107059277638446471e-02 4.478512701877147145e-03 5.359032805214998096e-04
1.936676673322317715e-02 3.717141397914486972e-02 4.832822139586046353e-03 5.385827969241072316e-04
1.946360056688929002e-02 2.983361640779687990e-02 4.213571627569523415e-03 5.412757109087277434e-04
1.956091856972373699e-02 3.728858062084259434e-02 4.911086234182368213e-03 5.439820894632713556e-04
1.965872316257235436e-02 3.504778247659808693e-02 4.557133031869135473e-03 5.467019999105876202e-04
1.975701677838521270e-02 3.147868251339147605e-02 4.278442545345234604e-03 5.494355099101405062e-04
1.985580186227713789e-02 2.472670856944817266e-02 3.723264777221742261e-03 5.521826874596911898e-04
1.995508087158852362e-02 2.902737211405563567e-02 4.059815120077625399e-03 5.549436008969896262e-04
2.005485627594646297e-02 2.434595285104171336e-02 3.585366817732581288e-03 5.577183189014744708e-04
2.015513055732619241e-02 3.123466449969008324e-02 4.132293355076255281e-03 5.605069104959817814e-04
2.025590621011282011e-02 3.028641813799567983e-02 3.972188124519864666e-03 5.633094450484616355e-04
2.035718574116338053e-02 2.654429932642154294e-02 3.749546105494707456e-03 5.661259922737038553e-04
2.045897166986919424e-02 2.451652982778513429e-02 3.571936192045860933e-03 5.689566222350722971e-04
2.056126652821854001e-02 2.506209402344621029e-02 3.668737802563932018e-03 5.718014053462475979e-04
2.066407286085962872e-02 2.367267222571096258e-02 3.377815352554157467e-03 5.746604123729787041e-04
2.076739322516392428e-02 2.685702632095465781e-02 3.584613255271587671e-03 5.775337144348435077e-04
2.087123019128974549e-02 2.363446195059870983e-02 3.338373381596062856e-03 5.804213830070178298e-04
2.097558634224619065e-02 2.030123328635214872e-02 3.092035416541648318e-03 5.833234899220527542e-04
2.108046427395741940e-02 2.798913867851183027e-02 3.750963455921030483e-03 5.862401073716630179e-04
2.118586659532720531e-02 2.561617291563118501e-02 3.388515747293352129e-03 5.891713079085212582e-04
2.129179592830383883e-02 2.501179723378460160e-02 3.308489828991708574e-03 5.921171644480638591e-04
2.139825490794535628e-02 3.241063975494089949e-02 3.737385655409504199e-03 5.950777502703040629e-04
2.150524618248508130e-02 2.630037233739679001e-02 3.362725789383263619e-03 5.980531390216555984e-04
2.161277241339750604e-02 2.153839203518150003e-02 3.011662415909055913e-03 6.010434047167637897e-04
2.172083627546448834e-02 2.499861038407006839e-02 3.320659923537692612e-03 6.040486217403475072e-04
2.182944045684180601e-02 3.365628260866099924e-02 3.999744555407586631e-03 6.070688648490491423e-04
2.193858765912601316e-02 2.387636262178479199e-02 3.315398502542406776e-03 6.101042091732943387e-04
2.204828059742164337e-02 3.022391650025639878e-02 3.394982163411060239e-03 6.131547302191607237e-04
2.215852200040874936e-02 2.994705640718074366e-02 3.363660925708671697e-03 6.162205038702565051e-04
2.226931461041078975e-02 2.580473756979271768e-02 3.123934428567134124e-03 6.193016063896077420e-04
2.238066118346284175e-02 2.091138193724614847e-02 2.989208128473391356e-03 6.223981144215556989e-04
2.249256448938015407e-02 2.259517438864463990e-02 2.999832342307113663e-03 6.255101049936634145e-04
2.260502731182705005e-02 3.015163807058079612e-02 3.335005334424147490e-03 6.286376555186315961e-04
2.271805244838618482e-02 2.754298715419015511e-02 3.092876422899949046e-03 6.317808437962247042e-04
2.283164271062811460e-02 3.088809923962528708e-02 3.267693180128602472e-03 6.349397480152058201e-04
2.294580092418125120e-02 3.119591325353875469e-02 3.350051753033289528e-03 6.381144467552817045e-04
2.306052992880215646e-02 2.871886573757103864e-02 3.108523404245916878e-03 6.413050189890581558e-04
2.317583257844616634e-02 3.557389014686149209e-02 3.415865787930415492e-03 6.445115440840033924e-04
2.329171174133839312e-02 2.395200407087623440e-02 2.888802873075908221e-03 6.477341018044233600e-04
2.340817030004507804e-02 2.859367958582587077e-02 3.007391799090299023e-03 6.509727723134452800e-04
2.352521115154530135e-02 2.818657032392364939e-02 2.981015301234721249e-03 6.542276361750123644e-04
2.364283720730302879e-02 2.587861515619389874e-02 2.817122315867377422e-03 6.574987743558875298e-04
2.376105139333953981e-02 2.590980510666148970e-02 2.820418707550823804e-03 6.607862682276667609e-04
2.387985665030623386e-02 2.576941963321629711e-02 2.756182990031696631e-03 6.640901995688050508e-04
2.399925593355776293e-02 2.545957476623127852e-02 2.890123059062320223e-03 6.674106505666489546e-04
2.411925221322554908e-02 2.865583117386725359e-02 2.902436693030271617e-03 6.707477038194821538e-04
2.423984847429167672e-02 2.811952537982389741e-02 2.918982746905946900e-03 6.741014423385795857e-04
2.436104771666313187e-02 2.474240814235546121e-02 2.735077694688637165e-03 6.774719495502724148e-04
2.448285295524644731e-02 2.680320704923996877e-02 2.757808893234057514e-03 6.808593092980237379e-04
2.460526722002267380e-02 2.568490516956513717e-02 2.843719115677707191e-03 6.842636058445137216e-04
2.472829355612278512e-02 2.397308579899758846e-02 2.691149462352911918e-03 6.876849238737362327e-04
2.485193502390339870e-02 2.280390260963459717e-02 2.592472248174096904e-03 6.911233484931049009e-04
2.497619469902290917e-02 2.552973876789944169e-02 2.572413804870692620e-03 6.945789652355702400e-04
2.510107567251802091e-02 2.384849174884077702e-02 2.453406910684204252e-03 6.980518600617480456e-04
2.522658105088061015e-02 2.696151433725068117e-02 2.611873405501227013e-03 7.015421193620566829e-04
2.535271395613501039e-02 2.402757859064301796e-02 2.458735501184189289e-03 7.050498299588669505e-04
2.547947752591567944e-02 2.081348116414822799e-02 2.315330908940268963e-03 7.085750791086610533e-04
2.560687491354525849e-02 2.044404963463725827e-02 2.320508198410031232e-03 7.121179545042043667e-04
2.573490928811298165e-02 1.820106808091726328e-02 2.132863149690648365e-03 7.156785442767253343e-04
2.586358383455354334e-02 1.517690117177235981e-02 1.877759917370778629e-03 7.192569369981089171e-04
2.599290175372630934e-02 1.434342303158447213e-02 1.817137832369196708e-03 7.228532216830993668e-04
2.612286626249493704e-02 1.730825692355106998e-02 1.993702666273234909e-03 7.264674877915148175e-04
2.625348059380740867e-02 2.036881787832943436e-02 2.141849480959381619e-03 7.300998252304722854e-04
2.638474799677644617e-02 1.474924839810507968e-02 1.811166982778220904e-03 7.337503243566245942e-04
2.651667173676032496e-02 1.543401705425368788e-02 1.867272840012086481e-03 7.374190759784077101e-04
2.664925509544412152e-02 1.611583740491461317e-02 1.908316883670555528e-03 7.411061713582995682e-04
2.678250137092134248e-02 1.130545036346333222e-02 1.688572784189050664e-03 7.448117022150910422e-04
2.691641387777594235e-02 1.548930117793107311e-02 1.947518876809472546e-03 7.485357607261663472e-04
2.705099594716482009e-02 1.298511665440570291e-02 1.805363985621721758e-03 7.522784395297971030e-04
2.718625092690064166e-02 1.292623810174273365e-02 1.638253080708266781e-03 7.560398317274460468e-04
2.732218218153514150e-02 1.233311955727966862e-02 1.588812121426675132e-03 7.598200308860832142e-04
2.745879309244281599e-02 1.206415868319188865e-02 1.674413987899272833e-03 7.636191310405135045e-04
2.759608705790502631e-02 1.097669359439671852e-02 1.477166303238074000e-03 7.674372266957160639e-04
2.773406749319454884e-02 1.155380787371418361e-02 1.514151146057184181e-03 7.712744128291945103e-04
2.787273783066051419e-02 1.150108541469672258e-02 1.481999876872894945e-03 7.751307848933402774e-04
2.801210151981381458e-02 9.615878084187989491e-03 1.452705085524967415e-03 7.790064388178069088e-04
2.815216202741288587e-02 1.001614972310559300e-02 1.386588483995947066e-03 7.829014710118960621e-04
2.829292283754994419e-02 8.771103503507893945e-03 1.305385213189728076e-03 7.868159783669553299e-04
2.843438745173769086e-02 7.968567836988413658e-03 1.330353141442621552e-03 7.907500582587900480e-04
2.857655938899637815e-02 9.562222885319970542e-03 1.350257082695671598e-03 7.947038085500839934e-04
2.871944218594135734e-02 9.220545444882877195e-03 1.315256479421524072e-03 7.986773275928342854e-04
2.886303939687106038e-02 8.572020556962028220e-03 1.276009254560891721e-03 8.026707142307983218e-04
2.900735459385541531e-02 7.453784864385506505e-03 1.262103842071382771e-03 8.066840678019523156e-04
2.915239136682468840e-02 6.259507599347068595e-03 1.072064147332844452e-03 8.107174881409619747e-04
2.929815332365880848e-02 5.994655445893261325e-03 1.042185184664927823e-03 8.147710755816667347e-04
2.944464409027709728e-02 4.947305471954205683e-03 9.508931825744232087e-04 8.188449309595749416e-04
2.959186731072847854e-02 6.835930303918700580e-03 1.107579462546430873e-03 8.229391556143726954e-04
2.973982664728212072e-02 7.491740940437178857e-03 1.204191976170144573e-03 8.270538513924445122e-04
2.988852578051852740e-02 5.341905268502983826e-03 9.741264489232696151e-04 8.311891206494066708e-04
3.003796840942111676e-02 5.838627504219984221e-03 1.015199044920049067e-03 8.353450662526535698e-04
3.018815825146821744e-02 6.060283259036871456e-03 1.023201215354695506e-03 8.395217915839166614e-04
3.033909904272555358e-02 6.588063925126795388e-03 1.067497955297229927e-03 8.437194005418361797e-04
3.049079453793918093e-02 7.148205425311159045e-03 1.115080413931487458e-03 8.479379975445453356e-04
3.064324851062887045e-02 4.974002687164902174e-03 1.013546652497683640e-03 8.521776875322678493e-04
3.079646475318201237e-02 6.226291925202846744e-03 1.036506890722767001e-03 8.564385759699291419e-04
3.095044707694791924e-02 5.978865096352495301e-03 1.009419684421649678e-03 8.607207688497786960e-04
3.110519931233265631e-02 4.462558855282666888e-03 9.331985973552102106e-04 8.650243726940274854e-04
3.126072530889431600e-02 6.943757883117387432e-03 1.159318188816819278e-03 8.693494945574975485e-04
3.141702893543878161e-02 7.641162719837150778e-03 1.125158362774211513e-03 8.736962420302848975e-04
3.157411408011597670e-02 4.308003277555476351e-03 9.361363492338739805e-04 8.780647232404363046e-04
3.173198465051654815e-02 5.661822730653675965e-03 1.051849180382655744e-03 8.824550468566382325e-04
3.189064457376912520e-02 7.257607128756807420e-03 1.092721058647949184e-03 8.868673220909212675e-04
3.205009779663797742e-02 6.445648346988480486e-03 1.030742063874299369e-03 8.913016587013760468e-04
3.221034828562116537e-02 5.680347644461103927e-03 9.728565831047938581e-04 8.957581669948829536e-04
3.237140002704926023e-02 5.975235619127895401e-03 1.008627060186167036e-03 9.002369578298569921e-04
3.253325702718450757e-02 7.471916173645738735e-03 1.137934494097089366e-03 9.047381426190063232e-04
3.269592331232042820e-02 5.394736094768304117e-03 1.000477670418265441e-03 9.092618333321013163e-04
3.285940292888202274e-02 5.318505790125980549e-03 9.863005025015196287e-04 9.138081424987616001e-04
3.302369994352642724e-02 5.499913135472218884e-03 1.115344092039169573e-03 9.183771832112552552e-04
3.318881844324406138e-02 7.557861951019101063e-03 1.212855756410644937e-03 9.229690691273115602e-04
3.335476253546027642e-02 7.519196261955492580e-03 1.131851055061798127e-03 9.275839144729480486e-04
3.352153634813757888e-02 8.260558507932296360e-03 1.178222092929016081e-03 9.322218340453127449e-04
3.368914402987825685e-02 7.786893565846934873e-03 1.133995965557737119e-03 9.368829432155390859e-04
3.385758975002764459e-02 8.166808457692671316e-03 1.153044388439838442e-03 9.415673579316166707e-04
3.402687769877778268e-02 7.973389355621760335e-03 1.204736179227700044e-03 9.462751947212746971e-04
3.419701208727166097e-02 6.393321574284567370e-03 1.009105112055354520e-03 9.510065706948807925e-04
3.436799714770802372e-02 7.451741623861552269e-03 1.085011638985847182e-03 9.557616035483553494e-04
3.453983713344655621e-02 6.705998293355610977e-03 1.020799440271131370e-03 9.605404115660969196e-04
3.471253631911378618e-02 6.650746995202408245e-03 1.000804141240660547e-03 9.653431136239273413e-04
3.488609900070935299e-02 7.216329202313504984e-03 1.039604058343295435e-03 9.701698291920469487e-04
3.506052949571289434e-02 6.465091602964290543e-03 9.727660946524726172e-04 9.750206783380070208e-04
3.523583214319145340e-02 6.642565333219409979e-03 9.882986261589715455e-04 9.798957817296969752e-04
3.541201130390740637e-02 6.592364707470155238e-03 9.808282967401424357e-04 9.847952606383452226e-04
3.558907136042693820e-02 6.945246422210703437e-03 1.038304320921595815e-03 9.897192369415367189e-04
3.576701671722907344e-02 5.250038800885486676e-03 9.822439544270938298e-04 9.946678331262445022e-04
3.594585180081521364e-02 5.258297758194944646e-03 9.301113964828292740e-04 9.996411722918755426e-04
3.612558105981928530e-02 6.761807511010627797e-03 9.844078987878692941e-04 1.004639378153334914e-03
3.630620896511838058e-02 5.503830380825538125e-03 9.815177414395977618e-04 1.009662575044101458e-03
3.648774000994396693e-02 4.275282773478683920e-03 7.663915868463412173e-04 1.014710887919321883e-03
3.667017870999368656e-02 6.468104979865322256e-03 9.416851858594581888e-04 1.019784442358918517e-03
3.685352960354364854e-02 6.869905886562514309e-03 9.697461735505060604e-04 1.024883364570712899e-03
3.703779725156136626e-02 6.433964271437962734e-03 9.367545535775907055e-04 1.030007781393566489e-03
3.722298623781916671e-02 6.760253953223124487e-03 9.543465258410171190e-04 1.035157820300533970e-03
3.740910116900825200e-02 4.334681487424879055e-03 7.649118867899934969e-04 1.040333609402036485e-03
3.759614667485329520e-02 3.896012385668118447e-03 7.663867152683680574e-04 1.045535277449046591e-03
3.778412740822754967e-02 5.027711067034226072e-03 8.527149775911672730e-04 1.050762953836291641e-03
3.797304804526868693e-02 3.125433858811266404e-03 6.369626245042548729e-04 1.056016768605473003e-03
3.816291328549503009e-02 2.727474003345752192e-03 6.738122951504341282e-04 1.061296852448500444e-03
3.835372785192249501e-02 3.387979794830877928e-03 6.634408098309731725e-04 1.066603336710742573e-03
3.854549649118210741e-02 3.259000728897784756e-03 6.965709618133300238e-04 1.071936353394296361e-03
3.873822397363801268e-02 3.691847857448829658e-03 7.520721957538480324e-04 1.077296035161267717e-03
3.893191509350620028e-02 3.191644286966418935e-03 6.374622740809832676e-04 1.082682515337073971e-03
3.912657466897372788e-02 3.022314051126550813e-03 6.160991918389898412e-04 1.088095927913759146e-03
3.932220754231859072e-02 2.989775872383919949e-03 6.814771794984798760e-04 1.093536407553327879e-03
3.951881858003018083e-02 2.687117536479738389e-03 5.721878370085358746e-04 1.099004089591094305e-03
3.971641267293032906e-02 3.246694145127067537e-03 6.359848132603738947e-04 1.104499110039049809e-03
3.991499473629497863e-02 2.115585146693253153e-03 6.693903858024734775e-04 1.110021605589245081e-03
4.011456970997644145e-02 1.596738493731882742e-03 4.423677349726797101e-04 1.115571713617190827e-03
4.031514255852632067e-02 3.165475347973768349e-03 6.201311701235856857e-04 1.121149572185276694e-03
4.051671827131894665e-02 2.538858078989117938e-03 5.534328199285962332e-04 1.126755320046202982e-03
4.071930186267554153e-02 1.325492501166963127e-03 4.963187151431939451e-04 1.132389096646434050e-03
4.092289837198891111e-02 3.001663802124434049e-03 5.997132530297385284e-04 1.138051042129666025e-03
4.112751286384885852e-02 3.206060204250730638e-03 6.163856802485487892e-04 1.143741297340314248e-03
4.133315042816809726e-02 3.608345452618790753e-03 6.581291439779386482e-04 1.149460003827015679e-03
4.153981618030892775e-02 1.897680148025517304e-03 4.739438099457519591e-04 1.155207303846150606e-03
4.174751526121046885e-02 2.325341893345676814e-03 5.922534149180911462e-04 1.160983340365381259e-03
4.195625283751651391e-02 2.123505024257067199e-03 5.773650458781629620e-04 1.166788257067207998e-03
4.216603410170409461e-02 3.369290533008759570e-03 6.250138180368823744e-04 1.172622198352543926e-03
4.237686427221261376e-02 3.258013964867573567e-03 6.150693444986089905e-04 1.178485309344306630e-03
4.258874859357367204e-02 1.869382249715259483e-03 4.668485091086220268e-04 1.184377735891027931e-03
4.280169233654153305e-02 2.793227286992020116e-03 5.695490445217065573e-04 1.190299624570482920e-03
4.301570079822424064e-02 2.205582764706951176e-03 5.054465846872961904e-04 1.196251122693335264e-03
4.323077930221535387e-02 2.869658369752862634e-03 5.732672618024591861e-04 1.202232378306801810e-03
4.344693319872642429e-02 3.016533814019149023e-03 6.309252281916920583e-04 1.208243540198335620e-03
4.366416786472004929e-02 3.197340772065760187e-03 6.035136924037201546e-04 1.214284757899327001e-03
4.388248870404365398e-02 2.702522889569705829e-03 5.509677525606351996e-04 1.220356181688823840e-03
4.410190114756386282e-02 3.088809167478009845e-03 5.937062442138886379e-04 1.226457962597267762e-03
4.432241065330168317e-02 2.482678224380375272e-03 6.571489536212769735e-04 1.232590252410254144e-03
4.454402270656818152e-02 2.635775031832938119e-03 6.163197868861383264e-04 1.238753203672305139e-03
4.476674282010102007e-02 3.057440720264125930e-03 5.876129770087503215e-04 1.244946969690666552e-03
4.499057653420152070e-02 4.286525268142144136e-03 7.378575566854042285e-04 1.251171704539119677e-03
4.521552941687251997e-02 2.044927380796472249e-03 4.813296446054230338e-04 1.257427563061815036e-03
4.544160706395687643e-02 2.151944842138757853e-03 4.929915582295987461e-04 1.263714700877124116e-03
4.566881509927665783e-02 1.736177447729729583e-03 4.476390619539167702e-04 1.270033274381509539e-03
4.589715917477303619e-02 2.922160741538016790e-03 5.836040016878567141e-04 1.276383440753416912e-03
4.612664497064689756e-02 2.513837640585015257e-03 5.478179313558109720e-04 1.282765357957184023e-03
4.635727819550012480e-02 3.098394936603128796e-03 6.188358096185562042e-04 1.289179184746969565e-03
4.658906458647761595e-02 3.536605628785317607e-03 6.674403824859066010e-04 1.295625080670704176e-03
4.682200990941000340e-02 2.354175116186345285e-03 5.881932324898295639e-04 1.302103206074057759e-03
4.705611995895704613e-02 2.790511924986824842e-03 6.359582621386289988e-04 1.308613722104427822e-03
4.729140055875183379e-02 3.146861733376744245e-03 6.047652184610758904e-04 1.315156790714949947e-03
4.752785756154558061e-02 2.032728949012776922e-03 5.416808322415363241e-04 1.321732574668524514e-03
4.776549684935330747e-02 3.402462355694851372e-03 6.309329331362764290e-04 1.328341237541867063e-03
4.800432433360006523e-02 2.350206340481259155e-03 5.248575649517301387e-04 1.334982943729576222e-03
4.824434595526806702e-02 2.391766725218423539e-03 5.341389979108979863e-04 1.341657858448223970e-03
4.848556768504440340e-02 1.470065061234673148e-03 4.238444349487229695e-04 1.348366147740464975e-03
4.872799552346961799e-02 2.767890095540311620e-03 5.764553222398654565e-04 1.355107978479167192e-03
4.897163550108696306e-02 1.875907128896554680e-03 4.684163777738265802e-04 1.361883518371562836e-03
4.921649367859239066e-02 2.624700136306350531e-03 5.466533892593349693e-04 1.368692935963420612e-03
4.946257614698534866e-02 2.220559759110085542e-03 5.549640498544780977e-04 1.375536400643237456e-03
4.970988902772026374e-02 1.152125685014985645e-03 3.639287205698157456e-04 1.382414082646453478e-03
4.995843847285886402e-02 9.428116422581812048e-04 4.404848662669329077e-04 1.389326153059685558e-03
5.020823066522315387e-02 1.168404916967661798e-03 3.691079496762123186e-04 1.396272783824983920e-03
5.045927181854926308e-02 1.396002269418675007e-03 4.025830858102680482e-04 1.403254147744108660e-03
5.071156817764200381e-02 1.176062900742378542e-03 3.715496909663849553e-04 1.410270418482829045e-03
5.096512601853020463e-02 9.396450055579040920e-04 3.319285990813172120e-04 1.417321770575242969e-03
5.121995164862284955e-02 1.068678529541610420e-03 3.559194211024332023e-04 1.424408379428118970e-03
5.147605140686596636e-02 1.066724871536183080e-03 3.552887619323262503e-04 1.431530421325259705e-03
5.173343166390028530e-02 1.807914465991234190e-03 4.664389185270411656e-04 1.438688073431885605e-03
5.199209882221978579e-02 1.350640406951009957e-03 4.069170852034442558e-04 1.445881513799044966e-03
5.225205931633088163e-02 1.352583103238577059e-03 4.075257422464316341e-04 1.453110921368040102e-03
5.251331961291252903e-02 3.754440956281918399e-04 4.843633964336898821e-04 1.460376475974880161e-03
5.277588621097707711e-02 1.627143504198870971e-03 4.509785065677247157e-04 1.467678358354754112e-03
