1.442977229909739312e-02 5.108955298282175095e-01 3.495326093416752794e-02 4.012835029382323475e-04
1.450192116059288022e-02 5.481308668569258025e-01 3.434018313938200923e-02 4.032899204529234965e-04
1.457443076639584369e-02 5.033809983467582017e-01 3.374368902587006336e-02 4.053063700551880698e-04
1.464730292022782196e-02 5.144204837999435398e-01 3.348897479170186847e-02 4.073329019054639909e-04
1.472053943482895880e-02 4.990437449189023544e-01 3.265046031626898243e-02 4.093695664149912751e-04
1.479414213200310087e-02 4.381438571381324754e-01 2.904297318746066475e-02 4.114164142470661261e-04
1.486811284266311567e-02 4.619613006789460297e-01 3.029040122469665863e-02 4.134734963183014293e-04
1.494245340687642976e-02 4.059578731444583033e-01 2.805035742537126744e-02 4.155408637998929378e-04
1.501716567391080982e-02 4.268260162364450605e-01 2.786423181208692521e-02 4.176185681188923421e-04
1.509225150228036064e-02 4.084553069320735474e-01 2.695515059997258961e-02 4.197066609594866829e-04
1.516771275979176062e-02 4.057373866380193372e-01 2.654490859269703976e-02 4.218051942642840526e-04
1.524355132359071774e-02 3.711365161864910722e-01 2.560604400384864851e-02 4.239142202356054761e-04
1.531976908020867001e-02 3.885701929944432309e-01 2.564607171725774223e-02 4.260337913367834599e-04
1.539636792560971322e-02 3.167170840881080029e-01 2.326923569767329683e-02 4.281639602934673712e-04
1.547334976523776114e-02 3.385990595790871471e-01 2.351106094598545346e-02 4.303047800949346725e-04
1.555071651406394681e-02 2.896795577785025722e-01 2.155376777526499948e-02 4.324563039954092570e-04
1.562847009663426504e-02 3.096347905488095464e-01 2.242188939907151235e-02 4.346185855153862892e-04
1.570661244711743509e-02 2.728584632426562240e-01 2.049940589736930566e-02 4.367916784429631718e-04
1.578514550935301852e-02 3.035630566757392956e-01 2.139415725403785024e-02 4.389756368351778850e-04
1.586407123689978493e-02 2.845319137363041540e-01 2.073857529453220633e-02 4.411705150193537760e-04
1.594339159308428081e-02 2.631322416090483007e-01 1.963947392376419812e-02 4.433763675944504758e-04
1.602310855104970011e-02 2.583084962915897509e-01 1.939672554881257185e-02 4.455932494324226748e-04
1.610322409380494577e-02 2.505187725216379557e-01 1.875186821657175151e-02 4.478212156795847000e-04
1.618374021427396864e-02 2.050464708954801152e-01 1.657830267178764597e-02 4.500603217579825731e-04
1.626465891534533553e-02 2.428263944823056686e-01 1.794253655799234182e-02 4.523106233667724104e-04
1.634598220992206086e-02 2.203249555525683412e-01 1.697869628603659864e-02 4.545721764836062502e-04
1.642771212097167421e-02 2.065293812186235756e-01 1.602861713605546051e-02 4.568450373660243313e-04
1.650985068157653085e-02 2.138660537241284243e-01 1.616344570795599095e-02 4.591292625528544183e-04
1.659239993498441007e-02 1.713706368483347564e-01 1.442131644707670725e-02 4.614249088656186080e-04
1.667536193465932876e-02 1.801337234834177181e-01 1.433375186180018204e-02 4.637320334099465872e-04
1.675873874433262550e-02 1.945752375264332701e-01 1.501372449322502592e-02 4.660506935769963169e-04
1.684253243805428762e-02 1.749976274821742062e-01 1.383904265501248107e-02 4.683809470448812760e-04
1.692674510024455570e-02 1.539782031462873235e-01 1.279577413472185281e-02 4.707228517801056197e-04
1.701137882574577792e-02 1.377986270853611972e-01 1.208209264035231198e-02 4.730764660390061145e-04
1.709643571987450386e-02 1.363058037472594242e-01 1.169983280573012180e-02 4.754418483692010654e-04
1.718191789847387657e-02 1.144815503429297415e-01 1.088685491493241418e-02 4.778190576110471046e-04
1.726782748796624328e-02 1.303335946105815546e-01 1.144559978970536782e-02 4.802081528991022138e-04
1.735416662540607141e-02 1.239328791036462818e-01 1.122582530733096280e-02 4.826091936635976912e-04
1.744093745853309702e-02 1.230720472477352806e-01 1.092111721850209417e-02 4.850222396319155398e-04
1.752814214582576469e-02 1.234767273825373574e-01 1.097392272878637207e-02 4.874473508300751793e-04
1.761578285655489295e-02 9.678131806001778747e-02 9.206324288375327194e-03 4.898845875842255254e-04
1.770386177083766582e-02 8.841550062169192814e-02 9.082413352136199658e-03 4.923340105221466097e-04
1.779238107969184982e-02 1.058203597070046936e-01 9.638733579665369547e-03 4.947956805747571627e-04
1.788134298509030939e-02 8.473875988768170275e-02 8.455681567119996411e-03 4.972696589776309795e-04
1.797074970001575484e-02 1.074993935249812516e-01 9.481969924025619723e-03 4.997560072725190303e-04
1.806060344851583357e-02 8.676400084046981265e-02 8.450214391293260977e-03 5.022547873088815474e-04
1.815090646575841238e-02 7.778673153629846182e-02 8.050306221505886678e-03 5.047660612454259654e-04
1.824166099808720298e-02 6.664931620163569437e-02 7.371595149349762476e-03 5.072898915516531023e-04
1.833286930307763407e-02 6.744551911657026277e-02 7.176307602658024004e-03 5.098263410094112545e-04
1.842453364959302162e-02 8.215586941971923796e-02 7.950660017688232842e-03 5.123754727144582072e-04
1.851665631784098556e-02 4.827907561761585892e-02 5.977808627049841124e-03 5.149373500780305086e-04
1.860923959943018915e-02 5.587645545503983763e-02 6.599917178553252328e-03 5.175120368284206584e-04
1.870228579742733849e-02 3.742311044212291715e-02 5.181069510647344674e-03 5.200995970125626457e-04
1.879579722641447001e-02 4.149296022998384681e-02 5.304227218451426987e-03 5.227000949976252919e-04
1.888977621254653988e-02 4.576735706656763492e-02 5.541621352254218896e-03 5.253135954726134010e-04
1.898422509360927352e-02 4.276640876812381337e-02 5.380052648502940335e-03 5.279401634499764984e-04
1.907914621907731700e-02 4.053319974519599411e-02 5.140291170411381144e-03 5.305798642672263522e-04
1.917454195017270074e-02 3.527291009265839938e-02 5.001908475091662414e-03 5.332327635885623007e-04
1.927041465992356331e-02 3.427629565725941185e-02 4.701787177928830330e-03 5.358989274065051453e-04
1.936676673322317715e-02 3.470493367118372002e-02 4.921650538539036786e-03 5.385784220435375479e-04
1.946360056688929002e-02 3.703102752754926924e-02 4.918743260046575146e-03 5.412713141537551630e-04
1.956091856972373699e-02 3.157926154432401378e-02 4.373715739128405423e-03 5.439776707245239486e-04
1.965872316257235436e-02 3.506517704977216154e-02 4.559394778786416899e-03 5.466975590781464767e-04
1.975701677838521270e-02 3.326051848742302836e-02 4.400052262082786679e-03 5.494310468735371343e-04
1.985580186227713789e-02 3.992040532103376116e-02 4.732049578528483257e-03 5.521782021079048048e-04
1.995508087158852362e-02 3.135764955090296346e-02 4.223242115126634236e-03 5.549390931184443321e-04
2.005485627594646297e-02 2.804662008810600987e-02 3.847941128402521376e-03 5.577137885840364410e-04
2.015513055732619241e-02 2.798709480852952167e-02 3.914400404308805356e-03 5.605023575269565484e-04
2.025590621011282011e-02 2.456623377729774682e-02 3.579195222586987763e-03 5.633048693145912720e-04
2.035718574116338053e-02 2.199015909909357233e-02 3.581065220298729375e-03 5.661213936611641552e-04
2.045897166986919424e-02 2.370488595025545958e-02 3.671481680253937258e-03 5.689520006294698480e-04
2.056126652821854001e-02 2.738736884146467099e-02 3.688600569042972243e-03 5.717967606326171794e-04
2.066407286085962872e-02 1.884005636447343840e-02 3.236773110584680382e-03 5.746557444357801433e-04
2.076739322516392428e-02 2.113920978123116218e-02 3.183036247233341203e-03 5.775290231579589687e-04
2.087123019128974549e-02 1.890663601529044349e-02 2.985774777481203617e-03 5.804166682737488866e-04
2.097558634224619065e-02 2.645326631586527102e-02 3.530543965644821185e-03 5.833187516151174630e-04
2.108046427395741940e-02 2.616319047024429426e-02 3.460976101813963233e-03 5.862353453731929901e-04
2.118586659532720531e-02 2.610008872337268512e-02 3.422635097431037457e-03 5.891665221000589496e-04
2.129179592830383883e-02 2.197314282672095664e-02 3.103333547365573226e-03 5.921123547105592091e-04
2.139825490794535628e-02 3.067120584534887770e-02 3.635063752606398652e-03 5.950729164841118924e-04
2.150524618248508130e-02 2.330826557803346646e-02 3.167433646088607408e-03 5.980482810665324655e-04
2.161277241339750604e-02 2.409462569876768406e-02 3.186848573548398383e-03 6.010385224718650622e-04
2.172083627546448834e-02 2.872656734676219681e-02 3.544933993324112746e-03 6.040437150842242189e-04
2.182944045684180601e-02 2.688776846319193906e-02 3.304666936534475345e-03 6.070639336596452820e-04
2.193858765912601316e-02 2.331663973874080129e-02 3.030869015235856685e-03 6.100992533279433810e-04
2.204828059742164337e-02 3.061433722972642033e-02 3.417276913384976501e-03 6.131497495945831353e-04
2.215852200040874936e-02 2.544615446491351948e-02 3.239511322910175635e-03 6.162154983425559502e-04
2.226931461041078975e-02 2.695898167071546225e-02 3.193972229671072308e-03 6.192965758342686968e-04
2.238066118346284175e-02 1.930758504257418240e-02 2.647474341715212471e-03 6.223930587134399823e-04
2.249256448938015407e-02 2.254616659273677923e-02 3.049465358419183991e-03 6.255050240070071524e-04
2.260502731182705005e-02 2.260951736324151931e-02 2.820903427326901768e-03 6.286325491270420771e-04
2.271805244838618482e-02 1.884656698311862680e-02 2.698220042312983284e-03 6.317757118726772354e-04
2.283164271062811460e-02 2.707028730369464772e-02 3.059092484865345157e-03 6.349345904320405831e-04
2.294580092418125120e-02 3.023205818340028370e-02 3.198168332631619662e-03 6.381092633842007193e-04
2.306052992880215646e-02 2.772198272325729351e-02 3.055017326499103510e-03 6.412998097011215950e-04
2.317583257844616634e-02 2.937487791203939602e-02 3.313631128447783267e-03 6.445063087496271954e-04
2.329171174133839312e-02 2.496959356497918670e-02 2.839402758128690019e-03 6.477288402933752218e-04
2.340817030004507804e-02 2.351826706147604543e-02 2.727913858031658523e-03 6.509674844948419407e-04
2.352521115154530135e-02 2.950773774585941159e-02 3.052889595478039744e-03 6.542223219173160312e-04
2.364283720730302879e-02 2.833818540818641013e-02 3.042296445426426969e-03 6.574934335269027328e-04
2.376105139333953981e-02 2.875711415328383036e-02 3.069514498520091277e-03 6.607809006945371006e-04
2.387985665030623386e-02 2.466151457919516649e-02 2.760384609309322456e-03 6.640848051980096202e-04
2.399925593355776293e-02 2.418173981408915443e-02 2.855226234994106410e-03 6.674052292239996288e-04
2.411925221322554908e-02 3.075080661382657149e-02 3.007981536125824574e-03 6.707422553701195781e-04
2.423984847429167672e-02 2.210767658597987545e-02 2.609301916936080084e-03 6.740959666469701402e-04
2.436104771666313187e-02 2.758594601503005714e-02 2.823284379994286594e-03 6.774664464802049616e-04
2.448285295524644731e-02 2.307390459443108346e-02 2.557513197557060962e-03 6.808537787126059350e-04
2.460526722002267380e-02 2.473888593615482939e-02 2.734902476034670876e-03 6.842580476061688784e-04
2.472829355612278512e-02 2.308905178512314638e-02 2.744902005497207309e-03 6.876793378441996242e-04
2.485193502390339870e-02 1.787183654302545652e-02 2.371667912374773000e-03 6.911177345334206228e-04
2.497619469902290917e-02 2.087990434462119738e-02 2.328583517456250113e-03 6.945733232060875232e-04
2.510107567251802091e-02 2.615138884744782136e-02 2.570092451425433442e-03 6.980461898221178947e-04
2.522658105088061015e-02 2.394049520652433496e-02 2.462806188420697123e-03 7.015364207712284066e-04
2.535271395613501039e-02 2.074839486889294357e-02 2.367417761752589958e-03 7.050441028750844760e-04
2.547947752591567944e-02 2.105559598470214261e-02 2.251545872790626859e-03 7.085693233894597813e-04
2.560687491354525849e-02 2.243785847805204389e-02 2.320756825372093362e-03 7.121121700064070520e-04
2.573490928811298165e-02 1.718727094000970998e-02 2.020418879215186720e-03 7.156727308564390499e-04
2.586358383455354334e-02 1.773670666689158848e-02 2.029456891703116956e-03 7.192510945107211508e-04
2.599290175372630934e-02 2.095283200610658161e-02 2.248322136955489131e-03 7.228473499832746606e-04
2.612286626249493704e-02 2.078549414495466444e-02 2.257311237478756838e-03 7.264615867331909727e-04
2.625348059380740867e-02 2.061053081751037033e-02 2.155325456990551773e-03 7.300938946668567844e-04
2.638474799677644617e-02 1.879936957504609041e-02 2.046281513906297346e-03 7.337443641401911317e-04
2.651667173676032496e-02 1.725374940591749631e-02 1.974495968174638273e-03 7.374130859608919644e-04
2.664925509544412152e-02 1.657054836125769481e-02 1.935094780566135216e-03 7.411001513906962735e-04
2.678250137092134248e-02 1.501947118177715187e-02 1.896071629884644050e-03 7.448056521476497608e-04
2.691641387777594235e-02 1.450572983741746889e-02 1.884662484113601910e-03 7.485296804083878914e-04
2.705099594716482009e-02 1.524188993082074318e-02 1.886833118382336789e-03 7.522723288104297404e-04
2.718625092690064166e-02 1.567555226123961212e-02 1.806354422340825973e-03 7.560336904544818137e-04
2.732218218153514150e-02 1.549440128684957327e-02 1.829063427358780004e-03 7.598138589067541214e-04
2.745879309244281599e-02 1.387467223907863818e-02 1.711226837783670716e-03 7.636129282012878508e-04
2.759608705790502631e-02 1.320552109755104495e-02 1.622266689708402616e-03 7.674309928422942077e-04
2.773406749319454884e-02 1.081968700277862599e-02 1.519058201003436115e-03 7.712681478065056169e-04
2.787273783066051419e-02 9.019055493499883100e-03 1.313096551027354095e-03 7.751244885455379824e-04
2.801210151981381458e-02 1.298343743017212927e-02 1.595216859545915992e-03 7.790001109882655232e-04
2.815216202741288587e-02 1.001756678583605280e-02 1.386784655363873910e-03 7.828951115432069945e-04
2.829292283754994419e-02 1.013338016469779619e-02 1.402949075833456174e-03 7.868095871009228581e-04
2.843438745173769086e-02 9.729279503104090038e-03 1.453872377880217935e-03 7.907436350364273076e-04
2.857655938899637815e-02 1.168777962410523855e-02 1.494203776173894408e-03 7.946973532116093997e-04
2.871944218594135734e-02 9.040644614533485321e-03 1.302961081296418215e-03 7.986708399776674136e-04
2.886303939687106038e-02 9.137749686164479967e-03 1.317029541866360318e-03 8.026641941775556786e-04
2.900735459385541531e-02 7.535354591412619582e-03 1.243344861218185484e-03 8.066775151484434359e-04
2.915239136682468840e-02 8.669433845039120970e-03 1.262879378697063897e-03 8.107109027241855186e-04
2.929815332365880848e-02 5.699387022755781837e-03 1.080975922875904898e-03 8.147644572378063676e-04
2.944464409027709728e-02 5.868411336904528174e-03 1.036068961486506963e-03 8.188382795239952140e-04
2.959186731072847854e-02 7.026240772826167214e-03 1.123724348328031123e-03 8.229324709216151402e-04
2.973982664728212072e-02 4.136474541629391738e-03 9.268893874308664366e-04 8.270471332762231991e-04
2.988852578051852740e-02 4.095529452248036426e-03 8.529545964852816922e-04 8.311823689426041948e-04
3.003796840942111676e-02 4.965220668077890975e-03 9.372496636207778209e-04 8.353382807873171480e-04
3.018815825146821744e-02 6.059064209151584363e-03 1.022995394333210900e-03 8.395149721912535798e-04
3.033909904272555358e-02 3.468353380215399070e-03 8.832446122937272649e-04 8.437125470522096726e-04
3.049079453793918093e-02 5.654862780485899083e-03 1.054098839679032092e-03 8.479311097874706830e-04
3.064324851062887045e-02 5.495249119999247311e-03 9.703180315226513130e-04 8.521707653364079312e-04
3.079646475318201237e-02 5.363822051808521743e-03 9.622514969804914957e-04 8.564316191630898852e-04
3.095044707694791924e-02 3.931904990412427373e-03 8.188910630997881749e-04 8.607137772589052794e-04
3.110519931233265631e-02 4.064879232119835047e-03 8.285887479141567161e-04 8.650173461451996773e-04
3.126072530889431600e-02 3.455101031803643405e-03 8.380844227411825623e-04 8.693424328759255873e-04
3.141702893543878161e-02 7.142595004854093536e-03 1.087823535387890620e-03 8.736891450403050461e-04
3.157411408011597670e-02 8.523607754257537389e-03 1.234533569698192815e-03 8.780575907655066223e-04
3.173198465051654815e-02 4.232229320363180107e-03 9.923451273188854151e-04 8.824478787193339125e-04
3.189064457376912520e-02 6.767958945716561620e-03 1.055623846535967952e-03 8.868601181129304092e-04
3.205009779663797742e-02 6.119052877783988549e-03 1.004613566589001097e-03 8.912944187034952098e-04
3.221034828562116537e-02 5.691110376810445785e-03 1.057217350790472460e-03 8.957508907970127129e-04
3.237140002704926023e-02 6.047564725594719789e-03 1.073037763071613051e-03 9.002296452509974930e-04
3.253325702718450757e-02 4.697486762264372999e-03 9.028240759159181792e-04 9.047307934772525102e-04
3.269592331232042820e-02 6.133835932892558150e-03 1.066378502521639956e-03 9.092544474446387056e-04
3.285940292888202274e-02 6.795456476714783166e-03 1.115665917200079184e-03 9.138007196818616167e-04
3.302369994352642724e-02 5.358857108567598344e-03 1.070302419116425782e-03 9.183697232802707881e-04
3.318881844324406138e-02 5.914041985543498463e-03 1.066011545736400470e-03 9.229615718966721919e-04
3.335476253546027642e-02 7.366226382051201463e-03 1.121643983756035043e-03 9.275763797561553930e-04
3.352153634813757888e-02 5.897274495043419544e-03 9.952574992784415497e-04 9.322142616549362187e-04
3.368914402987825685e-02 7.458237433760255518e-03 1.110008098839384595e-03 9.368753329632105963e-04
3.385758975002764459e-02 7.034772073551032352e-03 1.071001537359382279e-03 9.415597096280266037e-04
3.402687769877778268e-02 7.486272842139600654e-03 1.101920979967112605e-03 9.462675081761667134e-04
3.419701208727166097e-02 7.368568629914969831e-03 1.084519147342833398e-03 9.509988457170472738e-04
3.436799714770802372e-02 6.726115269911550100e-03 1.080514181314309353e-03 9.557538399456326278e-04
3.453983713344655621e-02 7.804004916703812487e-03 1.101651192295593877e-03 9.605326091453606158e-04
3.471253631911378618e-02 6.707625767730800853e-03 1.050824519395454496e-03 9.653352721910872687e-04
3.488609900070935299e-02 4.814595358618430597e-03 8.494802873866928988e-04 9.701619485520426682e-04
3.506052949571289434e-02 7.054664343464016329e-03 1.016285706755752248e-03 9.750127582948027449e-04
3.523583214319145340e-02 7.540755324877149168e-03 1.053873853314741009e-03 9.798878220862766893e-04
3.541201130390740637e-02 7.681823433813096506e-03 1.100387764086191650e-03 9.847872611967079144e-04
3.558907136042693820e-02 8.398417879898699076e-03 1.135238552439241273e-03 9.897111975026911743e-04
3.576701671722907344e-02 8.068588491820969169e-03 1.076106627689632760e-03 9.946597534902046431e-04
3.594585180081521364e-02 7.539336009210645048e-03 1.033599884051263030e-03 9.996330522576556566e-04
3.612558105981928530e-02 5.246619659533637882e-03 9.161959863586106390e-04 1.004631217518943799e-03
3.630620896511838058e-02 7.133990803574063837e-03 9.970362406435413077e-04 1.009654373606538522e-03
3.648774000994396693e-02 5.016326013715877163e-03 8.759918670749247812e-04 1.014702645474571067e-03
3.667017870999368656e-02 6.195190513188342241e-03 9.217674936054930535e-04 1.019776158701943746e-03
3.685352960354364854e-02 6.600476715689760146e-03 9.509265511642594646e-04 1.024875039495453310e-03
3.703779725156136626e-02 5.207755234997733622e-03 8.432598364855077707e-04 1.029999414692930578e-03
3.722298623781916671e-02 6.772850177329019054e-03 9.561247375923885702e-04 1.035149411766395034e-03
3.740910116900825200e-02 5.827304284594937191e-03 8.870791892417646558e-04 1.040325158825226772e-03
3.759614667485329520e-02 5.699160467752295220e-03 8.676421721573724082e-04 1.045526784619352960e-03
3.778412740822754967e-02 3.798432447347566566e-03 7.041568394170826624e-04 1.050754418542449494e-03
3.797304804526868693e-02 2.997600157434672508e-03 6.240491003776314468e-04 1.056008190635161726e-03
3.816291328549503009e-02 3.119840282115729675e-03 7.108819240226180907e-04 1.061288231588337341e-03
3.835372785192249501e-02 4.563364461032784307e-03 7.701870354170447077e-04 1.066594672746278743e-03
3.854549649118210741e-02 3.595284325915047360e-03 6.784481092049402364e-04 1.071927646110010192e-03
3.873822397363801268e-02 3.825931088561781469e-03 6.975322820842184534e-04 1.077287284340560118e-03
3.893191509350620028e-02 4.848806536604949487e-03 7.855124428805034670e-04 1.082673720762262950e-03
3.912657466897372788e-02 3.152562750800227357e-03 6.296658485044168575e-04 1.088087089366074171e-03
3.932220754231859072e-02 3.616965780342387259e-03 6.708241681818733620e-04 1.093527524812904243e-03
3.951881858003018083e-02 3.053410512629358992e-03 6.099278882221013552e-04 1.098995162436968787e-03
3.971641267293032906e-02 1.749424428690677649e-03 4.670114309602924952e-04 1.104490138249153517e-03
3.991499473629497863e-02 2.241937584681340072e-03 6.814131709220366860e-04 1.110012588940399118e-03
4.011456970997644145e-02 2.457713477579422014e-03 5.489461249028666128e-04 1.115562651885100868e-03
4.031514255852632067e-02 2.437695975732689663e-03 5.444974390643815467e-04 1.121140465144526265e-03
4.051671827131894665e-02 3.146104570978850833e-03 6.163407785893117814e-04 1.126746167470248691e-03
4.071930186267554153e-02 1.808639069223288032e-03 4.665066944965439279e-04 1.132379898307599945e-03
4.092289837198891111e-02 2.645205300424446904e-03 5.633776920846073934e-04 1.138041797799137743e-03
4.112751286384885852e-02 2.732338663697699618e-03 5.691577844960213524e-04 1.143732006788133592e-03
4.133315042816809726e-02 2.574461623314255355e-03 6.075985295752802133e-04 1.149450666822074115e-03
4.153981618030892775e-02 2.493652210845776884e-03 5.436132878706100274e-04 1.155197920156184272e-03
4.174751526121046885e-02 2.325972877277120675e-03 5.195815581925343745e-04 1.160973909756964897e-03
4.195625283751651391e-02 1.582586196545346597e-03 4.944118938016090533e-04 1.166778779305749532e-03
4.216603410170409461e-02 1.744259131110792102e-03 4.498995210110511120e-04 1.172612673202278388e-03
4.237686427221261376e-02 1.862223174406862306e-03 4.650738178459809177e-04 1.178475736568289660e-03
4.258874859357367204e-02 2.572008569383662374e-03 5.477728335905291497e-04 1.184368115251131000e-03
4.280169233654153305e-02 2.913886448131516784e-03 5.821475738872285187e-04 1.190289955827386397e-03
4.301570079822424064e-02 1.509897064750394778e-03 4.183175991512437281e-04 1.196241405606523426e-03
4.323077930221535387e-02 2.641515348841751154e-03 5.501563981509413571e-04 1.202222612634555685e-03
4.344693319872642429e-02 2.058020265175020212e-03 5.594737432792096666e-04 1.208233725697728436e-03
4.366416786472004929e-02 2.515751393529046254e-03 5.357139136800940929e-04 1.214274894326216811e-03
4.388248870404365398e-02 2.862476187119801074e-03 6.119596693813977775e-04 1.220346268797848103e-03
4.410190114756386282e-02 1.717698398626356674e-03 4.429591747616583633e-04 1.226448000141837054e-03
4.432241065330168317e-02 2.981646970627666038e-03 6.235274507403818899e-04 1.232580240142546303e-03
4.454402270656818152e-02 3.324053230630174671e-03 6.164467681517871731e-04 1.238743141343258761e-03
4.476674282010102007e-02 2.833100742849534344e-03 5.658631908027069671e-04 1.244936857049974916e-03
4.499057653420152070e-02 3.669839425397367332e-03 7.059758671574978967e-04 1.251161541335224676e-03
4.521552941687251997e-02 3.001827694250349364e-03 6.865717022056753039e-04 1.257417349041900457e-03
4.544160706395687643e-02 3.287005141288435340e-03 6.095183791591706141e-04 1.263704435787109783e-03
4.566881509927665783e-02 4.405188147992178394e-03 7.135955966749734551e-04 1.270022957966045240e-03
4.589715917477303619e-02 3.902792030388429600e-03 7.151121248302267286e-04 1.276373072755875460e-03
4.612664497064689756e-02 3.713368335393988934e-03 6.660331567229252304e-04 1.282754938119654757e-03
4.635727819550012480e-02 2.356844445028110149e-03 5.399614875941952065e-04 1.289168712810252705e-03
4.658906458647761595e-02 2.073464665969809804e-03 6.506847677814807602e-04 1.295614556374303670e-03
4.682200990941000340e-02 1.991232858234060106e-03 5.497751457996110595e-04 1.302092629156175211e-03
4.705611995895704613e-02 3.258030468819282741e-03 6.148532485797611078e-04 1.308603092301955989e-03
4.729140055875183379e-02 2.380639289909868613e-03 5.775202537048832602e-04 1.315146107763465796e-03
4.752785756154558061e-02 2.454111032042984291e-03 6.063811064587478709e-04 1.321721838302282719e-03
4.776549684935330747e-02 3.618080671844508926e-03 7.879541396037864284e-04 1.328330447493794152e-03
4.800432433360006523e-02 2.115153761788684909e-03 4.979121616175893059e-04 1.334972099731262987e-03
4.824434595526806702e-02 2.392898140866760170e-03 5.343916702184931715e-04 1.341646960229919174e-03
4.848556768504440340e-02 2.503748592380326734e-03 6.776315537238048088e-04 1.348355195031068635e-03
4.872799552346961799e-02 1.131323663269703534e-03 4.426592974894363831e-04 1.355096971006223856e-03
4.897163550108696306e-02 2.225625618454269740e-03 5.099834004134898941e-04 1.361872455861254860e-03
4.921649367859239066e-02 1.945756392583711291e-03 4.713741465038614412e-04 1.368681818140561005e-03
4.946257614698534866e-02 2.290050626164382135e-03 5.115010837667689466e-04 1.375525227231263591e-03
4.970988902772026374e-02 1.381004426704351019e-03 6.296379895065956417e-04 1.382402853367419721e-03
4.995843847285886402e-02 2.009130132177020661e-03 4.867635061948500080e-04 1.389314867634256758e-03
5.020823066522315387e-02 1.682910265316119470e-03 5.029762474926798097e-04 1.396261441972427826e-03
5.045927181854926308e-02 2.375276316064330040e-03 5.764453971708038147e-04 1.403242749182289847e-03
5.071156817764200381e-02 1.174818094243311722e-03 3.711733028524190109e-04 1.410258962928201106e-03
5.096512601853020463e-02 1.766859680948609963e-03 4.558083620072338519e-04 1.417310257742841794e-03
5.121995164862284955e-02 1.118016023442396784e-03 4.375985514771332536e-04 1.424396809031556023e-03
5.147605140686596636e-02 1.304035487725773010e-03 3.928579925731519621e-04 1.431518793076713789e-03
5.173343166390028530e-02 1.204999887221720571e-03 3.807584369244786690e-04 1.438676387042097000e-03
5.199209882221978579e-02 9.815202137710779279e-04 3.467502504685669468e-04 1.445869768977307412e-03
5.225205931633088163e-02 9.863913222669402209e-04 3.484907348972425805e-04 1.453099117822193856e-03
5.251331961291252903e-02 3.004651337749879715e-04 3.204324007273239342e-04 1.460364613411304626e-03
5.277588621097707711e-02 1.000428335979012661e-03 3.534619374072948635e-04 1.467666436478360899e-03
