1.442977229909739312e-02 5.848547901519228764e-01 3.693694222612080302e-02 4.012867625701226548e-04
1.450192116059288022e-02 5.278444251902846274e-01 3.367317172439968781e-02 4.032931963829732946e-04
1.457443076639584369e-02 5.329817747138855255e-01 3.516405944237280951e-02 4.053096623648881082e-04
1.464730292022782196e-02 4.987498800631449680e-01 3.270055573230055967e-02 4.073362106767125165e-04
1.472053943482895880e-02 5.064452431456294423e-01 3.285280696658735705e-02 4.093728917300960379e-04
1.479414213200310087e-02 4.533041351219290749e-01 2.959336038336733005e-02 4.114197561887464392e-04
1.486811284266311567e-02 4.857030801895543259e-01 3.105111034307452694e-02 4.134768549696901749e-04
1.494245340687642976e-02 4.787016503106425458e-01 3.047788121987483542e-02 4.155442392445385727e-04
1.501716567391080982e-02 3.722646251024770980e-01 2.603564482717643860e-02 4.176219604407612287e-04
1.509225150228036064e-02 4.082742799300920766e-01 2.729530795228562665e-02 4.197100702429649327e-04
1.516771275979176062e-02 3.371423194856965622e-01 2.455563953898828519e-02 4.218086205941796942e-04
1.524355132359071774e-02 3.630637253362683503e-01 2.501661782667849096e-02 4.239176636971505696e-04
1.531976908020867001e-02 3.192443294156086520e-01 2.400009544281255652e-02 4.260372520156362653e-04
1.539636792560971322e-02 3.785263678094047957e-01 2.577831705853924141e-02 4.281674382757144626e-04
1.547334976523776114e-02 3.492569199502080224e-01 2.384934494517057177e-02 4.303082754670929980e-04
1.555071651406394681e-02 3.333684469258578753e-01 2.286789333253090237e-02 4.324598168444283614e-04
1.562847009663426504e-02 3.016701737686359741e-01 2.194312918238341958e-02 4.346221159286504823e-04
1.570661244711743509e-02 3.074530270316198077e-01 2.177762909180584738e-02 4.367952265082936970e-04
1.578514550935301852e-02 3.095317249702934648e-01 2.159991395772363487e-02 4.389792026408350333e-04
1.586407123689978493e-02 2.438319816408024698e-01 1.921292535605077095e-02 4.411740986540392713e-04
1.594339159308428081e-02 2.668034478265161047e-01 1.955137409836447612e-02 4.433799691473093722e-04
1.602310855104970011e-02 2.397864923795106351e-01 1.838500326390028750e-02 4.455968689930458505e-04
1.610322409380494577e-02 2.196474190210392918e-01 1.800629251410625770e-02 4.478248533380110256e-04
1.618374021427396864e-02 2.227732186689264371e-01 1.728755637754472371e-02 4.500639776047010254e-04
1.626465891534533553e-02 2.387626590036107666e-01 1.808513041052477871e-02 4.523142974927244582e-04
1.634598220992206086e-02 2.277381726940715945e-01 1.724385486332328382e-02 4.545758689801880225e-04
1.642771212097167421e-02 2.253725151053792286e-01 1.674641597495983222e-02 4.568487483250890566e-04
1.650985068157653085e-02 2.166114410216193054e-01 1.627761568422236155e-02 4.591329920667144306e-04
1.659239993498441007e-02 1.937853142080450675e-01 1.530526284913179789e-02 4.614286570270479488e-04
1.667536193465932876e-02 2.070791397061770289e-01 1.564357710428848636e-02 4.637358003121830655e-04
1.675873874433262550e-02 1.790465122895127659e-01 1.438682315417116886e-02 4.660544793137440028e-04
1.684253243805428762e-02 1.798658834355390257e-01 1.404843603876995521e-02 4.683847517103126691e-04
1.692674510024455570e-02 1.560940602586891046e-01 1.288244418252048815e-02 4.707266754688641430e-04
1.701137882574577792e-02 1.475684961942260176e-01 1.256200799069101363e-02 4.730803088462084451e-04
1.709643571987450386e-02 1.493495091511086448e-01 1.248923458474200145e-02 4.754457103904394114e-04
1.718191789847387657e-02 1.460647269863547537e-01 1.231249343339676020e-02 4.778229389423915906e-04
1.726782748796624328e-02 1.280813697485254921e-01 1.133601817233833089e-02 4.802120536371034826e-04
1.735416662540607141e-02 1.289548365642810557e-01 1.119594381993780849e-02 4.826131139052889101e-04
1.744093745853309702e-02 1.104583633130981069e-01 1.018666282582331162e-02 4.850261794748152188e-04
1.752814214582576469e-02 1.005026649472531286e-01 1.010730640872303104e-02 4.874513103721893944e-04
1.761578285655489295e-02 9.747589618560990876e-02 9.230495603142837777e-03 4.898885669240503034e-04
1.770386177083766582e-02 8.844239838799840270e-02 8.824290238247564297e-03 4.923380097586704763e-04
1.779238107969184982e-02 8.745615333139969416e-02 8.770314171488245020e-03 4.947996998074637989e-04
1.788134298509030939e-02 8.896997092348056524e-02 8.908099964232136028e-03 4.972736983065010642e-04
1.797074970001575484e-02 7.896914014325430442e-02 8.128079722055524606e-03 4.997600667980333852e-04
1.806060344851583357e-02 7.276385646651975514e-02 7.740969669131958497e-03 5.022588671320236302e-04
1.815090646575841238e-02 8.614698511674660775e-02 8.471661147077149193e-03 5.047701614676837131e-04
1.824166099808720298e-02 9.058746282803474548e-02 8.394708643930083591e-03 5.072940122750220753e-04
1.833286930307763407e-02 6.321275663230392639e-02 7.124047045514821618e-03 5.098304823363970220e-04
1.842453364959302162e-02 6.252807927353661033e-02 6.810114120171909674e-03 5.123796347480790575e-04
1.851665631784098556e-02 7.188934239671757043e-02 7.286501369805301748e-03 5.149415329218194008e-04
1.860923959943018915e-02 5.452380872716865168e-02 6.285203760880423395e-03 5.175162405864284750e-04
1.870228579742733849e-02 5.474431421926311686e-02 6.269250526528041302e-03 5.201038217893605778e-04
1.879579722641447001e-02 4.489455406261308457e-02 5.517398957465054904e-03 5.227043408983072246e-04
1.888977621254653988e-02 5.115261614050216343e-02 5.858633664956152884e-03 5.253178626027986235e-04
1.898422509360927352e-02 4.273055997329840150e-02 5.625680074006825064e-03 5.279444519158126318e-04
1.907914621907731700e-02 4.777796111382588695e-02 5.583933711009911663e-03 5.305841741753916261e-04
1.917454195017270074e-02 5.317398638711492292e-02 5.828433537250914814e-03 5.332370950462685891e-04
1.927041465992356331e-02 4.341438524795795950e-02 5.296673482602118864e-03 5.359032805214998096e-04
1.936676673322317715e-02 4.099430548439242372e-02 5.077912245340447141e-03 5.385827969241072316e-04
1.946360056688929002e-02 3.703220845734060684e-02 4.696933823645364076e-03 5.412757109087277434e-04
1.956091856972373699e-02 3.489585833840509049e-02 4.763889496840488340e-03 5.439820894632713556e-04
1.965872316257235436e-02 3.175440275049748462e-02 4.505885528339660488e-03 5.467019999105876202e-04
1.975701677838521270e-02 2.976095055270625012e-02 4.400278331597394163e-03 5.494355099101405062e-04
1.985580186227713789e-02 2.812810058462188872e-02 3.973178733607593029e-03 5.521826874596911898e-04
1.995508087158852362e-02 3.703424007583729777e-02 4.588083593902609995e-03 5.549436008969896262e-04
2.005485627594646297e-02 3.549751070020224636e-02 4.331580484853220746e-03 5.577183189014744708e-04
2.015513055732619241e-02 3.291303840203704117e-02 4.244082466620487624e-03 5.605069104959817814e-04
2.025590621011282011e-02 2.613630238524923197e-02 3.691942664898497078e-03 5.633094450484616355e-04
2.035718574116338053e-02 2.391486502721882484e-02 3.560853239277811649e-03 5.661259922737038553e-04
2.045897166986919424e-02 2.506434846019374094e-02 3.613511899574262110e-03 5.689566222350722971e-04
2.056126652821854001e-02 2.210161896914659627e-02 3.464758039376611854e-03 5.718014053462475979e-04
2.066407286085962872e-02 2.514836221581222275e-02 3.483326728888465340e-03 5.746604123729787041e-04
2.076739322516392428e-02 2.832531513523528846e-02 3.683221311232955618e-03 5.775337144348435077e-04
2.087123019128974549e-02 2.981095950357070049e-02 3.751260063910586643e-03 5.804213830070178298e-04
2.097558634224619065e-02 2.381983020219152411e-02 3.673307777302176405e-03 5.833234899220527542e-04
2.108046427395741940e-02 2.572189560348858706e-02 3.432844113975497442e-03 5.862401073716630179e-04
2.118586659532720531e-02 2.069446820190393513e-02 3.047239227395815049e-03 5.891713079085212582e-04
2.129179592830383883e-02 2.372016340062571907e-02 3.223615677903845025e-03 5.921171644480638591e-04
2.139825490794535628e-02 2.336023535020845601e-02 3.174605141164477725e-03 5.950777502703040629e-04
2.150524618248508130e-02 2.002646062520884243e-02 3.064673094033127168e-03 5.980531390216555984e-04
2.161277241339750604e-02 2.553487575705030294e-02 3.546128778020467016e-03 6.010434047167637897e-04
2.172083627546448834e-02 2.941650934013933377e-02 3.485984166795111274e-03 6.040486217403475072e-04
2.182944045684180601e-02 2.848319871328916161e-02 3.399243571618379076e-03 6.070688648490491423e-04
2.193858765912601316e-02 2.493051339819534612e-02 3.136058268340387832e-03 6.101042091732943387e-04
2.204828059742164337e-02 2.772786138618824406e-02 3.345638733376036286e-03 6.131547302191607237e-04
2.215852200040874936e-02 2.087087762637534691e-02 3.236763611947676266e-03 6.162205038702565051e-04
2.226931461041078975e-02 2.773129120750713467e-02 3.240144096129812801e-03 6.193016063896077420e-04
2.238066118346284175e-02 3.063416513651662926e-02 3.336604703484651567e-03 6.223981144215556989e-04
2.249256448938015407e-02 3.356340349819671859e-02 3.492936446279492832e-03 6.255101049936634145e-04
2.260502731182705005e-02 3.004181207100475523e-02 3.252393763808393394e-03 6.286376555186315961e-04
2.271805244838618482e-02 2.722253321898992010e-02 3.076439604578187683e-03 6.317808437962247042e-04
2.283164271062811460e-02 2.953071681118665109e-02 3.196757887096501449e-03 6.349397480152058201e-04
2.294580092418125120e-02 3.632031639157664443e-02 3.504172446270208997e-03 6.381144467552817045e-04
2.306052992880215646e-02 2.854598037203021077e-02 3.176271608272123684e-03 6.413050189890581558e-04
2.317583257844616634e-02 2.802755683201332490e-02 3.033575295495857544e-03 6.445115440840033924e-04
2.329171174133839312e-02 2.592088738153709368e-02 2.891800780062003199e-03 6.477341018044233600e-04
2.340817030004507804e-02 2.385299729127806842e-02 2.748232828707982203e-03 6.509727723134452800e-04
2.352521115154530135e-02 2.441162875718248110e-02 2.775674443082090225e-03 6.542276361750123644e-04
2.364283720730302879e-02 3.065517127059284169e-02 3.131246824733376066e-03 6.574987743558875298e-04
2.376105139333953981e-02 3.272980166154463438e-02 3.171613890610422860e-03 6.607862682276667609e-04
2.387985665030623386e-02 2.828706695418491818e-02 2.951515240147483104e-03 6.640901995688050508e-04
2.399925593355776293e-02 2.656788374530528671e-02 2.884426205384134009e-03 6.674106505666489546e-04
2.411925221322554908e-02 2.732546570060470636e-02 2.898876226076983406e-03 6.707477038194821538e-04
2.423984847429167672e-02 2.498939506179715525e-02 2.672568531082324117e-03 6.741014423385795857e-04
2.436104771666313187e-02 2.639244631769177563e-02 2.759862792370323947e-03 6.774719495502724148e-04
2.448285295524644731e-02 2.197906565303733156e-02 2.498632935000114422e-03 6.808593092980237379e-04
2.460526722002267380e-02 2.808679043063203387e-02 2.931635257088376773e-03 6.842636058445137216e-04
2.472829355612278512e-02 2.733968563358154039e-02 2.875409486857834207e-03 6.876849238737362327e-04
2.485193502390339870e-02 2.193809500660909642e-02 2.544111020628334052e-03 6.911233484931049009e-04
2.497619469902290917e-02 2.555661896611223505e-02 2.575113789039748004e-03 6.945789652355702400e-04
2.510107567251802091e-02 2.387344408943384289e-02 2.455973875735641739e-03 6.980518600617480456e-04
2.522658105088061015e-02 2.164266759468540940e-02 2.422556031022088732e-03 7.015421193620566829e-04
2.535271395613501039e-02 2.339440178586360553e-02 2.481433972635514133e-03 7.050498299588669505e-04
2.547947752591567944e-02 2.190124796097082244e-02 2.349779174487858380e-03 7.085750791086610533e-04
2.560687491354525849e-02 1.713499727733916456e-02 2.112328108826454047e-03 7.121179545042043667e-04
2.573490928811298165e-02 1.855402089655816197e-02 2.207548017039916936e-03 7.156785442767253343e-04
2.586358383455354334e-02 2.010121734233056082e-02 2.162154796463882159e-03 7.192569369981089171e-04
2.599290175372630934e-02 2.084280634545311595e-02 2.191627088741444126e-03 7.228532216830993668e-04
2.612286626249493704e-02 2.056074206810976426e-02 2.174103440496559080e-03 7.264674877915148175e-04
2.625348059380740867e-02 1.721833156530021627e-02 1.970283133175061881e-03 7.300998252304722854e-04
2.638474799677644617e-02 1.565945600439130544e-02 1.945568563168737506e-03 7.337503243566245942e-04
2.651667173676032496e-02 1.590482043661865796e-02 1.896530179697268137e-03 7.374190759784077101e-04
2.664925509544412152e-02 1.613269917831751388e-02 1.910313528713869849e-03 7.411061713582995682e-04
2.678250137092134248e-02 1.426058716893358579e-02 1.792894689574165085e-03 7.448117022150910422e-04
2.691641387777594235e-02 1.747440057501707319e-02 2.069636106280962895e-03 7.485357607261663472e-04
2.705099594716482009e-02 1.431265109619389228e-02 1.828969706641529747e-03 7.522784395297971030e-04
2.718625092690064166e-02 1.218846594316948251e-02 1.647367032285101517e-03 7.560398317274460468e-04
2.732218218153514150e-02 1.111132977498486239e-02 1.508850354115736248e-03 7.598200308860832142e-04
2.745879309244281599e-02 1.139696243063519250e-02 1.506520847474677799e-03 7.636191310405135045e-04
2.759608705790502631e-02 1.266660919968263729e-02 1.638889479115593047e-03 7.674372266957160639e-04
2.773406749319454884e-02 1.136648445202443139e-02 1.502611882638789798e-03 7.712744128291945103e-04
2.787273783066051419e-02 1.005468711749382682e-02 1.440385814489062973e-03 7.751307848933402774e-04
2.801210151981381458e-02 1.060812217248820362e-02 1.440936624653695822e-03 7.790064388178069088e-04
2.815216202741288587e-02 8.291251300196969196e-03 1.347404863922623940e-03 7.829014710118960621e-04
2.829292283754994419e-02 9.365615097372633271e-03 1.349605390022543157e-03 7.868159783669553299e-04
2.843438745173769086e-02 6.887376716944746367e-03 1.221800529856832554e-03 7.907500582587900480e-04
2.857655938899637815e-02 8.040607290209294059e-03 1.238820932445306149e-03 7.947038085500839934e-04
2.871944218594135734e-02 7.233316508778211452e-03 1.227055452360312953e-03 7.986773275928342854e-04
2.886303939687106038e-02 8.199612037131107437e-03 1.248636290283514040e-03 8.026707142307983218e-04
2.900735459385541531e-02 5.969318864279682044e-03 1.053779155066910615e-03 8.066840678019523156e-04
2.915239136682468840e-02 6.266056833873455412e-03 1.164033466105905039e-03 8.107174881409619747e-04
2.929815332365880848e-02 6.728355424259046397e-03 1.104699926052811476e-03 8.147710755816667347e-04
2.944464409027709728e-02 6.309762724599326730e-03 1.137551568400348807e-03 8.188449309595749416e-04
2.959186731072847854e-02 5.582514786398632203e-03 1.094052374619465745e-03 8.229391556143726954e-04
2.973982664728212072e-02 6.544360862732165156e-03 1.074588290501042945e-03 8.270538513924445122e-04
2.988852578051852740e-02 4.634495171497629226e-03 9.078112060295574683e-04 8.311891206494066708e-04
3.003796840942111676e-02 5.667663507904617537e-03 1.000748445542679011e-03 8.353450662526535698e-04
3.018815825146821744e-02 6.413288279256732817e-03 1.053130150006629509e-03 8.395217915839166614e-04
3.033909904272555358e-02 6.421406305494730370e-03 1.054460470780916974e-03 8.437194005418361797e-04
3.049079453793918093e-02 4.956619405568778863e-03 9.947422959936688767e-04 8.479379975445453356e-04
3.064324851062887045e-02 7.039568398525920118e-03 1.098135199675358796e-03 8.521776875322678493e-04
3.079646475318201237e-02 3.982045743920793919e-03 8.293496246184615039e-04 8.564385759699291419e-04
3.095044707694791924e-02 5.985120698585764780e-03 1.010475826002102482e-03 8.607207688497786960e-04
3.110519931233265631e-02 6.769333255168779109e-03 1.068805074018911805e-03 8.650243726940274854e-04
3.126072530889431600e-02 6.001615014217989708e-03 1.064721490009658744e-03 8.693494945574975485e-04
3.141702893543878161e-02 4.988928082419818479e-03 9.096296871746525903e-04 8.736962420302848975e-04
3.157411408011597670e-02 6.468766020946642784e-03 1.034547857886786160e-03 8.780647232404363046e-04
3.173198465051654815e-02 5.834457574084103530e-03 9.849451721003544581e-04 8.824550468566382325e-04
3.189064457376912520e-02 5.614112733273015320e-03 9.615684978896313177e-04 8.868673220909212675e-04
3.205009779663797742e-02 6.286946380570634756e-03 1.018506143332918853e-03 8.913016587013760468e-04
3.221034828562116537e-02 6.188007695768396599e-03 1.095211079503379805e-03 8.957581669948829536e-04
3.237140002704926023e-02 6.152387064572910867e-03 1.024004824189913166e-03 9.002369578298569921e-04
3.253325702718450757e-02 7.131716974541815052e-03 1.112308857263611880e-03 9.047381426190063232e-04
3.269592331232042820e-02 5.586600549377488539e-03 1.018645773241909401e-03 9.092618333321013163e-04
3.285940292888202274e-02 6.498926476183854856e-03 1.316505841589651633e-03 9.138081424987616001e-04
3.302369994352642724e-02 5.362663263334331923e-03 9.777419201751726737e-04 9.183771832112552552e-04
3.318881844324406138e-02 7.187552587830721429e-03 1.215575762148128017e-03 9.229690691273115602e-04
3.335476253546027642e-02 6.569073592114723498e-03 1.114340481456231125e-03 9.275839144729480486e-04
3.352153634813757888e-02 8.606601084211580599e-03 1.203276327977867606e-03 9.322218340453127449e-04
3.368914402987825685e-02 5.970669612334533402e-03 9.935002644608861583e-04 9.368829432155390859e-04
3.385758975002764459e-02 6.769389255142917866e-03 1.101828844010104220e-03 9.415673579316166707e-04
3.402687769877778268e-02 7.655946829012358172e-03 1.114842961597550504e-03 9.462751947212746971e-04
3.419701208727166097e-02 5.120093043672245547e-03 9.035228408612142352e-04 9.510065706948807925e-04
3.436799714770802372e-02 7.776965436716598915e-03 1.109015630106967125e-03 9.557616035483553494e-04
3.453983713344655621e-02 6.244636675549772829e-03 9.855743004167265633e-04 9.605404115660969196e-04
3.471253631911378618e-02 7.262951539626784359e-03 1.046399524261201665e-03 9.653431136239273413e-04
3.488609900070935299e-02 6.983194604779903968e-03 1.068093341782108251e-03 9.701698291920469487e-04
3.506052949571289434e-02 7.795644651548266739e-03 1.068745210916228561e-03 9.750206783380070208e-04
3.523583214319145340e-02 8.629596730417778139e-03 1.166499209664550790e-03 9.798957817296969752e-04
3.541201130390740637e-02 8.212415189308895636e-03 1.095304579990269856e-03 9.847952606383452226e-04
3.558907136042693820e-02 7.096151951710856151e-03 1.049230013801199504e-03 9.897192369415367189e-04
3.576701671722907344e-02 6.785988917441550423e-03 9.879067868610877726e-04 9.946678331262445022e-04
3.594585180081521364e-02 6.316539489395969417e-03 9.894488577630970727e-04 9.996411722918755426e-04
3.612558105981928530e-02 7.344957383774377777e-03 1.026515255732461229e-03 1.004639378153334914e-03
3.630620896511838058e-02 6.013010251930041121e-03 9.152107490541928729e-04 1.009662575044101458e-03
3.648774000994396693e-02 9.249795099484066710e-03 1.127876236055509653e-03 1.014710887919321883e-03
3.667017870999368656e-02 5.648365100620629693e-03 8.804519656568482976e-04 1.019784442358918517e-03
3.685352960354364854e-02 6.189384394987796842e-03 9.804203517190001379e-04 1.024883364570712899e-03
3.703779725156136626e-02 4.439947650197227300e-03 8.270458001008017951e-04 1.030007781393566489e-03
3.722298623781916671e-02 5.819901315974099036e-03 8.859505462817432973e-04 1.035157820300533970e-03
3.740910116900825200e-02 3.715451164903402388e-03 7.604296813282080108e-04 1.040333609402036485e-03
3.759614667485329520e-02 5.969523564005608726e-03 8.883772116391905295e-04 1.045535277449046591e-03
3.778412740822754967e-02 4.456276840299212491e-03 7.629510915572867025e-04 1.050762953836291641e-03
3.797304804526868693e-02 5.084209930499008698e-03 8.128260459935420911e-04 1.056016768605473003e-03
3.816291328549503009e-02 4.030483778517494030e-03 7.227565837150260386e-04 1.061296852448500444e-03
3.835372785192249501e-02 4.435113765338801958e-03 7.594710767505085704e-04 1.066603336710742573e-03
3.854549649118210741e-02 3.596358114614525356e-03 6.786507384956460805e-04 1.071936353394296361e-03
3.873822397363801268e-02 4.460308575774966401e-03 7.528520079610006004e-04 1.077296035161267717e-03
3.893191509350620028e-02 2.300388234749031844e-03 6.252364112993447770e-04 1.082682515337073971e-03
3.912657466897372788e-02 3.529768699264291838e-03 6.661638284005042248e-04 1.088095927913759146e-03
3.932220754231859072e-02 3.117608367412324968e-03 6.227516020538261194e-04 1.093536407553327879e-03
3.951881858003018083e-02 8.558865094382392446e-04 3.230951647378246415e-04 1.099004089591094305e-03
3.971641267293032906e-02 3.750109860812246738e-03 6.838724861583235330e-04 1.104499110039049809e-03
3.991499473629497863e-02 1.744069479432958395e-03 4.655846445197573411e-04 1.110021605589245081e-03
4.011456970997644145e-02 2.213300482255738891e-03 5.210912908463257581e-04 1.115571713617190827e-03
4.031514255852632067e-02 1.950022978577960024e-03 4.869799001032436899e-04 1.121149572185276694e-03
4.051671827131894665e-02 3.437093038718013176e-03 6.898459026983681146e-04 1.126755320046202982e-03
4.071930186267554153e-02 1.930006320404587796e-03 5.651993980001669563e-04 1.132389096646434050e-03
4.092289837198891111e-02 2.163459168453300309e-03 5.094059961124913121e-04 1.138051042129666025e-03
4.112751286384885852e-02 1.949427412170507030e-03 5.384391755599690545e-04 1.143741297340314248e-03
4.133315042816809726e-02 2.648888596624683969e-03 5.641778014856305926e-04 1.149460003827015679e-03
4.153981618030892775e-02 1.662207245889521815e-03 5.304397460846690428e-04 1.155207303846150606e-03
4.174751526121046885e-02 1.629442406042858451e-03 4.350499027606818166e-04 1.160983340365381259e-03
4.195625283751651391e-02 2.361918686241313518e-03 6.015693485242563704e-04 1.166788257067207998e-03
4.216603410170409461e-02 1.395647906556401856e-03 5.691810044473911154e-04 1.172622198352543926e-03
4.237686427221261376e-02 1.514232004504523178e-03 4.195376101379725805e-04 1.178485309344306630e-03
4.258874859357367204e-02 2.923916839288848418e-03 5.841663105483597095e-04 1.184377735891027931e-03
4.280169233654153305e-02 2.213618592704435541e-03 5.072901917494182945e-04 1.190299624570482920e-03
4.301570079822424064e-02 1.673370825706239472e-03 5.000845739167549724e-04 1.196251122693335264e-03
4.323077930221535387e-02 3.332286589289446942e-03 6.180737430335580922e-04 1.202232378306801810e-03
4.344693319872642429e-02 2.676543383216216116e-03 6.618603318896162761e-04 1.208243540198335620e-03
4.366416786472004929e-02 2.857804783447395313e-03 5.708684259440310058e-04 1.214284757899327001e-03
4.388248870404365398e-02 1.916289938319321170e-03 4.641936325759411786e-04 1.220356181688823840e-03
4.410190114756386282e-02 2.863000874953666904e-03 5.718918366232997623e-04 1.226457962597267762e-03
4.432241065330168317e-02 2.598242898121558200e-03 5.410562765666457156e-04 1.232590252410254144e-03
4.454402270656818152e-02 3.212126894355441312e-03 6.062339963383440436e-04 1.238753203672305139e-03
4.476674282010102007e-02 2.040413069051773883e-03 4.802844021017109617e-04 1.244946969690666552e-03
4.499057653420152070e-02 2.524123646517298977e-03 5.374032123757535844e-04 1.251171704539119677e-03
4.521552941687251997e-02 2.501970728248906119e-03 5.326867042979530628e-04 1.257427563061815036e-03
4.544160706395687643e-02 2.380959808356473105e-03 6.503935235538750364e-04 1.263714700877124116e-03
4.566881509927665783e-02 3.638200743417125023e-03 7.458891267312434603e-04 1.270033274381509539e-03
4.589715917477303619e-02 3.510290079490485920e-03 6.399776292926451357e-04 1.276383440753416912e-03
4.612664497064689756e-02 3.235458643016043273e-03 6.218170663627170655e-04 1.282765357957184023e-03
4.635727819550012480e-02 2.729440334306515274e-03 5.811268357610680510e-04 1.289179184746969565e-03
4.658906458647761595e-02 3.034564560022397824e-03 6.185779460776284940e-04 1.295625080670704176e-03
4.682200990941000340e-02 2.818247811790016571e-03 7.246010545366579148e-04 1.302103206074057759e-03
4.705611995895704613e-02 2.444252648478110676e-03 5.326375653475467478e-04 1.308613722104427822e-03
4.729140055875183379e-02 3.266827790488480154e-03 6.165072317397144114e-04 1.315156790714949947e-03
4.752785756154558061e-02 2.221968938406044224e-03 5.090378188057414696e-04 1.321732574668524514e-03
4.776549684935330747e-02 2.466429944329689983e-03 6.094249604682192923e-04 1.328341237541867063e-03
4.800432433360006523e-02 1.764498996173610810e-03 4.550155629579971878e-04 1.334982943729576222e-03
4.824434595526806702e-02 3.112549956117017201e-03 6.096493605744215342e-04 1.341657858448223970e-03
4.848556768504440340e-02 3.188502019135703181e-03 6.245376663230484821e-04 1.348366147740464975e-03
4.872799552346961799e-02 1.566096491255207631e-03 5.244845422831995478e-04 1.355107978479167192e-03
4.897163550108696306e-02 1.643136131061694602e-03 4.386218440162679413e-04 1.361883518371562836e-03
4.921649367859239066e-02 2.398993986162306635e-03 5.228942389750082780e-04 1.368692935963420612e-03
4.946257614698534866e-02 2.177050458244364581e-03 4.988938692505998128e-04 1.375536400643237456e-03
4.970988902772026374e-02 1.960662934381286922e-03 4.750014665849863196e-04 1.382414082646453478e-03
4.995843847285886402e-02 1.533630496082562201e-03 4.248956464877884907e-04 1.389326153059685558e-03
5.020823066522315387e-02 1.754441103832253372e-03 4.525360559977036718e-04 1.396272783824983920e-03
5.045927181854926308e-02 1.164552405755018899e-03 3.678909122359220584e-04 1.403254147744108660e-03
5.071156817764200381e-02 1.412637865161551348e-03 4.074216754151564627e-04 1.410270418482829045e-03
5.096512601853020463e-02 9.876595500196531929e-04 4.163404982699607342e-04 1.417321770575242969e-03
5.121995164862284955e-02 1.307529266775127146e-03 3.938954217621901772e-04 1.424408379428118970e-03
5.147605140686596636e-02 1.471284964174443414e-03 4.824425494202622426e-04 1.431530421325259705e-03
5.173343166390028530e-02 1.447844849120685654e-03 4.176321573389739101e-04 1.438688073431885605e-03
5.199209882221978579e-02 9.833116821537266853e-04 4.595446963354746770e-04 1.445881513799044966e-03
5.225205931633088163e-02 1.477080978828118792e-03 4.260909404909219117e-04 1.453110921368040102e-03
5.251331961291252903e-02 8.769528074783955246e-04 4.513895716645332677e-04 1.460376475974880161e-03
5.277588621097707711e-02 8.770709023464208672e-04 3.312739956623424339e-04 1.467678358354754112e-03
