1.442977229909739312e-02 5.698908414527582567e-01 3.643319593282778879e-02 4.012867625701226548e-04
1.450192116059288022e-02 4.933423300440293868e-01 3.282335377411468164e-02 4.032931963829732946e-04
1.457443076639584369e-02 5.148841966246627821e-01 3.485733467332979146e-02 4.053096623648881082e-04
1.464730292022782196e-02 5.398109398990219576e-01 3.427586344807909829e-02 4.073362106767125165e-04
1.472053943482895880e-02 4.992447908099567067e-01 3.259341626890815968e-02 4.093728917300960379e-04
1.479414213200310087e-02 4.118184571071868416e-01 2.818468231134200683e-02 4.114197561887464392e-04
1.486811284266311567e-02 4.131149317117476238e-01 2.861418172021083436e-02 4.134768549696901749e-04
1.494245340687642976e-02 3.921309243349156981e-01 2.797080206007953110e-02 4.155442392445385727e-04
1.501716567391080982e-02 3.900059715864478416e-01 2.662866978957425732e-02 4.176219604407612287e-04
1.509225150228036064e-02 3.618789424269591160e-01 2.560546623666693986e-02 4.197100702429649327e-04
1.516771275979176062e-02 4.063966651994997958e-01 2.653092240289589912e-02 4.218086205941796942e-04
1.524355132359071774e-02 3.254157644688663309e-01 2.334234249924234741e-02 4.239176636971505696e-04
1.531976908020867001e-02 3.279620612216902487e-01 2.417699383142940875e-02 4.260372520156362653e-04
1.539636792560971322e-02 3.556154734573314657e-01 2.498755085679128796e-02 4.281674382757144626e-04
1.547334976523776114e-02 3.372635444306040786e-01 2.341830833397563760e-02 4.303082754670929980e-04
1.555071651406394681e-02 2.940583358459381569e-01 2.169884315203741629e-02 4.324598168444283614e-04
1.562847009663426504e-02 3.021259547005821222e-01 2.139924329352314858e-02 4.346221159286504823e-04
1.570661244711743509e-02 2.697738034158189691e-01 2.038379405156395124e-02 4.367952265082936970e-04
1.578514550935301852e-02 3.317845273013231289e-01 2.264992182541539917e-02 4.389792026408350333e-04
1.586407123689978493e-02 3.271482107292675301e-01 2.223813491019075578e-02 4.411740986540392713e-04
1.594339159308428081e-02 2.433567918909179673e-01 1.865818114401742930e-02 4.433799691473093722e-04
1.602310855104970011e-02 2.805051186933265606e-01 1.986983135328248759e-02 4.455968689930458505e-04
1.610322409380494577e-02 2.579340975831528326e-01 1.880136965969080726e-02 4.478248533380110256e-04
1.618374021427396864e-02 2.507429554037226560e-01 1.832683150688817902e-02 4.500639776047010254e-04
1.626465891534533553e-02 2.637032311584302513e-01 1.868134695135748383e-02 4.523142974927244582e-04
1.634598220992206086e-02 2.396966162991635840e-01 1.747364333235369022e-02 4.545758689801880225e-04
1.642771212097167421e-02 2.475301048809171456e-01 1.753700929968612585e-02 4.568487483250890566e-04
1.650985068157653085e-02 1.717950788017772179e-01 1.490984756592108988e-02 4.591329920667144306e-04
1.659239993498441007e-02 2.238036873990651987e-01 1.623027132109452694e-02 4.614286570270479488e-04
1.667536193465932876e-02 1.849388935241853549e-01 1.453213205354286948e-02 4.637358003121830655e-04
1.675873874433262550e-02 1.892224803932433252e-01 1.477873998299350684e-02 4.660544793137440028e-04
1.684253243805428762e-02 1.553523273966285478e-01 1.304606026718336566e-02 4.683847517103126691e-04
1.692674510024455570e-02 1.430458760217428738e-01 1.232282857748308140e-02 4.707266754688641430e-04
1.701137882574577792e-02 1.463137669475479685e-01 1.224468575526344548e-02 4.730803088462084451e-04
1.709643571987450386e-02 1.521449301752411387e-01 1.234815645372656576e-02 4.754457103904394114e-04
1.718191789847387657e-02 1.375074440531178777e-01 1.193725215421210031e-02 4.778229389423915906e-04
1.726782748796624328e-02 1.151979353146004165e-01 1.093612505840703235e-02 4.802120536371034826e-04
1.735416662540607141e-02 1.131507993421889124e-01 1.047944636262109798e-02 4.826131139052889101e-04
1.744093745853309702e-02 1.093470928732858533e-01 1.012755433987034583e-02 4.850261794748152188e-04
1.752814214582576469e-02 1.146578505648178509e-01 1.057477019781134613e-02 4.874513103721893944e-04
1.761578285655489295e-02 9.644915840778053862e-02 9.174744157100039876e-03 4.898885669240503034e-04
1.770386177083766582e-02 9.802151496540757736e-02 9.530370647452570537e-03 4.923380097586704763e-04
1.779238107969184982e-02 8.379580302760507304e-02 8.578262579759524803e-03 4.947996998074637989e-04
1.788134298509030939e-02 7.783615503991998807e-02 8.357424215661260133e-03 4.972736983065010642e-04
1.797074970001575484e-02 7.800952372341393715e-02 8.072376453104674471e-03 4.997600667980333852e-04
1.806060344851583357e-02 7.182612986927412735e-02 7.685056946327911004e-03 5.022588671320236302e-04
1.815090646575841238e-02 8.601513372618772857e-02 8.458714020465288308e-03 5.047701614676837131e-04
1.824166099808720298e-02 6.159969831054907391e-02 6.917168968022115172e-03 5.072940122750220753e-04
1.833286930307763407e-02 6.970373754850202330e-02 7.529899964746756928e-03 5.098304823363970220e-04
1.842453364959302162e-02 5.529801455744570021e-02 6.575887174717707194e-03 5.123796347480790575e-04
1.851665631784098556e-02 4.809976404517245924e-02 5.955606527957194030e-03 5.149415329218194008e-04
1.860923959943018915e-02 5.952168492058357990e-02 6.561941924102840211e-03 5.175162405864284750e-04
1.870228579742733849e-02 5.969571171670988441e-02 6.541633114153257850e-03 5.201038217893605778e-04
1.879579722641447001e-02 4.550522594985274838e-02 5.550557211932784923e-03 5.227043408983072246e-04
1.888977621254653988e-02 4.502619073791711696e-02 5.492413932156687585e-03 5.253178626027986235e-04
1.898422509360927352e-02 4.401985349851373491e-02 5.451857198404965257e-03 5.279444519158126318e-04
1.907914621907731700e-02 3.528866056578447430e-02 4.795259853798050989e-03 5.305841741753916261e-04
1.917454195017270074e-02 3.902035461836873831e-02 4.989027869250530108e-03 5.332370950462685891e-04
1.927041465992356331e-02 3.752507987953602325e-02 4.920570279386755896e-03 5.359032805214998096e-04
1.936676673322317715e-02 3.904254667509143156e-02 4.951774166366174242e-03 5.385827969241072316e-04
1.946360056688929002e-02 4.115024818198207562e-02 4.947426041073164395e-03 5.412757109087277434e-04
1.956091856972373699e-02 3.423555546199570643e-02 4.717818792607457457e-03 5.439820894632713556e-04
1.965872316257235436e-02 2.909346964553297804e-02 4.397823457773429763e-03 5.467019999105876202e-04
1.975701677838521270e-02 2.761794403451352936e-02 4.178647503602311505e-03 5.494355099101405062e-04
1.985580186227713789e-02 2.583824538252317907e-02 3.805114641511606489e-03 5.521826874596911898e-04
1.995508087158852362e-02 3.640888444477075742e-02 4.545709241483940691e-03 5.549436008969896262e-04
2.005485627594646297e-02 3.438542817081179093e-02 4.259935423654775608e-03 5.577183189014744708e-04
2.015513055732619241e-02 3.560131383288830942e-02 4.410636347098072403e-03 5.605069104959817814e-04
2.025590621011282011e-02 2.348677476984365950e-02 3.497139078845341517e-03 5.633094450484616355e-04
2.035718574116338053e-02 2.759278327761117977e-02 3.821961317192476733e-03 5.661259922737038553e-04
2.045897166986919424e-02 2.346196861580309573e-02 3.493428476270913144e-03 5.689566222350722971e-04
2.056126652821854001e-02 2.932443372261005904e-02 3.813259933103180059e-03 5.718014053462475979e-04
2.066407286085962872e-02 2.462721051724256829e-02 3.641396969074251703e-03 5.746604123729787041e-04
2.076739322516392428e-02 2.636460535246265210e-02 3.550744542922489293e-03 5.775337144348435077e-04
2.087123019128974549e-02 2.267842282971715626e-02 3.269368808595430123e-03 5.804213830070178298e-04
2.097558634224619065e-02 2.972935043172227412e-02 3.740860520782688173e-03 5.833234899220527542e-04
2.108046427395741940e-02 2.981009439929485291e-02 3.692773651642922237e-03 5.862401073716630179e-04
2.118586659532720531e-02 3.324020906798307723e-02 3.859044504110172719e-03 5.891713079085212582e-04
2.129179592830383883e-02 2.324535997978142976e-02 3.364415920724647072e-03 5.921171644480638591e-04
2.139825490794535628e-02 2.678010777569621303e-02 3.396453501366340170e-03 5.950777502703040629e-04
2.150524618248508130e-02 2.628771280613121167e-02 3.361107160881653816e-03 5.980531390216555984e-04
2.161277241339750604e-02 3.123669152473587327e-02 3.625999184659235795e-03 6.010434047167637897e-04
2.172083627546448834e-02 3.061263225934877236e-02 3.553436529970647757e-03 6.040486217403475072e-04
2.182944045684180601e-02 2.762721927646237530e-02 3.345221341071927430e-03 6.070688648490491423e-04
2.193858765912601316e-02 2.884348146072753319e-02 3.370627464789247626e-03 6.101042091732943387e-04
2.204828059742164337e-02 2.424397412871667420e-02 3.138048292789145845e-03 6.131547302191607237e-04
2.215852200040874936e-02 3.106922818642257958e-02 3.425278058494402814e-03 6.162205038702565051e-04
2.226931461041078975e-02 2.784041386075212371e-02 3.461280958003963657e-03 6.193016063896077420e-04
2.238066118346284175e-02 3.167987554880693363e-02 3.390485150106319241e-03 6.223981144215556989e-04
2.249256448938015407e-02 2.222003545652631584e-02 2.839869343249347856e-03 6.255101049936634145e-04
2.260502731182705005e-02 3.246617121038752884e-02 3.378500460983432842e-03 6.286376555186315961e-04
2.271805244838618482e-02 2.822661610573884428e-02 3.130270821157510146e-03 6.317808437962247042e-04
2.283164271062811460e-02 2.740441284668171384e-02 3.077169097421732832e-03 6.349397480152058201e-04
2.294580092418125120e-02 3.321458520623826738e-02 3.348447015322746599e-03 6.381144467552817045e-04
2.306052992880215646e-02 2.769192294638795834e-02 3.161381466877960771e-03 6.413050189890581558e-04
2.317583257844616634e-02 2.205860675858966127e-02 2.689177932782069961e-03 6.445115440840033924e-04
2.329171174133839312e-02 3.021654498879965817e-02 3.188582141058831417e-03 6.477341018044233600e-04
2.340817030004507804e-02 2.203829092445659318e-02 2.717568392091174265e-03 6.509727723134452800e-04
2.352521115154530135e-02 2.848951813758875823e-02 3.094535965605244455e-03 6.542276361750123644e-04
2.364283720730302879e-02 2.463458763876022473e-02 2.747914924481815058e-03 6.574987743558875298e-04
2.376105139333953981e-02 3.187861958760224851e-02 3.190006378852774677e-03 6.607862682276667609e-04
2.387985665030623386e-02 3.238870706460223597e-02 3.147400733730825514e-03 6.640901995688050508e-04
2.399925593355776293e-02 2.460690227197420699e-02 2.710765839113798807e-03 6.674106505666489546e-04
2.411925221322554908e-02 2.639796232253116895e-02 2.849137034191885284e-03 6.707477038194821538e-04
2.423984847429167672e-02 3.040037393406130189e-02 2.945498709236678888e-03 6.741014423385795857e-04
2.436104771666313187e-02 3.069593494119430416e-02 2.974106332772819949e-03 6.774719495502724148e-04
2.448285295524644731e-02 2.422555790463775185e-02 2.712150266588243212e-03 6.808593092980237379e-04
2.460526722002267380e-02 2.457427482603128516e-02 2.659096747666682588e-03 6.842636058445137216e-04
2.472829355612278512e-02 2.487147863889764207e-02 2.838941934648346772e-03 6.876849238737362327e-04
2.485193502390339870e-02 2.101689596167176724e-02 2.488222764687759297e-03 6.911233484931049009e-04
2.497619469902290917e-02 2.796513233639682725e-02 2.743299237937394872e-03 6.945789652355702400e-04
2.510107567251802091e-02 2.586569432378453895e-02 2.554445576342169975e-03 6.980518600617480456e-04
2.522658105088061015e-02 2.491463243700198574e-02 2.510167317362400462e-03 7.015421193620566829e-04
2.535271395613501039e-02 2.502713717051199133e-02 2.508752689893737568e-03 7.050498299588669505e-04
2.547947752591567944e-02 2.515767584265055437e-02 2.460519132973658114e-03 7.085750791086610533e-04
2.560687491354525849e-02 2.192822404472532724e-02 2.292838768733967275e-03 7.121179545042043667e-04
2.573490928811298165e-02 1.928741163967859912e-02 2.137640255176060516e-03 7.156785442767253343e-04
2.586358383455354334e-02 1.750337983691528307e-02 2.016066849677798124e-03 7.192569369981089171e-04
2.599290175372630934e-02 1.734257000878491536e-02 1.997623576582610236e-03 7.228532216830993668e-04
2.612286626249493704e-02 2.177484098068356230e-02 2.284392619558489254e-03 7.264674877915148175e-04
2.625348059380740867e-02 1.909223040618000800e-02 2.123622879745528085e-03 7.300998252304722854e-04
2.638474799677644617e-02 1.608246433632393863e-02 1.890798728747294022e-03 7.337503243566245942e-04
2.651667173676032496e-02 1.701436659029641196e-02 1.960070271068305777e-03 7.374190759784077101e-04
2.664925509544412152e-02 1.483758367853636045e-02 1.887956589136080077e-03 7.411061713582995682e-04
2.678250137092134248e-02 1.785498388396087113e-02 2.004629837967367330e-03 7.448117022150910422e-04
2.691641387777594235e-02 1.130440464692297753e-02 1.663355394603687008e-03 7.485357607261663472e-04
2.705099594716482009e-02 1.194805385460656275e-02 1.669796023164733237e-03 7.522784395297971030e-04
2.718625092690064166e-02 1.071158461411167787e-02 1.550110191100296120e-03 7.560398317274460468e-04
2.732218218153514150e-02 1.335431144986262177e-02 1.652883629840853907e-03 7.598200308860832142e-04
2.745879309244281599e-02 1.074071721650383254e-02 1.644416318696330283e-03 7.636191310405135045e-04
2.759608705790502631e-02 9.774537608409470182e-03 1.393596934270906716e-03 7.674372266957160639e-04
2.773406749319454884e-02 9.557169530060182286e-03 1.376786985929166936e-03 7.712744128291945103e-04
2.787273783066051419e-02 9.771211089300641667e-03 1.365678272803949947e-03 7.751307848933402774e-04
2.801210151981381458e-02 9.297397748612153817e-03 1.405862514703624033e-03 7.790064388178069088e-04
2.815216202741288587e-02 1.085844091987785663e-02 1.567990679580700533e-03 7.829014710118960621e-04
2.829292283754994419e-02 8.767078462411106998e-03 1.304771524043043694e-03 7.868159783669553299e-04
2.843438745173769086e-02 8.741779258394718685e-03 1.301113476882474924e-03 7.907500582587900480e-04
2.857655938899637815e-02 7.034387090781412354e-03 1.282059084000067208e-03 7.947038085500839934e-04
2.871944218594135734e-02 6.658227752707195253e-03 1.181228428367382243e-03 7.986773275928342854e-04
2.886303939687106038e-02 9.329485083806791576e-03 1.410002284068876755e-03 8.026707142307983218e-04
2.900735459385541531e-02 7.450122940507241526e-03 1.176352038914561977e-03 8.066840678019523156e-04
2.915239136682468840e-02 8.280654646458284612e-03 1.232759842276370766e-03 8.107174881409619747e-04
2.929815332365880848e-02 5.628635320416392959e-03 1.009624287621720042e-03 8.147710755816667347e-04
2.944464409027709728e-02 8.791048489603122892e-03 1.267252529445044842e-03 8.188449309595749416e-04
2.959186731072847854e-02 6.293220931627051956e-03 1.062448827892789388e-03 8.229391556143726954e-04
2.973982664728212072e-02 5.545409576533924176e-03 1.051865957384657364e-03 8.270538513924445122e-04
2.988852578051852740e-02 5.161356174354054388e-03 9.572924000956669873e-04 8.311891206494066708e-04
3.003796840942111676e-02 7.250639034144311205e-03 1.131043772715449331e-03 8.353450662526535698e-04
3.018815825146821744e-02 3.980554916272119673e-03 8.290521399268290653e-04 8.395217915839166614e-04
3.033909904272555358e-02 4.678740010755520415e-03 8.993900020009367629e-04 8.437194005418361797e-04
3.049079453793918093e-02 5.820369789657223007e-03 1.066763091913732571e-03 8.479379975445453356e-04
3.064324851062887045e-02 6.514521456420023851e-03 1.055583098223368587e-03 8.521776875322678493e-04
3.079646475318201237e-02 5.877556977023061340e-03 1.006818831044192699e-03 8.564385759699291419e-04
3.095044707694791924e-02 5.634502221301376096e-03 9.796831113597476680e-04 8.607207688497786960e-04
3.110519931233265631e-02 5.744631489038274329e-03 9.838412288528451503e-04 8.650243726940274854e-04
3.126072530889431600e-02 5.383054008572822971e-03 1.070594689678641470e-03 8.693494945574975485e-04
3.141702893543878161e-02 5.146963142335346693e-03 9.232193669446529111e-04 8.736962420302848975e-04
3.157411408011597670e-02 7.121345182499948592e-03 1.084649091652593097e-03 8.780647232404363046e-04
3.173198465051654815e-02 4.793598717425439845e-03 1.012788497657350585e-03 8.824550468566382325e-04
3.189064457376912520e-02 7.748704645828607095e-03 1.128814532236811384e-03 8.868673220909212675e-04
3.205009779663797742e-02 5.517462276228094972e-03 1.011047106045757189e-03 8.913016587013760468e-04
3.221034828562116537e-02 6.679529792199262808e-03 1.054701984950644602e-03 8.957581669948829536e-04
3.237140002704926023e-02 7.849386737538011430e-03 1.228822546312954801e-03 9.002369578298569921e-04
3.253325702718450757e-02 6.078886562352241521e-03 1.026145007746552974e-03 9.047381426190063232e-04
3.269592331232042820e-02 7.623369454030574921e-03 1.189025689542475223e-03 9.092618333321013163e-04
3.285940292888202274e-02 7.149070378892448223e-03 1.228021935664259760e-03 9.138081424987616001e-04
3.302369994352642724e-02 6.068410281338260624e-03 1.127276230433949889e-03 9.183771832112552552e-04
3.318881844324406138e-02 6.524435412021302796e-03 1.056852366345258218e-03 9.229690691273115602e-04
3.335476253546027642e-02 4.441022737606780540e-03 8.696420193874133389e-04 9.275839144729480486e-04
3.352153634813757888e-02 8.593616100237004563e-03 1.201450502168983654e-03 9.322218340453127449e-04
3.368914402987825685e-02 6.623953523333125232e-03 1.045643107609201461e-03 9.368829432155390859e-04
3.385758975002764459e-02 7.020191307440682565e-03 1.068783562757741031e-03 9.415673579316166707e-04
3.402687769877778268e-02 6.831044066594974852e-03 1.124921273334366940e-03 9.462751947212746971e-04
3.419701208727166097e-02 8.467182384649107885e-03 1.161015569699097843e-03 9.510065706948807925e-04
3.436799714770802372e-02 7.511543322614814937e-03 1.135880976571213572e-03 9.557616035483553494e-04
3.453983713344655621e-02 8.885071167024445951e-03 1.174720680009386448e-03 9.605404115660969196e-04
3.471253631911378618e-02 8.067703186590348061e-03 1.144126523431941104e-03 9.653431136239273413e-04
3.488609900070935299e-02 7.062579418682687731e-03 1.091886090489864328e-03 9.701698291920469487e-04
3.506052949571289434e-02 5.874526971564733753e-03 9.270496331581042819e-04 9.750206783380070208e-04
3.523583214319145340e-02 7.229535634729802179e-03 1.030791737225545887e-03 9.798957817296969752e-04
3.541201130390740637e-02 6.735617989081940649e-03 9.911891749427848269e-04 9.847952606383452226e-04
3.558907136042693820e-02 5.593698695799389706e-03 8.939651838002429666e-04 9.897192369415367189e-04
3.576701671722907344e-02 6.775633271603836300e-03 9.863992080940324567e-04 9.946678331262445022e-04
3.594585180081521364e-02 6.250123201279232654e-03 1.002480873627050297e-03 9.996411722918755426e-04
3.612558105981928530e-02 5.953278383566845168e-03 9.687437679968229206e-04 1.004639378153334914e-03
3.630620896511838058e-02 6.422710559026336384e-03 9.451542441948073033e-04 1.009662575044101458e-03
3.648774000994396693e-02 6.478760318582694154e-03 9.432128683553094462e-04 1.014710887919321883e-03
3.667017870999368656e-02 5.089489712448498626e-03 8.351217213436749800e-04 1.019784442358918517e-03
3.685352960354364854e-02 5.822876034525970891e-03 9.353420544854197877e-04 1.024883364570712899e-03
3.703779725156136626e-02 3.885886264861038771e-03 8.480700981131428576e-04 1.030007781393566489e-03
3.722298623781916671e-02 4.189339965465606157e-03 7.510914942464493862e-04 1.035157820300533970e-03
3.740910116900825200e-02 3.980592237365596607e-03 7.829597248503515714e-04 1.040333609402036485e-03
3.759614667485329520e-02 3.629229779583615853e-03 8.103836822785509542e-04 1.045535277449046591e-03
3.778412740822754967e-02 5.365545086188893906e-03 8.365384652115041451e-04 1.050762953836291641e-03
3.797304804526868693e-02 4.295461140852283380e-03 7.465504195354529405e-04 1.056016768605473003e-03
3.816291328549503009e-02 3.764698730395611530e-03 7.667997751055386467e-04 1.061296852448500444e-03
3.835372785192249501e-02 4.949399950888173048e-03 8.016845336292523216e-04 1.066603336710742573e-03
3.854549649118210741e-02 2.616205250714807775e-03 6.346265488373507889e-04 1.071936353394296361e-03
3.873822397363801268e-02 3.435510072709105790e-03 6.602237539664945276e-04 1.077296035161267717e-03
3.893191509350620028e-02 3.190108007551013293e-03 6.371554353227395877e-04 1.082682515337073971e-03
3.912657466897372788e-02 3.272636159440710409e-03 6.409514860211380045e-04 1.088095927913759146e-03
3.932220754231859072e-02 1.867710475722398180e-03 4.816451856441445888e-04 1.093536407553327879e-03
3.951881858003018083e-02 2.075409538062920889e-03 5.027390801067625715e-04 1.099004089591094305e-03
3.971641267293032906e-02 2.546202024866066685e-03 6.178251131758775386e-04 1.104499110039049809e-03
3.991499473629497863e-02 2.985270807651979521e-03 6.086631345759778130e-04 1.110021605589245081e-03
4.011456970997644145e-02 3.069196874836893629e-03 6.131607865685379140e-04 1.115571713617190827e-03
4.031514255852632067e-02 2.798880318883611475e-03 5.829773872058405639e-04 1.121149572185276694e-03
4.051671827131894665e-02 2.054311206637004887e-03 4.977075943358139727e-04 1.126755320046202982e-03
4.071930186267554153e-02 2.167943699553369092e-03 5.104619194763693147e-04 1.132389096646434050e-03
4.092289837198891111e-02 2.160157657471566562e-03 5.873137472219491437e-04 1.138051042129666025e-03
4.112751286384885852e-02 2.183812646712355796e-03 5.631611037245750013e-04 1.143741297340314248e-03
4.133315042816809726e-02 2.644846304115231004e-03 5.633168473089049085e-04 1.149460003827015679e-03
4.153981618030892775e-02 2.608054377095314451e-03 5.554808892088568435e-04 1.155207303846150606e-03
4.174751526121046885e-02 3.021489384613901524e-03 5.919683383148123708e-04 1.160983340365381259e-03
4.195625283751651391e-02 1.697986309970902314e-03 5.074868079003079860e-04 1.166788257067207998e-03
4.216603410170409461e-02 2.206403660259093503e-03 5.056596785951082652e-04 1.172622198352543926e-03
4.237686427221261376e-02 2.558635937623626386e-03 5.449382727091879337e-04 1.178485309344306630e-03
4.258874859357367204e-02 2.966200249532018746e-03 6.342480802399950036e-04 1.184377735891027931e-03
4.280169233654153305e-02 2.373100365790055746e-03 5.758781382976663329e-04 1.190299624570482920e-03
4.301570079822424064e-02 2.784653542861484712e-03 5.677990009595504893e-04 1.196251122693335264e-03
4.323077930221535387e-02 2.569976260441932635e-03 5.905981413152369772e-04 1.202232378306801810e-03
4.344693319872642429e-02 2.512568185842899843e-03 5.350612051622392808e-04 1.208243540198335620e-03
4.366416786472004929e-02 2.739209385834624495e-03 5.584711365136947169e-04 1.214284757899327001e-03
4.388248870404365398e-02 3.038874801631064916e-03 5.841082588537736603e-04 1.220356181688823840e-03
4.410190114756386282e-02 3.247405770186667130e-03 6.516626602578979525e-04 1.226457962597267762e-03
4.432241065330168317e-02 3.045456656577762850e-03 5.853251023470592510e-04 1.232590252410254144e-03
4.454402270656818152e-02 2.519962563944088633e-03 5.365489597855835563e-04 1.238753203672305139e-03
4.476674282010102007e-02 3.282365324808200931e-03 6.086971468097011721e-04 1.244946969690666552e-03
4.499057653420152070e-02 2.978502976670773829e-03 6.471435883788739232e-04 1.251171704539119677e-03
4.521552941687251997e-02 3.338440342594705020e-03 6.569135785307326147e-04 1.257427563061815036e-03
4.544160706395687643e-02 3.282984660396517061e-03 6.087707742069143040e-04 1.263714700877124116e-03
4.566881509927665783e-02 3.470683497625225763e-03 6.327525157611625000e-04 1.270033274381509539e-03
4.589715917477303619e-02 3.037602547645185634e-03 5.948769436104772322e-04 1.276383440753416912e-03
4.612664497064689756e-02 3.350170159275764423e-03 6.322611793547419515e-04 1.282765357957184023e-03
4.635727819550012480e-02 1.907692582007640761e-03 5.471176947957736084e-04 1.289179184746969565e-03
4.658906458647761595e-02 3.029933713105672447e-03 6.176339754625076710e-04 1.295625080670704176e-03
4.682200990941000340e-02 3.323368524050935181e-03 7.423113090436939034e-04 1.302103206074057759e-03
4.705611995895704613e-02 3.718891637734576296e-03 6.564987163610483227e-04 1.308613722104427822e-03
4.729140055875183379e-02 2.795857056841655631e-03 5.699029552357787751e-04 1.315156790714949947e-03
4.752785756154558061e-02 1.681448695245696401e-03 5.023414097524123460e-04 1.321732574668524514e-03
4.776549684935330747e-02 2.697205717422325368e-03 5.616154157503987438e-04 1.328341237541867063e-03
4.800432433360006523e-02 2.466562159772199645e-03 5.375637180561883104e-04 1.334982943729576222e-03
4.824434595526806702e-02 1.840773905905855731e-03 5.279765314340339197e-04 1.341657858448223970e-03
4.848556768504440340e-02 2.204104440751978450e-03 5.188594666974741644e-04 1.348366147740464975e-03
4.872799552346961799e-02 9.622809696488549523e-04 3.398111554466019639e-04 1.355107978479167192e-03
4.897163550108696306e-02 1.406253128932541396e-03 4.054652200802495786e-04 1.361883518371562836e-03
4.921649367859239066e-02 1.254739386001385310e-03 3.778717412376962777e-04 1.368692935963420612e-03
4.946257614698534866e-02 2.516948449631885732e-03 5.360180977142506211e-04 1.375536400643237456e-03
4.970988902772026374e-02 5.757855580085470201e-04 2.572125985380954325e-04 1.382414082646453478e-03
4.995843847285886402e-02 1.531313748417704405e-03 4.242505140220307626e-04 1.389326153059685558e-03
5.020823066522315387e-02 1.868548019289836262e-03 4.666639957366294084e-04 1.396272783824983920e-03
5.045927181854926308e-02 1.511607837832333124e-03 4.188200672360139890e-04 1.403254147744108660e-03
5.071156817764200381e-02 1.410517769785945945e-03 4.068050753911979425e-04 1.410270418482829045e-03
5.096512601853020463e-02 7.043945346744851389e-04 4.063321691880830569e-04 1.417321770575242969e-03
5.121995164862284955e-02 1.424218836462253076e-03 4.107825244127223923e-04 1.424408379428118970e-03
5.147605140686596636e-02 1.184732697604444452e-03 3.743354004884486648e-04 1.431530421325259705e-03
5.173343166390028530e-02 3.614088473755178101e-04 2.084974179680060778e-04 1.438688073431885605e-03
5.199209882221978579e-02 9.818111156699974203e-04 3.468530199354570879e-04 1.445881513799044966e-03
5.225205931633088163e-02 3.932369677891832524e-04 4.863245311678337851e-04 1.453110921368040102e-03
5.251331961291252903e-02 3.752633777962877722e-04 2.165096303297574210e-04 1.460376475974880161e-03
5.277588621097707711e-02 1.501255650587398141e-03 4.330775741133762792e-04 1.467678358354754112e-03
