1.442977229909739312e-02 5.202905905511495677e-01 3.479877386021744401e-02 4.012835029382323475e-04
1.450192116059288022e-02 5.416521481154628059e-01 3.413720415383635076e-02 4.032899204529234965e-04
1.457443076639584369e-02 5.375680132477332895e-01 3.487211269841001410e-02 4.053063700551880698e-04
1.464730292022782196e-02 5.027891974454383739e-01 3.282367793793349725e-02 4.073329019054639909e-04
1.472053943482895880e-02 5.278888113536990279e-01 3.386529866989505116e-02 4.093695664149912751e-04
1.479414213200310087e-02 4.408718205409920543e-01 2.939906650974593791e-02 4.114164142470661261e-04
1.486811284266311567e-02 4.339815396725357766e-01 2.976194345202684902e-02 4.134734963183014293e-04
1.494245340687642976e-02 4.360320530532130201e-01 2.934109875994937028e-02 4.155408637998929378e-04
1.501716567391080982e-02 4.030282610752253802e-01 2.707660555193104265e-02 4.176185681188923421e-04
1.509225150228036064e-02 3.798058690008210836e-01 2.671823453927654052e-02 4.197066609594866829e-04
1.516771275979176062e-02 3.550339652337498597e-01 2.483103548789444837e-02 4.218051942642840526e-04
1.524355132359071774e-02 3.390969470149290399e-01 2.383485475196938513e-02 4.239142202356054761e-04
1.531976908020867001e-02 3.272320833927428452e-01 2.425913302897565044e-02 4.260337913367834599e-04
1.539636792560971322e-02 3.442715340682681036e-01 2.426105509258773968e-02 4.281639602934673712e-04
1.547334976523776114e-02 3.057376055936060211e-01 2.234128841770838259e-02 4.303047800949346725e-04
1.555071651406394681e-02 3.323399227478068263e-01 2.305422456971067957e-02 4.324563039954092570e-04
1.562847009663426504e-02 2.733062886934223279e-01 2.035932563878770085e-02 4.346185855153862892e-04
1.570661244711743509e-02 3.069780888410718056e-01 2.174398092900976798e-02 4.367916784429631718e-04
1.578514550935301852e-02 3.126825035147838827e-01 2.171362343410978418e-02 4.389756368351778850e-04
1.586407123689978493e-02 3.317141908599350320e-01 2.269886509977636635e-02 4.411705150193537760e-04
1.594339159308428081e-02 2.940163289404780222e-01 2.094265185560938505e-02 4.433763675944504758e-04
1.602310855104970011e-02 2.710916918226497496e-01 1.955169805615672093e-02 4.455932494324226748e-04
1.610322409380494577e-02 2.671023032468076708e-01 1.934955347355654318e-02 4.478212156795847000e-04
1.618374021427396864e-02 2.239406655336841079e-01 1.732570138989197525e-02 4.500603217579825731e-04
1.626465891534533553e-02 2.468392746556367368e-01 1.838155234980385494e-02 4.523106233667724104e-04
1.634598220992206086e-02 2.249591799995114827e-01 1.695222997850753116e-02 4.545721764836062502e-04
1.642771212097167421e-02 2.002792914339763530e-01 1.578452142887597914e-02 4.568450373660243313e-04
1.650985068157653085e-02 2.249373808625237670e-01 1.657690335072034560e-02 4.591292625528544183e-04
1.659239993498441007e-02 1.792091349624256591e-01 1.453982715826416215e-02 4.614249088656186080e-04
1.667536193465932876e-02 1.881725738054695063e-01 1.465041073204344062e-02 4.637320334099465872e-04
1.675873874433262550e-02 1.689517320048720961e-01 1.399049281195871575e-02 4.660506935769963169e-04
1.684253243805428762e-02 1.529911661343584806e-01 1.293988983281381573e-02 4.683809470448812760e-04
1.692674510024455570e-02 1.368755268074462461e-01 1.206445294156419622e-02 4.707228517801056197e-04
1.701137882574577792e-02 1.415232740102893572e-01 1.205798399042125844e-02 4.730764660390061145e-04
1.709643571987450386e-02 1.363112950074173990e-01 1.170030414901833925e-02 4.754418483692010654e-04
1.718191789847387657e-02 1.519536625611883074e-01 1.254298818926751109e-02 4.778190576110471046e-04
1.726782748796624328e-02 1.424636802465110152e-01 1.196662843227360579e-02 4.802081528991022138e-04
1.735416662540607141e-02 1.145700490098221780e-01 1.073259294713753073e-02 4.826091936635976912e-04
1.744093745853309702e-02 1.047672966806721395e-01 1.018404303520585759e-02 4.850222396319155398e-04
1.752814214582576469e-02 1.081940912342902877e-01 1.046434461577007598e-02 4.874473508300751793e-04
1.761578285655489295e-02 1.047033111583142301e-01 9.575903416342951627e-03 4.898845875842255254e-04
1.770386177083766582e-02 8.665172807360349561e-02 8.733372626226186888e-03 4.923340105221466097e-04
1.779238107969184982e-02 9.524235390210031293e-02 9.144474668531540548e-03 4.947956805747571627e-04
1.788134298509030939e-02 9.999572776055595802e-02 9.185601040042411930e-03 4.972696589776309795e-04
1.797074970001575484e-02 7.390900813046567819e-02 7.862340202345356396e-03 4.997560072725190303e-04
1.806060344851583357e-02 6.776090844131124613e-02 7.736260689019817775e-03 5.022547873088815474e-04
1.815090646575841238e-02 8.615536285831240648e-02 8.472465953124954166e-03 5.047660612454259654e-04
1.824166099808720298e-02 6.243785270006110832e-02 6.967351872115590782e-03 5.072898915516531023e-04
1.833286930307763407e-02 6.668185258340883492e-02 7.135707659414044016e-03 5.098263410094112545e-04
1.842453364959302162e-02 7.069861805727099824e-02 7.240465543694118988e-03 5.123754727144582072e-04
1.851665631784098556e-02 5.348022049169102315e-02 6.291700177922364239e-03 5.149373500780305086e-04
1.860923959943018915e-02 5.950666576044186251e-02 6.560274558951820212e-03 5.175120368284206584e-04
1.870228579742733849e-02 5.714408579299109364e-02 6.568003957618890644e-03 5.200995970125626457e-04
1.879579722641447001e-02 4.557607102522987647e-02 5.559198640696680176e-03 5.227000949976252919e-04
1.888977621254653988e-02 4.307703619687684032e-02 5.376387057149769125e-03 5.253135954726134010e-04
1.898422509360927352e-02 3.665849607673910687e-02 4.981166572544224250e-03 5.279401634499764984e-04
1.907914621907731700e-02 4.641868503531359352e-02 5.500948306802777923e-03 5.305798642672263522e-04
1.917454195017270074e-02 5.002589693458434073e-02 5.656357656141051092e-03 5.332327635885623007e-04
1.927041465992356331e-02 3.039721938006899327e-02 4.960994918103197454e-03 5.358989274065051453e-04
1.936676673322317715e-02 2.587192960168217468e-02 4.035106483461571233e-03 5.385784220435375479e-04
1.946360056688929002e-02 3.464295303667767889e-02 4.542874707825596443e-03 5.412713141537551630e-04
1.956091856972373699e-02 3.461714366398357945e-02 4.814341561045353164e-03 5.439776707245239486e-04
1.965872316257235436e-02 3.031179787363905490e-02 4.239197914792542168e-03 5.466975590781464767e-04
1.975701677838521270e-02 2.684290811658904610e-02 3.952908395165732371e-03 5.494310468735371343e-04
1.985580186227713789e-02 2.530275868881266821e-02 3.767422007028555560e-03 5.521782021079048048e-04
1.995508087158852362e-02 2.622743215784350407e-02 3.862431414397252127e-03 5.549390931184443321e-04
2.005485627594646297e-02 3.069378727444869656e-02 4.025521743446140374e-03 5.577137885840364410e-04
2.015513055732619241e-02 2.743956577111866107e-02 3.875999345792186749e-03 5.605023575269565484e-04
2.025590621011282011e-02 2.216272088412307023e-02 3.562540873487837940e-03 5.633048693145912720e-04
2.035718574116338053e-02 2.762160241775746608e-02 3.825953142673375277e-03 5.661213936611641552e-04
2.045897166986919424e-02 2.767422927913996966e-02 3.796918745811526073e-03 5.689520006294698480e-04
2.056126652821854001e-02 2.738846329431302365e-02 3.688748570974177601e-03 5.717967606326171794e-04
2.066407286085962872e-02 2.241575789827806101e-02 3.431042075875868989e-03 5.746557444357801433e-04
2.076739322516392428e-02 2.613687737989104851e-02 3.672262471417439729e-03 5.775290231579589687e-04
2.087123019128974549e-02 2.079815439460408824e-02 3.131634587322843465e-03 5.804166682737488866e-04
2.097558634224619065e-02 3.212311745382574746e-02 3.890627259897601505e-03 5.833187516151174630e-04
2.108046427395741940e-02 2.524622320347625834e-02 3.580500704251840787e-03 5.862353453731929901e-04
2.118586659532720531e-02 2.295086418878410084e-02 3.209577343281041963e-03 5.891665221000589496e-04
2.129179592830383883e-02 2.900545405497194709e-02 3.565586819569430480e-03 5.921123547105592091e-04
2.139825490794535628e-02 2.030416915969581945e-02 2.957657432326407567e-03 5.950729164841118924e-04
2.150524618248508130e-02 2.736673278752938324e-02 3.543014941099632397e-03 5.980482810665324655e-04
2.161277241339750604e-02 2.494115654895348588e-02 3.242413398942144923e-03 6.010385224718650622e-04
2.172083627546448834e-02 2.707173214580523013e-02 3.447330761701760445e-03 6.040437150842242189e-04
2.182944045684180601e-02 2.403710104880244294e-02 3.124640695173429815e-03 6.070639336596452820e-04
2.193858765912601316e-02 3.003650148368722239e-02 3.440073004645139831e-03 6.100992533279433810e-04
2.204828059742164337e-02 2.732439673276253200e-02 3.321227423031086236e-03 6.131497495945831353e-04
2.215852200040874936e-02 2.582666496718316954e-02 3.126707169392365423e-03 6.162154983425559502e-04
2.226931461041078975e-02 2.885874817352851104e-02 3.304660882595381825e-03 6.192965758342686968e-04
2.238066118346284175e-02 2.914527060351169985e-02 3.252824550260449699e-03 6.223930587134399823e-04
2.249256448938015407e-02 2.991683076679238495e-02 3.297822207694190572e-03 6.255050240070071524e-04
2.260502731182705005e-02 2.911099358591423547e-02 3.280763193535142248e-03 6.286325491270420771e-04
2.271805244838618482e-02 3.176116828702096190e-02 3.323086651727200254e-03 6.317757118726772354e-04
2.283164271062811460e-02 3.158361411115975098e-02 3.304348625628701977e-03 6.349345904320405831e-04
2.294580092418125120e-02 2.649668006740897586e-02 2.994138730403416923e-03 6.381092633842007193e-04
2.306052992880215646e-02 2.650598785298659624e-02 3.065554736889748721e-03 6.412998097011215950e-04
2.317583257844616634e-02 2.548971272298782009e-02 2.967840939316484204e-03 6.445063087496271954e-04
2.329171174133839312e-02 2.724059347818496776e-02 2.965775719753229161e-03 6.477288402933752218e-04
2.340817030004507804e-02 2.809592654195300354e-02 3.051012432436217992e-03 6.509674844948419407e-04
2.352521115154530135e-02 2.601857311916160737e-02 2.866775009330431185e-03 6.542223219173160312e-04
2.364283720730302879e-02 3.135803981037950383e-02 3.225062901751808535e-03 6.574934335269027328e-04
2.376105139333953981e-02 2.455270324382410885e-02 2.820135526804893635e-03 6.607809006945371006e-04
2.387985665030623386e-02 2.111394578433633401e-02 2.564366980273882247e-03 6.640848051980096202e-04
2.399925593355776293e-02 3.699573963499919182e-02 3.327674856712024756e-03 6.674052292239996288e-04
2.411925221322554908e-02 2.276824504386441503e-02 2.588334505240544141e-03 6.707422553701195781e-04
2.423984847429167672e-02 2.325706391556654762e-02 2.577776764871291676e-03 6.740959666469701402e-04
2.436104771666313187e-02 2.526393673239610282e-02 2.701904130598826656e-03 6.774664464802049616e-04
2.448285295524644731e-02 2.934225684830046171e-02 2.966934890095232827e-03 6.808537787126059350e-04
2.460526722002267380e-02 1.969951605424546254e-02 2.383194732285973550e-03 6.842580476061688784e-04
2.472829355612278512e-02 2.795103079151670805e-02 3.091392142710444255e-03 6.876793378441996242e-04
2.485193502390339870e-02 2.633542173840381154e-02 2.877079103951569843e-03 6.911177345334206228e-04
2.497619469902290917e-02 2.474399232185348768e-02 2.643853423244478355e-03 6.945733232060875232e-04
2.510107567251802091e-02 2.132820544496168147e-02 2.321064757160277905e-03 6.980461898221178947e-04
2.522658105088061015e-02 2.164923259336997211e-02 2.342036533043022513e-03 7.015364207712284066e-04
2.535271395613501039e-02 2.125525247734445441e-02 2.313075747207175414e-03 7.050441028750844760e-04
2.547947752591567944e-02 2.565497803627919335e-02 2.485373222683522152e-03 7.085693233894597813e-04
2.560687491354525849e-02 1.954330547543925781e-02 2.165941307516790031e-03 7.121121700064070520e-04
2.573490928811298165e-02 1.714006201815617206e-02 2.131385984341982887e-03 7.156727308564390499e-04
2.586358383455354334e-02 1.820419545611773673e-02 2.056069700023016329e-03 7.192510945107211508e-04
2.599290175372630934e-02 1.947018599239909442e-02 2.193527216929339312e-03 7.228473499832746606e-04
2.612286626249493704e-02 1.649042901827122917e-02 2.002712004545860024e-03 7.264615867331909727e-04
2.625348059380740867e-02 1.947886876975626555e-02 2.095361118528437077e-03 7.300938946668567844e-04
2.638474799677644617e-02 1.700963578935850082e-02 2.021854811886760524e-03 7.337443641401911317e-04
2.651667173676032496e-02 1.838929260132913732e-02 2.112633803891897973e-03 7.374130859608919644e-04
2.664925509544412152e-02 1.257596386848314901e-02 1.747976700722553159e-03 7.411001513906962735e-04
2.678250137092134248e-02 1.470324217393550667e-02 1.819905190657910166e-03 7.448056521476497608e-04
2.691641387777594235e-02 1.327683116397867548e-02 1.900638469067947095e-03 7.485296804083878914e-04
2.705099594716482009e-02 1.571150409275162696e-02 1.915718576708271914e-03 7.522723288104297404e-04
2.718625092690064166e-02 1.375355403971603198e-02 1.795815293395946078e-03 7.560336904544818137e-04
2.732218218153514150e-02 1.397441256080811725e-02 1.691044533679499952e-03 7.598138589067541214e-04
2.745879309244281599e-02 1.259567097284611942e-02 1.583705744674569977e-03 7.636129282012878508e-04
2.759608705790502631e-02 1.080516718627066650e-02 1.467469108774932312e-03 7.674309928422942077e-04
2.773406749319454884e-02 1.082012288822536798e-02 1.519119398278588693e-03 7.712681478065056169e-04
2.787273783066051419e-02 1.197473925908776153e-02 1.562686306080321224e-03 7.751244885455379824e-04
2.801210151981381458e-02 1.062317961873476130e-02 1.442981928149623862e-03 7.790001109882655232e-04
2.815216202741288587e-02 8.862050700251093011e-03 1.304378901064629512e-03 7.828951115432069945e-04
2.829292283754994419e-02 7.600521828283393969e-03 1.215052904159686026e-03 7.868095871009228581e-04
2.843438745173769086e-02 6.226989734424274482e-03 1.099068478290789489e-03 7.907436350364273076e-04
2.857655938899637815e-02 7.472784802632324863e-03 1.194796112042250617e-03 7.946973532116093997e-04
2.871944218594135734e-02 7.986380214251425150e-03 1.363506512760397082e-03 7.986708399776674136e-04
2.886303939687106038e-02 8.376607994823552852e-03 1.261010580598683622e-03 8.026641941775556786e-04
2.900735459385541531e-02 7.349165175001535349e-03 1.229377922418365462e-03 8.066775151484434359e-04
2.915239136682468840e-02 4.980513698435716161e-03 9.572212131239398987e-04 8.107109027241855186e-04
2.929815332365880848e-02 8.531225010117845717e-03 1.319743399617513083e-03 8.147644572378063676e-04
2.944464409027709728e-02 6.235494613289274679e-03 1.158412912034157555e-03 8.188382795239952140e-04
2.959186731072847854e-02 6.125687445250822642e-03 1.049263197455960802e-03 8.229324709216151402e-04
2.973982664728212072e-02 6.788311300364320219e-03 1.151873224882072905e-03 8.270471332762231991e-04
2.988852578051852740e-02 6.054504833344629897e-03 1.037095985751742633e-03 8.311823689426041948e-04
3.003796840942111676e-02 6.916155607853136968e-03 1.106183420281300813e-03 8.353382807873171480e-04
3.018815825146821744e-02 5.193692834222203222e-03 9.471478508289920759e-04 8.395149721912535798e-04
3.033909904272555358e-02 5.549588043706320944e-03 9.799113226326143945e-04 8.437125470522096726e-04
3.049079453793918093e-02 5.236196393882485041e-03 9.548967229816957784e-04 8.479311097874706830e-04
3.064324851062887045e-02 5.152003596938702946e-03 9.395442423366298776e-04 8.521707653364079312e-04
3.079646475318201237e-02 5.017981721530641141e-03 9.307321150718451518e-04 8.564316191630898852e-04
3.095044707694791924e-02 5.641656171735794957e-03 9.809269842246139386e-04 8.607137772589052794e-04
3.110519931233265631e-02 5.250975409145462909e-03 9.417680432205758267e-04 8.650173461451996773e-04
3.126072530889431600e-02 5.318359954371422969e-03 1.008490849214015639e-03 8.693424328759255873e-04
3.141702893543878161e-02 6.876859563855026829e-03 1.119758535909725879e-03 8.736891450403050461e-04
3.157411408011597670e-02 4.477561882409377032e-03 9.514725103734884533e-04 8.780575907655066223e-04
3.173198465051654815e-02 7.165106906560130863e-03 1.091274583821346018e-03 8.824478787193339125e-04
3.189064457376912520e-02 5.183559090084760741e-03 9.831470718747101472e-04 8.868601181129304092e-04
3.205009779663797742e-02 4.630821161474227461e-03 8.739662989467148228e-04 8.912944187034952098e-04
3.221034828562116537e-02 6.528346949235618035e-03 1.043962128428505085e-03 8.957508907970127129e-04
3.237140002704926023e-02 6.218650403824875494e-03 1.086559051330798732e-03 9.002296452509974930e-04
3.253325702718450757e-02 7.133597180543168291e-03 1.112585491053238573e-03 9.047307934772525102e-04
3.269592331232042820e-02 7.435252172862599068e-03 1.174091395125021614e-03 9.092544474446387056e-04
3.285940292888202274e-02 5.950717153823606963e-03 1.109039866183279214e-03 9.138007196818616167e-04
3.302369994352642724e-02 6.430887596683783694e-03 1.070345545292724493e-03 9.183697232802707881e-04
3.318881844324406138e-02 7.736689407973027476e-03 1.151634017697127305e-03 9.229615718966721919e-04
3.335476253546027642e-02 6.852579665353208428e-03 1.160158197427644004e-03 9.275763797561553930e-04
3.352153634813757888e-02 8.661010736768098156e-03 1.254018241070499039e-03 9.322142616549362187e-04
3.368914402987825685e-02 7.359090726767707202e-03 1.153125893713176668e-03 9.368753329632105963e-04
3.385758975002764459e-02 7.100574460744484354e-03 1.126412204382312970e-03 9.415597096280266037e-04
3.402687769877778268e-02 7.486574436574023640e-03 1.101965372315847312e-03 9.462675081761667134e-04
3.419701208727166097e-02 6.887989137220854215e-03 1.048577734289344145e-03 9.509988457170472738e-04
3.436799714770802372e-02 8.090700430657278217e-03 1.130906165180235040e-03 9.557538399456326278e-04
3.453983713344655621e-02 7.648228202784426374e-03 1.090622638256121425e-03 9.605326091453606158e-04
3.471253631911378618e-02 7.100700713665113704e-03 1.033849410928011983e-03 9.653352721910872687e-04
3.488609900070935299e-02 8.094792567149561649e-03 1.183608255113199285e-03 9.701619485520426682e-04
3.506052949571289434e-02 5.585167602065442896e-03 9.730586789398558943e-04 9.750127582948027449e-04
3.523583214319145340e-02 6.506007736001654003e-03 1.043532599341732503e-03 9.798878220862766893e-04
3.541201130390740637e-02 9.382757748106949902e-03 1.224214642009953825e-03 9.847872611967079144e-04
3.558907136042693820e-02 6.471651823934962064e-03 9.628596910509165142e-04 9.897111975026911743e-04
3.576701671722907344e-02 7.780738061842044223e-03 1.056758301310638205e-03 9.946597534902046431e-04
3.594585180081521364e-02 5.661881602672997130e-03 9.849110530672684511e-04 9.996330522576556566e-04
3.612558105981928530e-02 6.630610637970512679e-03 9.757438560322869922e-04 1.004631217518943799e-03
3.630620896511838058e-02 6.994396043961809833e-03 9.872531532782384111e-04 1.009654373606538522e-03
3.648774000994396693e-02 7.772862225628385940e-03 1.070438035953548027e-03 1.014702645474571067e-03
3.667017870999368656e-02 5.506940841890648440e-03 8.690765030877761754e-04 1.019776158701943746e-03
3.685352960354364854e-02 7.150804510039593213e-03 9.897956095689483969e-04 1.024875039495453310e-03
3.703779725156136626e-02 6.441647459082247042e-03 9.959389313506949483e-04 1.029999414692930578e-03
3.722298623781916671e-02 5.689423345691234195e-03 8.763380978047143575e-04 1.035149411766395034e-03
3.740910116900825200e-02 6.017296013332552179e-03 9.427267547538221168e-04 1.040325158825226772e-03
3.759614667485329520e-02 3.446142830600739358e-03 6.746998179326074534e-04 1.045526784619352960e-03
3.778412740822754967e-02 5.029851108067617468e-03 8.530779350017031687e-04 1.050754418542449494e-03
3.797304804526868693e-02 3.388840057621370951e-03 6.635386032094712800e-04 1.056008190635161726e-03
3.816291328549503009e-02 2.963967670569929956e-03 7.240592958923096649e-04 1.061288231588337341e-03
3.835372785192249501e-02 3.520422713233517867e-03 6.764875060818415029e-04 1.066594672746278743e-03
3.854549649118210741e-02 3.467020982188916481e-03 6.662496571231434940e-04 1.071927646110010192e-03
3.873822397363801268e-02 4.591307856790216232e-03 7.641395804581185792e-04 1.077287284340560118e-03
3.893191509350620028e-02 3.572948751628271611e-03 6.743071752050194042e-04 1.082673720762262950e-03
3.912657466897372788e-02 3.253609744145095992e-03 7.356401289425339206e-04 1.088087089366074171e-03
3.932220754231859072e-02 3.043362774773569063e-03 6.657425243046778901e-04 1.093527524812904243e-03
3.951881858003018083e-02 1.880976650367093212e-03 5.395235508559405920e-04 1.098995162436968787e-03
3.971641267293032906e-02 2.124525645839946131e-03 5.146590981997382647e-04 1.104490138249153517e-03
3.991499473629497863e-02 3.238484750383421006e-03 6.343866973914980868e-04 1.110012588940399118e-03
4.011456970997644145e-02 1.966235316477346270e-03 4.910102879975338647e-04 1.115562651885100868e-03
4.031514255852632067e-02 1.828345636162102047e-03 4.715676109990738114e-04 1.121140465144526265e-03
4.051671827131894665e-02 2.226573099916391487e-03 5.741463321384469420e-04 1.126746167470248691e-03
4.071930186267554153e-02 2.025757364565692730e-03 6.037255611168585410e-04 1.132379898307599945e-03
4.092289837198891111e-02 1.082173036103059203e-03 5.504469219267610694e-04 1.138041797799137743e-03
4.112751286384885852e-02 1.425621706633686857e-03 4.111272970695963621e-04 1.143732006788133592e-03
4.133315042816809726e-02 2.646749413839507691e-03 5.637221841926987531e-04 1.149450666822074115e-03
4.153981618030892775e-02 2.018751990633659791e-03 4.891278081121756003e-04 1.155197920156184272e-03
4.174751526121046885e-02 2.326066582180642134e-03 5.924379896823381633e-04 1.160973909756964897e-03
4.195625283751651391e-02 2.125947698234449852e-03 5.005879635838651883e-04 1.166778779305749532e-03
4.216603410170409461e-02 3.139792921627589540e-03 6.036278654968936898e-04 1.172612673202278388e-03
4.237686427221261376e-02 2.909840932091076107e-03 5.813656934030237214e-04 1.178475736568289660e-03
4.258874859357367204e-02 2.572090990785369947e-03 5.477926443014962321e-04 1.184368115251131000e-03
4.280169233654153305e-02 2.144706824704187449e-03 5.530318327145158832e-04 1.190289955827386397e-03
4.301570079822424064e-02 2.137171171569933383e-03 6.200562042298759721e-04 1.196241405606523426e-03
4.323077930221535387e-02 1.952503044281345699e-03 6.177869694143341226e-04 1.202222612634555685e-03
4.344693319872642429e-02 2.858476632294495393e-03 5.710335031751090883e-04 1.208233725697728436e-03
4.366416786472004929e-02 1.944049020254531987e-03 4.709354879661507929e-04 1.214274894326216811e-03
4.388248870404365398e-02 3.042912230543981956e-03 6.466139237746077904e-04 1.220346268797848103e-03
4.410190114756386282e-02 3.137788813050721229e-03 6.425457651098216445e-04 1.226448000141837054e-03
4.432241065330168317e-02 2.642929920887457894e-03 5.921558242872562066e-04 1.232580240142546303e-03
4.454402270656818152e-02 2.796902287117594005e-03 6.117770455348905088e-04 1.238743141343258761e-03
4.476674282010102007e-02 4.306571707863620507e-03 6.976779951439591619e-04 1.244936857049974916e-03
4.499057653420152070e-02 2.408429145772030856e-03 5.248379130539174153e-04 1.251161541335224676e-03
4.521552941687251997e-02 3.570499503161518942e-03 6.771442244233316643e-04 1.257417349041900457e-03
4.544160706395687643e-02 3.400434173931609055e-03 6.199583989478664849e-04 1.263704435787109783e-03
4.566881509927665783e-02 4.405365616841635558e-03 7.136243448204024255e-04 1.270022957966045240e-03
4.589715917477303619e-02 3.038229237948305954e-03 5.949981361858834366e-04 1.276373072755875460e-03
4.612664497064689756e-02 1.844779876574558766e-03 5.290746123057176679e-04 1.282754938119654757e-03
4.635727819550012480e-02 2.977186602484672550e-03 6.785222723162873375e-04 1.289168712810252705e-03
4.658906458647761595e-02 1.997680909113013978e-03 6.200968798963141151e-04 1.295614556374303670e-03
4.682200990941000340e-02 2.914116699061130612e-03 5.940139782502989151e-04 1.302092629156175211e-03
4.705611995895704613e-02 3.141798804224572687e-03 6.037982279164253244e-04 1.308603092301955989e-03
4.729140055875183379e-02 3.034251368305190561e-03 5.942315998935574330e-04 1.315146107763465796e-03
4.752785756154558061e-02 1.682886787996859795e-03 5.783562796902776961e-04 1.321721838302282719e-03
4.776549684935330747e-02 3.171821871353028375e-03 6.095590370929974793e-04 1.328330447493794152e-03
4.800432433360006523e-02 2.937852281983301637e-03 5.868207852895633526e-04 1.334972099731262987e-03
4.824434595526806702e-02 2.273344814846157188e-03 5.974921197342347116e-04 1.341646960229919174e-03
4.848556768504440340e-02 1.767408054946556463e-03 5.281064921021281187e-04 1.348355195031068635e-03
4.872799552346961799e-02 3.008960745065285703e-03 6.010730379222251844e-04 1.355096971006223856e-03
4.897163550108696306e-02 2.694286918784868229e-03 5.611263380191527147e-04 1.361872455861254860e-03
4.921649367859239066e-02 2.289326001710381784e-03 5.113097740627720435e-04 1.368681818140561005e-03
4.946257614698534866e-02 2.061128595503119651e-03 5.603439361832807846e-04 1.375525227231263591e-03
4.970988902772026374e-02 2.762120124600064494e-03 5.631880281203404228e-04 1.382402853367419721e-03
4.995843847285886402e-02 2.127433423090632162e-03 5.008996337081255421e-04 1.389314867634256758e-03
5.020823066522315387e-02 1.168734766381309808e-03 3.692121515994863839e-04 1.396261441972427826e-03
5.045927181854926308e-02 1.094534160190667677e-03 4.283426648444804263e-04 1.403242749182289847e-03
5.071156817764200381e-02 1.644911332348971680e-03 4.392091838064743564e-04 1.410258962928201106e-03
5.096512601853020463e-02 1.177953907490114334e-03 3.721809619784813066e-04 1.417310257742841794e-03
5.121995164862284955e-02 9.515413312351602608e-04 3.361309635008516081e-04 1.424396809031556023e-03
5.147605140686596636e-02 1.304068001249049282e-03 3.928708035294433657e-04 1.431518793076713789e-03
5.173343166390028530e-02 1.566562961913302342e-03 4.341489025089112237e-04 1.438676387042097000e-03
5.199209882221978579e-02 8.588647861632962279e-04 4.420393803855681238e-04 1.445869768977307412e-03
5.225205931633088163e-02 8.631577333065127648e-04 3.260021359425029010e-04 1.453099117822193856e-03
5.251331961291252903e-02 1.001590794705222972e-03 3.538726464029268745e-04 1.460364613411304626e-03
5.277588621097707711e-02 1.375644379397641861e-03 4.144875582246881581e-04 1.467666436478360899e-03
