1.442977229909739312e-02 5.410883044687641030e-01 3.547825873123731238e-02 4.012835029382323475e-04
1.450192116059288022e-02 4.772605086977175226e-01 3.360515306978269917e-02 4.032899204529234965e-04
1.457443076639584369e-02 5.850835556362290468e-01 3.637174374661885506e-02 4.053063700551880698e-04
1.464730292022782196e-02 4.723215157103254347e-01 3.223697673905515787e-02 4.073329019054639909e-04
1.472053943482895880e-02 4.622421704077359639e-01 3.141495970462747367e-02 4.093695664149912751e-04
1.479414213200310087e-02 4.340465342848036090e-01 2.889950510572877537e-02 4.114164142470661261e-04
1.486811284266311567e-02 4.237514264407431508e-01 2.981206486300059383e-02 4.134734963183014293e-04
1.494245340687642976e-02 4.311123807912889960e-01 2.889936049252674402e-02 4.155408637998929378e-04
1.501716567391080982e-02 4.211180821404185148e-01 2.838266724968226823e-02 4.176185681188923421e-04
1.509225150228036064e-02 4.154104326875460163e-01 2.717687869702231640e-02 4.197066609594866829e-04
1.516771275979176062e-02 3.467986444935914347e-01 2.479042344117537294e-02 4.218051942642840526e-04
1.524355132359071774e-02 3.473418071912816596e-01 2.446495505297359083e-02 4.239142202356054761e-04
1.531976908020867001e-02 3.243266635240158458e-01 2.367833226814822223e-02 4.260337913367834599e-04
1.539636792560971322e-02 3.372015885300171933e-01 2.400404580378601854e-02 4.281639602934673712e-04
1.547334976523776114e-02 3.499279968675013675e-01 2.389518916663525144e-02 4.303047800949346725e-04
1.555071651406394681e-02 3.062662581593906808e-01 2.224588075569264647e-02 4.324563039954092570e-04
1.562847009663426504e-02 2.792648463084588251e-01 2.090899254514497208e-02 4.346185855153862892e-04
1.570661244711743509e-02 3.114591738575605562e-01 2.222051195122503112e-02 4.367916784429631718e-04
1.578514550935301852e-02 2.730689978360762438e-01 2.028587404443987774e-02 4.389756368351778850e-04
1.586407123689978493e-02 2.637056680742195236e-01 2.019800388749020195e-02 4.411705150193537760e-04
1.594339159308428081e-02 2.754000022942929560e-01 1.986186507121424222e-02 4.433763675944504758e-04
1.602310855104970011e-02 2.510845989461836791e-01 1.881117691088178556e-02 4.455932494324226748e-04
1.610322409380494577e-02 2.470796610486466760e-01 1.871406160472128752e-02 4.478212156795847000e-04
1.618374021427396864e-02 2.615704310856662995e-01 1.871990077322517945e-02 4.500603217579825731e-04
1.626465891534533553e-02 2.565725469549063331e-01 1.891932731476504356e-02 4.523106233667724104e-04
1.634598220992206086e-02 2.274055401631263629e-01 1.703951465427640602e-02 4.545721764836062502e-04
1.642771212097167421e-02 2.014205247369262874e-01 1.582511483170008504e-02 4.568450373660243313e-04
1.650985068157653085e-02 2.039304878272338584e-01 1.577951442871166829e-02 4.591292625528544183e-04
1.659239993498441007e-02 2.135109999160599292e-01 1.612845320104232955e-02 4.614249088656186080e-04
1.667536193465932876e-02 1.616950836569051309e-01 1.386275020637909965e-02 4.637320334099465872e-04
1.675873874433262550e-02 1.600089841030860327e-01 1.381595894359074692e-02 4.660506935769963169e-04
1.684253243805428762e-02 1.584079569781227936e-01 1.316338979637637213e-02 4.683809470448812760e-04
1.692674510024455570e-02 1.881002506696441978e-01 1.413916648383039057e-02 4.707228517801056197e-04
1.701137882574577792e-02 1.532163703776243946e-01 1.271740723612879882e-02 4.730764660390061145e-04
1.709643571987450386e-02 1.376494738342119162e-01 1.193228042997336244e-02 4.754418483692010654e-04
1.718191789847387657e-02 1.393889289154809363e-01 1.200992839801065352e-02 4.778190576110471046e-04
1.726782748796624328e-02 1.312777891846470257e-01 1.200240082184211507e-02 4.802081528991022138e-04
1.735416662540607141e-02 1.252363816599327273e-01 1.120156884797553730e-02 4.826091936635976912e-04
1.744093745853309702e-02 1.443294969282185591e-01 1.163957526589026910e-02 4.850222396319155398e-04
1.752814214582576469e-02 9.305048015259083372e-02 9.523958108953654161e-03 4.874473508300751793e-04
1.761578285655489295e-02 9.057700989543721048e-02 9.159749729104084415e-03 4.898845875842255254e-04
1.770386177083766582e-02 8.130150632807602029e-02 8.457149060651633632e-03 4.923340105221466097e-04
1.779238107969184982e-02 7.139237479705559664e-02 7.914987190452499322e-03 4.947956805747571627e-04
1.788134298509030939e-02 8.638990365386421677e-02 8.535508238298834469e-03 4.972696589776309795e-04
1.797074970001575484e-02 8.008086326949155620e-02 8.358279522411738577e-03 4.997560072725190303e-04
1.806060344851583357e-02 9.415261219150278249e-02 8.800445182264998722e-03 5.022547873088815474e-04
1.815090646575841238e-02 6.437173993803360639e-02 7.601335934768225361e-03 5.047660612454259654e-04
1.824166099808720298e-02 6.942363905756628040e-02 7.588335340442366878e-03 5.072898915516531023e-04
1.833286930307763407e-02 6.664607725066684640e-02 7.131847242308309021e-03 5.098263410094112545e-04
1.842453364959302162e-02 4.760236106017078084e-02 6.211775909188283797e-03 5.123754727144582072e-04
1.851665631784098556e-02 6.384512295031433138e-02 6.872537013764860522e-03 5.149373500780305086e-04
1.860923959943018915e-02 5.367154100866104727e-02 6.228631028262418545e-03 5.175120368284206584e-04
1.870228579742733849e-02 5.107076994134171488e-02 6.301480448752765778e-03 5.200995970125626457e-04
1.879579722641447001e-02 4.514328835944903667e-02 5.701866414990102924e-03 5.227000949976252919e-04
1.888977621254653988e-02 4.507166599142107405e-02 5.497952523529347005e-03 5.253135954726134010e-04
1.898422509360927352e-02 4.233783502970530493e-02 5.527183635853566597e-03 5.279401634499764984e-04
1.907914621907731700e-02 4.574002243096611520e-02 5.459097307544007183e-03 5.305798642672263522e-04
1.917454195017270074e-02 3.653742455737256367e-02 4.832697664311681567e-03 5.332327635885623007e-04
1.927041465992356331e-02 4.201571626520152203e-02 5.204300147330598487e-03 5.358989274065051453e-04
1.936676673322317715e-02 3.910220887598676170e-02 5.193752024933971818e-03 5.385784220435375479e-04
1.946360056688929002e-02 3.128080567377989479e-02 4.483647581011724302e-03 5.412713141537551630e-04
1.956091856972373699e-02 4.127515789982456884e-02 5.214897922333089700e-03 5.439776707245239486e-04
1.965872316257235436e-02 3.385941161975979802e-02 4.479186296767696807e-03 5.466975590781464767e-04
1.975701677838521270e-02 2.682824055531031482e-02 3.950750276587553476e-03 5.494310468735371343e-04
1.985580186227713789e-02 2.978484496815397495e-02 4.086387919169351228e-03 5.521782021079048048e-04
1.995508087158852362e-02 2.792268580004491144e-02 3.984217440565626482e-03 5.549390931184443321e-04
2.005485627594646297e-02 2.115656801805245943e-02 3.341188140740463698e-03 5.577137885840364410e-04
2.015513055732619241e-02 2.961865559729324332e-02 4.025865828275065721e-03 5.605023575269565484e-04
2.025590621011282011e-02 2.194172300482814114e-02 3.381751484315653668e-03 5.633048693145912720e-04
2.035718574116338053e-02 2.601385033804414978e-02 3.711923558693243363e-03 5.661213936611641552e-04
2.045897166986919424e-02 2.421478629486475964e-02 3.920224755003677564e-03 5.689520006294698480e-04
2.056126652821854001e-02 3.155419725957989835e-02 4.086067581342023650e-03 5.717967606326171794e-04
2.066407286085962872e-02 2.510755981379080015e-02 3.477675138541851552e-03 5.746557444357801433e-04
2.076739322516392428e-02 2.593047995976470455e-02 3.524461782118446830e-03 5.775290231579589687e-04
2.087123019128974549e-02 2.598356433826863598e-02 3.499368015067682875e-03 5.804166682737488866e-04
2.097558634224619065e-02 2.219063152576940257e-02 3.232786467934505460e-03 5.833187516151174630e-04
2.108046427395741940e-02 2.247974571212951050e-02 3.207296951641097627e-03 5.862353453731929901e-04
2.118586659532720531e-02 2.518744003214807084e-02 3.361413012148923522e-03 5.891665221000589496e-04
2.129179592830383883e-02 2.371887723909592988e-02 3.223440889863720196e-03 5.921123547105592091e-04
2.139825490794535628e-02 3.151952499254271484e-02 3.684060130438586433e-03 5.950729164841118924e-04
2.150524618248508130e-02 3.106198612817367630e-02 3.655590097581852549e-03 5.980482810665324655e-04
2.161277241339750604e-02 2.028000937973655979e-02 2.922978641296099245e-03 6.010385224718650622e-04
2.172083627546448834e-02 2.730541028585039415e-02 3.356134891734711880e-03 6.040437150842242189e-04
2.182944045684180601e-02 2.443120202749439474e-02 3.149292337557934880e-03 6.070639336596452820e-04
2.193858765912601316e-02 1.896004276620970319e-02 2.898143204089894450e-03 6.100992533279433810e-04
2.204828059742164337e-02 2.792146889132614967e-02 3.262699804465798211e-03 6.131497495945831353e-04
2.215852200040874936e-02 2.505342318688552269e-02 3.078705109464990181e-03 6.162154983425559502e-04
2.226931461041078975e-02 2.808414059191525688e-02 3.259119125944647498e-03 6.192965758342686968e-04
2.238066118346284175e-02 2.221116602312058277e-02 2.838858480365579872e-03 6.223930587134399823e-04
2.249256448938015407e-02 2.880659022500019553e-02 3.235168323982456386e-03 6.255050240070071524e-04
2.260502731182705005e-02 2.966006743513156102e-02 3.230122153355753211e-03 6.286325491270420771e-04
2.271805244838618482e-02 2.686014435948720983e-02 3.055125738667796315e-03 6.317757118726772354e-04
2.283164271062811460e-02 2.913784835014587155e-02 3.172964328122317851e-03 6.349345904320405831e-04
2.294580092418125120e-02 3.429105818702572750e-02 3.405243647536471130e-03 6.381092633842007193e-04
2.306052992880215646e-02 3.108699837118397355e-02 3.234306779608206277e-03 6.412998097011215950e-04
2.317583257844616634e-02 2.843808224977722315e-02 3.125606533309018432e-03 6.445063087496271954e-04
2.329171174133839312e-02 2.690198718367819292e-02 2.946481491890959748e-03 6.477288402933752218e-04
2.340817030004507804e-02 3.589488517369209680e-02 3.369260590661832169e-03 6.509674844948419407e-04
2.352521115154530135e-02 3.393255302416144786e-02 3.272967514927091308e-03 6.542223219173160312e-04
2.364283720730302879e-02 2.432151887460220693e-02 2.831900640133836172e-03 6.574934335269027328e-04
2.376105139333953981e-02 2.781533614683438099e-02 2.925187301100325762e-03 6.607809006945371006e-04
2.387985665030623386e-02 2.689525174763598980e-02 2.903909800487724808e-03 6.640848051980096202e-04
2.399925593355776293e-02 3.126380705361016255e-02 3.058211022354829275e-03 6.674052292239996288e-04
2.411925221322554908e-02 2.246037204063728449e-02 2.570073897089172020e-03 6.707422553701195781e-04
2.423984847429167672e-02 2.192432075623877014e-02 2.663326311717020400e-03 6.740959666469701402e-04
2.436104771666313187e-02 2.635303580841259069e-02 2.968356140489475641e-03 6.774664464802049616e-04
2.448285295524644731e-02 2.391616693912950592e-02 2.694477531277619797e-03 6.808537787126059350e-04
2.460526722002267380e-02 2.634821175349871467e-02 2.844819261363221597e-03 6.842580476061688784e-04
2.472829355612278512e-02 2.319884648534763921e-02 2.719319123145532823e-03 6.876793378441996242e-04
2.485193502390339870e-02 1.952053960036443866e-02 2.396886537476776609e-03 6.911177345334206228e-04
2.497619469902290917e-02 2.791245799850272311e-02 2.691639511781927611e-03 6.945733232060875232e-04
2.510107567251802091e-02 2.710249751342930224e-02 2.715726611571841250e-03 6.980461898221178947e-04
2.522658105088061015e-02 2.163743943970863545e-02 2.421966924877329026e-03 7.015364207712284066e-04
2.535271395613501039e-02 2.200234279651743299e-02 2.432511219671716629e-03 7.050441028750844760e-04
2.547947752591567944e-02 2.056116597337421387e-02 2.301560477279936297e-03 7.085693233894597813e-04
2.560687491354525849e-02 2.387332388716063153e-02 2.393236659999731491e-03 7.121121700064070520e-04
2.573490928811298165e-02 2.481352753739111267e-02 2.427015195896858445e-03 7.156727308564390499e-04
2.586358383455354334e-02 2.099338293671124470e-02 2.207368420183760532e-03 7.192510945107211508e-04
2.599290175372630934e-02 1.598463827594614681e-02 1.919594245530484343e-03 7.228473499832746606e-04
2.612286626249493704e-02 2.017484931772904957e-02 2.203380034535482122e-03 7.264615867331909727e-04
2.625348059380740867e-02 1.584624446614817800e-02 1.889390369518406014e-03 7.300938946668567844e-04
2.638474799677644617e-02 1.574777920696437961e-02 1.926908888096257088e-03 7.337443641401911317e-04
2.651667173676032496e-02 1.452160609752922542e-02 1.810973481628516159e-03 7.374130859608919644e-04
2.664925509544412152e-02 1.678905559047099219e-02 1.947319437491942936e-03 7.411001513906962735e-04
2.678250137092134248e-02 1.537366742888509122e-02 1.940791796296122661e-03 7.448056521476497608e-04
2.691641387777594235e-02 1.498997951984154878e-02 2.007370952353466995e-03 7.485296804083878914e-04
2.705099594716482009e-02 1.406232858969613808e-02 1.811894727307610279e-03 7.522723288104297404e-04
2.718625092690064166e-02 1.441504192366151182e-02 1.731768186695100634e-03 7.560336904544818137e-04
2.732218218153514150e-02 1.273433058040219362e-02 1.613830197419108530e-03 7.598138589067541214e-04
2.745879309244281599e-02 1.063054233553562336e-02 1.688364599758263593e-03 7.636129282012878508e-04
2.759608705790502631e-02 1.219902586514153182e-02 1.558824836445022290e-03 7.674309928422942077e-04
2.773406749319454884e-02 1.550568394418502284e-02 1.752272795797541610e-03 7.712681478065056169e-04
2.787273783066051419e-02 1.131599720328517120e-02 1.470458643129891147e-03 7.751244885455379824e-04
2.801210151981381458e-02 9.634241225608485004e-03 1.373801231924267133e-03 7.790001109882655232e-04
2.815216202741288587e-02 9.049764707108677239e-03 1.317761484714014128e-03 7.828951115432069945e-04
2.829292283754994419e-02 1.118001591107636514e-02 1.598307346271790955e-03 7.868095871009228581e-04
2.843438745173769086e-02 8.362953041196928908e-03 1.273347752515214832e-03 7.907436350364273076e-04
2.857655938899637815e-02 8.043219634526862366e-03 1.239221796111484447e-03 7.946973532116093997e-04
2.871944218594135734e-02 8.922904484772885628e-03 1.349719207952914529e-03 7.986708399776674136e-04
2.886303939687106038e-02 9.399516088763583410e-03 1.390515096271368852e-03 8.026641941775556786e-04
2.900735459385541531e-02 7.158587035664735164e-03 1.214499108899507211e-03 8.066775151484434359e-04
2.915239136682468840e-02 8.111965265878132506e-03 1.221292829023100292e-03 8.107109027241855186e-04
2.929815332365880848e-02 5.261126780617864269e-03 9.756989324754098162e-04 8.147644572378063676e-04
2.944464409027709728e-02 6.232068158503767732e-03 1.067418562415188088e-03 8.188382795239952140e-04
2.959186731072847854e-02 7.202759919191672848e-03 1.137464916757344657e-03 8.229324709216151402e-04
2.973982664728212072e-02 5.371146299616637310e-03 1.037420575285093920e-03 8.270471332762231991e-04
2.988852578051852740e-02 7.830967486885788073e-03 1.256977573901827804e-03 8.311823689426041948e-04
3.003796840942111676e-02 8.152987905256784892e-03 1.200700477729348559e-03 8.353382807873171480e-04
3.018815825146821744e-02 6.921146287941216425e-03 1.093075550239099502e-03 8.395149721912535798e-04
3.033909904272555358e-02 5.095904132361256562e-03 1.002964832480187285e-03 8.437125470522096726e-04
3.049079453793918093e-02 4.954227882928937711e-03 9.942623421267957409e-04 8.479311097874706830e-04
3.064324851062887045e-02 5.149193219820844512e-03 9.390317284009937118e-04 8.521707653364079312e-04
3.079646475318201237e-02 5.015244452283313531e-03 1.021930917979494823e-03 8.564316191630898852e-04
3.095044707694791924e-02 5.296846651019044248e-03 9.502187358203169646e-04 8.607137772589052794e-04
3.110519931233265631e-02 5.485010960989459249e-03 1.022147765941803848e-03 8.650173461451996773e-04
3.126072530889431600e-02 6.263438750115890921e-03 1.028146452007330184e-03 8.693424328759255873e-04
3.141702893543878161e-02 6.475061005122937502e-03 1.035482187808850181e-03 8.736891450403050461e-04
3.157411408011597670e-02 5.966825877199901512e-03 1.072820228436153177e-03 8.780575907655066223e-04
3.173198465051654815e-02 5.662342918990207613e-03 9.698449310824154655e-04 8.824478787193339125e-04
3.189064457376912520e-02 7.094536518941246123e-03 1.080519509478956690e-03 8.868601181129304092e-04
3.205009779663797742e-02 3.636517566976691859e-03 7.742657360990287370e-04 8.912944187034952098e-04
3.221034828562116537e-02 6.190179582940633779e-03 1.016286765463001503e-03 8.957508907970127129e-04
3.237140002704926023e-02 5.976209787817373525e-03 1.008791501044291111e-03 9.002296452509974930e-04
3.253325702718450757e-02 5.564618351966563875e-03 1.070513694800857406e-03 9.047307934772525102e-04
3.269592331232042820e-02 6.316516856485637071e-03 1.081868303993552272e-03 9.092544474446387056e-04
3.285940292888202274e-02 4.956266300770994886e-03 9.525601854402668484e-04 9.138007196818616167e-04
3.302369994352642724e-02 7.212948216075203145e-03 1.190168297920080878e-03 9.183697232802707881e-04
3.318881844324406138e-02 7.457367031993540098e-03 1.183285487938573292e-03 9.229615718966721919e-04
3.335476253546027642e-02 8.389831005903111705e-03 1.196738800495155547e-03 9.275763797561553930e-04
3.352153634813757888e-02 7.241698597085829969e-03 1.102605806546903908e-03 9.322142616549362187e-04
3.368914402987825685e-02 6.957504703760237358e-03 1.071827910879018285e-03 9.368753329632105963e-04
3.385758975002764459e-02 7.685243170005381756e-03 1.119139308099364061e-03 9.415597096280266037e-04
3.402687769877778268e-02 8.621130438853836370e-03 1.182197398342125626e-03 9.462675081761667134e-04
3.419701208727166097e-02 6.404152569921823038e-03 1.010803541108916577e-03 9.509988457170472738e-04
3.436799714770802372e-02 8.244841665120308805e-03 1.141316738826818160e-03 9.557538399456326278e-04
3.453983713344655621e-02 5.304055219088922579e-03 9.079869788611252433e-04 9.605326091453606158e-04
3.471253631911378618e-02 7.066628072452153797e-03 1.118989445086048451e-03 9.653352721910872687e-04
3.488609900070935299e-02 8.571686538035827932e-03 1.133174562624884212e-03 9.701619485520426682e-04
3.506052949571289434e-02 6.463508453851081470e-03 9.725278870568025182e-04 9.750127582948027449e-04
3.523583214319145340e-02 7.093599670841733637e-03 1.021891544571764667e-03 9.798878220862766893e-04
3.541201130390740637e-02 7.033229646105285809e-03 1.132784251695053649e-03 9.847872611967079144e-04
3.558907136042693820e-02 8.049222770344631808e-03 1.073529355295582384e-03 9.897111975026911743e-04
3.576701671722907344e-02 7.402069958684589883e-03 1.071329187125279235e-03 9.946597534902046431e-04
3.594585180081521364e-02 5.402869207762814145e-03 8.747589424109746730e-04 9.996330522576556566e-04
3.612558105981928530e-02 6.915123852974540408e-03 9.961862881257327242e-04 1.004631217518943799e-03
3.630620896511838058e-02 5.452638060479354266e-03 8.714415621018947950e-04 1.009654373606538522e-03
3.648774000994396693e-02 6.611593353962836282e-03 9.524720680745290841e-04 1.014702645474571067e-03
3.667017870999368656e-02 5.641606928713047836e-03 9.415437444451257507e-04 1.019776158701943746e-03
3.685352960354364854e-02 7.009463345122319243e-03 9.796974335330422244e-04 1.024875039495453310e-03
3.703779725156136626e-02 3.698441257911633685e-03 7.854382570030166979e-04 1.029999414692930578e-03
3.722298623781916671e-02 3.384714172833934269e-03 6.757407053196029393e-04 1.035149411766395034e-03
3.740910116900825200e-02 5.959788529424427626e-03 8.968797764966256279e-04 1.040325158825226772e-03
3.759614667485329520e-02 4.768979520471401667e-03 8.570607289111885525e-04 1.045526784619352960e-03
3.778412740822754967e-02 3.011027848327415147e-03 6.267795918341265713e-04 1.050754418542449494e-03
3.797304804526868693e-02 4.350795374217121016e-03 7.970683178245606751e-04 1.056008190635161726e-03
3.816291328549503009e-02 4.547468409632569007e-03 7.674523049881255311e-04 1.061288231588337341e-03
3.835372785192249501e-02 3.648807913106706137e-03 6.885244851901772432e-04 1.066594672746278743e-03
3.854549649118210741e-02 3.003112449765244201e-03 6.727562691693637128e-04 1.071927646110010192e-03
3.873822397363801268e-02 3.951563451297321512e-03 7.087131377786747835e-04 1.077287284340560118e-03
3.893191509350620028e-02 2.423178392563950321e-03 5.551605482869440217e-04 1.082673720762262950e-03
3.912657466897372788e-02 3.655109104152848374e-03 7.446547910534667388e-04 1.088087089366074171e-03
3.932220754231859072e-02 2.742518777834388258e-03 5.839848337820759995e-04 1.093527524812904243e-03
3.951881858003018083e-02 2.807718417394629122e-03 5.847267089411008504e-04 1.098995162436968787e-03
3.971641267293032906e-02 2.497926798043804356e-03 5.579047193733943123e-04 1.104490138249153517e-03
3.991499473629497863e-02 3.361207343496524363e-03 6.461186945530152494e-04 1.110012588940399118e-03
4.011456970997644145e-02 2.456435104150756030e-03 5.486646870207445787e-04 1.115562651885100868e-03
4.031514255852632067e-02 1.340055411282434911e-03 4.036060915692422989e-04 1.121140465144526265e-03
4.051671827131894665e-02 3.386393017941052852e-03 6.392831674542334610e-04 1.126746167470248691e-03
4.071930186267554153e-02 2.169270353553436146e-03 5.107742921390632379e-04 1.132379898307599945e-03
4.092289837198891111e-02 3.004396442475449399e-03 6.002592171217997199e-04 1.138041797799137743e-03
4.112751286384885852e-02 2.018552646689068461e-03 4.890752885018203634e-04 1.143732006788133592e-03
4.133315042816809726e-02 1.202411651371486281e-03 3.798540976473131943e-04 1.149450666822074115e-03
4.153981618030892775e-02 3.204502905113152094e-03 6.811109497442004558e-04 1.155197920156184272e-03
4.174751526121046885e-02 2.092317958170675837e-03 5.688855170873447159e-04 1.160973909756964897e-03
4.195625283751651391e-02 2.360875567354711949e-03 5.273782072858345521e-04 1.166778779305749532e-03
4.216603410170409461e-02 1.975820814994329062e-03 4.787117308445487706e-04 1.172612673202278388e-03
4.237686427221261376e-02 2.559263200499614296e-03 5.450718671510764758e-04 1.178475736568289660e-03
4.258874859357367204e-02 1.869609520960290039e-03 5.474994662338716163e-04 1.184368115251131000e-03
4.280169233654153305e-02 1.747448563152887357e-03 4.507017487986514142e-04 1.190289955827386397e-03
4.301570079822424064e-02 2.902199121685658349e-03 6.456496442609492613e-04 1.196241405606523426e-03
4.323077930221535387e-02 2.754971250846813529e-03 5.617051398774183671e-04 1.202222612634555685e-03
4.344693319872642429e-02 2.971194050191255150e-03 5.820245321701614499e-04 1.208233725697728436e-03
4.366416786472004929e-02 1.828722905987245585e-03 4.566287802056990305e-04 1.214274894326216811e-03
4.388248870404365398e-02 3.266530297604907426e-03 6.655568164789092038e-04 1.220346268797848103e-03
4.410190114756386282e-02 2.403562797690183585e-03 5.238515661360915480e-04 1.226448000141837054e-03
4.432241065330168317e-02 2.483450466602717729e-03 5.287748252068224467e-04 1.232580240142546303e-03
4.454402270656818152e-02 2.680811984376430153e-03 6.006434064291883614e-04 1.238743141343258761e-03
4.476674282010102007e-02 2.152091195367388573e-03 5.655853125333860660e-04 1.244936857049974916e-03
4.499057653420152070e-02 2.063241742942849982e-03 5.607692668994702142e-04 1.251161541335224676e-03
4.521552941687251997e-02 2.272962945215860342e-03 5.786953686295905584e-04 1.257417349041900457e-03
4.544160706395687643e-02 3.058773998149881199e-03 5.878284103954922041e-04 1.263704435787109783e-03
4.566881509927665783e-02 3.707757915640161675e-03 6.545093858436285906e-04 1.270022957966045240e-03
4.589715917477303619e-02 2.849666362873058689e-03 6.856047974345506066e-04 1.276373072755875460e-03
4.612664497064689756e-02 3.112864458324824182e-03 6.096522816436851771e-04 1.282754938119654757e-03
4.635727819550012480e-02 3.719453213494603241e-03 6.781521454138489391e-04 1.289168712810252705e-03
4.658906458647761595e-02 2.274606585584512501e-03 5.353931194326942049e-04 1.295614556374303670e-03
4.682200990941000340e-02 3.155237660796487379e-03 6.179320900946095804e-04 1.302092629156175211e-03
4.705611995895704613e-02 2.674887203383137946e-03 5.569765373029262603e-04 1.308603092301955989e-03
4.729140055875183379e-02 3.149239074998091796e-03 7.273848257839517174e-04 1.315146107763465796e-03
4.752785756154558061e-02 2.452871147118683252e-03 5.345076850019624170e-04 1.321721838302282719e-03
4.776549684935330747e-02 2.465626852630595309e-03 5.372872939871722875e-04 1.328330447493794152e-03
4.800432433360006523e-02 2.348946451078055744e-03 5.245762013597301187e-04 1.334972099731262987e-03
4.824434595526806702e-02 2.750442559750772720e-03 5.727816911344919392e-04 1.341646960229919174e-03
4.848556768504440340e-02 3.066763622428628298e-03 6.125839400000612821e-04 1.348355195031068635e-03
4.872799552346961799e-02 2.044977178966724592e-03 4.953871467497529936e-04 1.355096971006223856e-03
4.897163550108696306e-02 2.692817206630553073e-03 6.297363544872417417e-04 1.361872455861254860e-03
4.921649367859239066e-02 1.258504597671675305e-03 3.789999846124759509e-04 1.368681818140561005e-03
4.946257614698534866e-02 2.403338310560337518e-03 5.238678359610832516e-04 1.375525227231263591e-03
4.970988902772026374e-02 2.070460057477310767e-03 4.874690832784558860e-04 1.382402853367419721e-03
4.995843847285886402e-02 1.299310041054333462e-03 3.913457641474051029e-04 1.389314867634256758e-03
5.020823066522315387e-02 1.635336123164510963e-03 4.366194070638731300e-04 1.396261441972427826e-03
5.045927181854926308e-02 1.396515447425843853e-03 4.027310775368607518e-04 1.403242749182289847e-03
5.071156817764200381e-02 1.456048402557977772e-03 5.572097764089951714e-04 1.410258962928201106e-03
5.096512601853020463e-02 1.412773611566653202e-03 4.074814176564023663e-04 1.417310257742841794e-03
5.121995164862284955e-02 1.188777841228301230e-03 4.751016615109151272e-04 1.424396809031556023e-03
5.147605140686596636e-02 1.421874535086446560e-03 4.101207941924179764e-04 1.431518793076713789e-03
5.173343166390028530e-02 1.927025740599437207e-03 4.813822296141997579e-04 1.438676387042097000e-03
5.199209882221978579e-02 1.226280403187698020e-03 3.874826998432701693e-04 1.445869768977307412e-03
5.225205931633088163e-02 1.355622267589507747e-03 4.084380796171071864e-04 1.453099117822193856e-03
5.251331961291252903e-02 7.507833261503737282e-04 3.062955283726764432e-04 1.460364613411304626e-03
5.277588621097707711e-02 1.499884337775897036e-03 4.326819820407862283e-04 1.467666436478360899e-03
