1.442977229909739312e-02 6.163657804521042172e-01 3.830678171965080925e-02 4.012835029382323475e-04
1.450192116059288022e-02 4.571429422747302906e-01 3.135947977212927978e-02 4.032899204529234965e-04
1.457443076639584369e-02 5.762778390258295191e-01 3.610622445270914027e-02 4.053063700551880698e-04
1.464730292022782196e-02 5.588784240971069739e-01 3.460671650970741087e-02 4.073329019054639909e-04
1.472053943482895880e-02 4.753893936582070934e-01 3.186711377559624248e-02 4.093695664149912751e-04
1.479414213200310087e-02 4.226397490671511270e-01 2.891425034962334661e-02 4.114164142470661261e-04
1.486811284266311567e-02 4.519695069776744067e-01 2.996113981881208879e-02 4.134734963183014293e-04
1.494245340687642976e-02 4.250916815252206993e-01 2.924717245517700556e-02 4.155408637998929378e-04
1.501716567391080982e-02 4.147428026044140958e-01 2.771820519931704821e-02 4.176185681188923421e-04
1.509225150228036064e-02 4.030862265539192912e-01 2.677756859174549794e-02 4.197066609594866829e-04
1.516771275979176062e-02 3.847562051767129954e-01 2.619950240781601311e-02 4.218051942642840526e-04
1.524355132359071774e-02 3.812636682951106581e-01 2.560664150287452270e-02 4.239142202356054761e-04
1.531976908020867001e-02 2.931384042191447770e-01 2.227472438761031806e-02 4.260337913367834599e-04
1.539636792560971322e-02 3.700824732452138721e-01 2.515399117388854300e-02 4.281639602934673712e-04
1.547334976523776114e-02 3.326871322098534645e-01 2.354328533116492594e-02 4.303047800949346725e-04
1.555071651406394681e-02 3.143233513455972461e-01 2.220185444353536819e-02 4.324563039954092570e-04
1.562847009663426504e-02 3.365083706229942684e-01 2.310590007744031324e-02 4.346185855153862892e-04
1.570661244711743509e-02 2.511576524914271857e-01 1.966738842724636074e-02 4.367916784429631718e-04
1.578514550935301852e-02 3.066043384466841104e-01 2.150125109490686262e-02 4.389756368351778850e-04
1.586407123689978493e-02 2.769291761135134200e-01 2.079422481909091666e-02 4.411705150193537760e-04
1.594339159308428081e-02 2.365919552823412819e-01 1.841396379505048919e-02 4.433763675944504758e-04
1.602310855104970011e-02 2.866981148661263967e-01 2.010643630933179812e-02 4.455932494324226748e-04
1.610322409380494577e-02 2.458269478512435380e-01 1.836619005573565319e-02 4.478212156795847000e-04
1.618374021427396864e-02 2.428206499957151487e-01 1.804112415238016964e-02 4.500603217579825731e-04
1.626465891534533553e-02 2.374932876917212887e-01 1.774453419515629668e-02 4.523106233667724104e-04
1.634598220992206086e-02 2.203261848346656226e-01 1.697888306519494336e-02 4.545721764836062502e-04
1.642771212097167421e-02 1.952672455487511338e-01 1.558556215481357934e-02 4.568450373660243313e-04
1.650985068157653085e-02 2.015784462635459573e-01 1.597679147723688950e-02 4.591292625528544183e-04
1.659239993498441007e-02 1.887015350522822654e-01 1.491977603670591006e-02 4.614249088656186080e-04
1.667536193465932876e-02 1.812852508256692086e-01 1.465007736594880344e-02 4.637320334099465872e-04
1.675873874433262550e-02 1.887529288588957466e-01 1.505882113177938429e-02 4.660506935769963169e-04
1.684253243805428762e-02 1.683961143044161446e-01 1.383922815150076709e-02 4.683809470448812760e-04
1.692674510024455570e-02 1.612521916876383243e-01 1.370224718453142733e-02 4.707228517801056197e-04
1.701137882574577792e-02 1.559827850479083011e-01 1.290789780666950701e-02 4.730764660390061145e-04
1.709643571987450386e-02 1.413560807064592195e-01 1.191471044000197779e-02 4.754418483692010654e-04
1.718191789847387657e-02 1.217686966128819215e-01 1.122810363671837910e-02 4.778190576110471046e-04
1.726782748796624328e-02 1.353879772724364827e-01 1.192382051869650753e-02 4.802081528991022138e-04
1.735416662540607141e-02 1.174948779252510123e-01 1.086399238030126557e-02 4.826091936635976912e-04
1.744093745853309702e-02 1.340228788805698790e-01 1.121919903479821554e-02 4.850222396319155398e-04
1.752814214582576469e-02 1.146585865279723115e-01 1.057488683122692098e-02 4.874473508300751793e-04
1.761578285655489295e-02 1.038227668990814173e-01 9.535436515539372909e-03 4.898845875842255254e-04
1.770386177083766582e-02 9.991139685533464987e-02 9.377696277042484041e-03 4.923340105221466097e-04
1.779238107969184982e-02 1.031764322568089476e-01 9.517634498929344530e-03 4.947956805747571627e-04
1.788134298509030939e-02 1.093135092798121349e-01 9.603927399772194465e-03 4.972696589776309795e-04
1.797074970001575484e-02 8.818405992040931340e-02 8.588027972599962187e-03 4.997560072725190303e-04
1.806060344851583357e-02 8.015318631024190288e-02 8.121974630667230799e-03 5.022547873088815474e-04
1.815090646575841238e-02 7.360576929661845347e-02 7.831030848135966949e-03 5.047660612454259654e-04
1.824166099808720298e-02 7.726500209388965923e-02 7.750511777405296246e-03 5.072898915516531023e-04
1.833286930307763407e-02 7.664359147854596377e-02 7.650083874463733426e-03 5.098263410094112545e-04
1.842453364959302162e-02 7.292944052409372491e-02 7.353723473106648853e-03 5.123754727144582072e-04
1.851665631784098556e-02 6.684931549295014541e-02 7.034205233451286919e-03 5.149373500780305086e-04
1.860923959943018915e-02 6.385899622897429906e-02 6.795871021732830149e-03 5.175120368284206584e-04
1.870228579742733849e-02 4.390060991555665149e-02 5.611622281673334968e-03 5.200995970125626457e-04
1.879579722641447001e-02 5.373765359678610298e-02 6.261435068293035380e-03 5.227000949976252919e-04
1.888977621254653988e-02 5.317190126800648564e-02 5.973153856952898542e-03 5.253135954726134010e-04
1.898422509360927352e-02 4.208850964967371378e-02 5.337285129347378934e-03 5.279401634499764984e-04
1.907914621907731700e-02 4.118760876133671645e-02 5.181662119432990481e-03 5.305798642672263522e-04
1.917454195017270074e-02 4.425223266588415583e-02 5.319877839993980388e-03 5.332327635885623007e-04
1.927041465992356331e-02 4.397787331539624450e-02 5.325824483431794432e-03 5.358989274065051453e-04
1.936676673322317715e-02 2.839535227249343277e-02 4.227260710976225855e-03 5.385784220435375479e-04
1.946360056688929002e-02 5.076948297578141173e-02 5.499455894148870712e-03 5.412713141537551630e-04
1.956091856972373699e-02 2.975789674164181636e-02 4.245747507438071833e-03 5.439776707245239486e-04
1.965872316257235436e-02 3.863175200466915232e-02 4.785694323309942246e-03 5.466975590781464767e-04
1.975701677838521270e-02 3.092694891324297354e-02 4.242924837952080468e-03 5.494310468735371343e-04
1.985580186227713789e-02 3.261152009736725116e-02 4.277014606455676465e-03 5.521782021079048048e-04
1.995508087158852362e-02 3.192819257872380606e-02 4.261523785428223896e-03 5.549390931184443321e-04
2.005485627594646297e-02 1.958005436683918007e-02 3.215129683378503255e-03 5.577137885840364410e-04
2.015513055732619241e-02 3.182910603851656778e-02 4.174477525386690105e-03 5.605023575269565484e-04
2.025590621011282011e-02 2.665737071883345771e-02 3.728449734822847535e-03 5.633048693145912720e-04
2.035718574116338053e-02 2.230921783811429943e-02 3.438365764538518516e-03 5.661213936611641552e-04
2.045897166986919424e-02 2.454070053042970920e-02 3.796826052379118945e-03 5.689520006294698480e-04
2.056126652821854001e-02 1.762777910614559893e-02 3.357213227152584887e-03 5.717967606326171794e-04
2.066407286085962872e-02 2.821241411420030362e-02 3.816468530440861318e-03 5.746557444357801433e-04
2.076739322516392428e-02 2.738528542258568746e-02 3.622925707119369065e-03 5.775290231579589687e-04
2.087123019128974549e-02 2.836037033652535205e-02 3.656869633867050520e-03 5.804166682737488866e-04
2.097558634224619065e-02 2.172982017059823731e-02 3.199878568169388891e-03 5.833187516151174630e-04
2.108046427395741940e-02 2.570445755960343304e-02 3.430528073141667165e-03 5.862353453731929901e-04
2.118586659532720531e-02 2.565045709090962509e-02 3.393053201265375501e-03 5.891665221000589496e-04
2.129179592830383883e-02 2.478610456145545482e-02 3.415417472121183746e-03 5.921123547105592091e-04
2.139825490794535628e-02 2.721573664523078626e-02 3.424207968161223359e-03 5.950729164841118924e-04
2.150524618248508130e-02 2.158207640891728410e-02 3.047913626234528828e-03 5.980482810665324655e-04
2.161277241339750604e-02 2.198147381197019384e-02 3.043919991613719921e-03 6.010385224718650622e-04
2.172083627546448834e-02 2.442198610195112779e-02 3.174817519466903871e-03 6.040437150842242189e-04
2.182944045684180601e-02 2.729577691239422343e-02 3.329672816314426312e-03 6.070639336596452820e-04
2.193858765912601316e-02 2.410762943833799632e-02 3.081874560934584010e-03 6.100992533279433810e-04
2.204828059742164337e-02 2.525723667047093113e-02 3.103945819884081081e-03 6.131497495945831353e-04
2.215852200040874936e-02 2.293976472373458406e-02 3.046531794184442060e-03 6.162154983425559502e-04
2.226931461041078975e-02 2.468136427817367237e-02 3.056099364184213223e-03 6.192965758342686968e-04
2.238066118346284175e-02 2.695853428306913338e-02 3.128379856963749237e-03 6.223930587134399823e-04
2.249256448938015407e-02 2.480848094479502775e-02 3.003061751106158184e-03 6.255050240070071524e-04
2.260502731182705005e-02 2.119676205393879534e-02 2.731371905466717463e-03 6.286325491270420771e-04
2.271805244838618482e-02 2.631595224534526156e-02 3.107133121139896061e-03 6.317757118726772354e-04
2.283164271062811460e-02 2.498835828078526874e-02 3.059151598963659457e-03 6.349345904320405831e-04
2.294580092418125120e-02 2.411814986721202286e-02 2.856557255222625172e-03 6.381092633842007193e-04
2.306052992880215646e-02 3.090036826338878745e-02 3.298009146288029617e-03 6.412998097011215950e-04
2.317583257844616634e-02 2.502816877272974472e-02 2.864838960449636682e-03 6.445063087496271954e-04
2.329171174133839312e-02 2.107870465917717831e-02 2.608835612277216661e-03 6.477288402933752218e-04
2.340817030004507804e-02 2.955721903128584113e-02 3.155291110481561138e-03 6.509674844948419407e-04
2.352521115154530135e-02 2.125853827287429998e-02 2.591273848337743643e-03 6.542223219173160312e-04
2.364283720730302879e-02 3.080282269473199122e-02 3.073227288536065690e-03 6.574934335269027328e-04
2.376105139333953981e-02 2.535623309166738434e-02 2.793618688948689213e-03 6.607809006945371006e-04
2.387985665030623386e-02 2.229626224146688887e-02 2.631304578353672787e-03 6.640848051980096202e-04
2.399925593355776293e-02 2.346005149727706240e-02 2.749900146782395267e-03 6.674052292239996288e-04
2.411925221322554908e-02 2.779442806554457968e-02 2.859757976039367048e-03 6.707422553701195781e-04
2.423984847429167672e-02 2.383074939579692825e-02 2.609344840789555586e-03 6.740959666469701402e-04
2.436104771666313187e-02 2.566986384181974695e-02 2.786836605728844254e-03 6.774664464802049616e-04
2.448285295524644731e-02 2.478326297143565796e-02 2.740447637709607798e-03 6.808537787126059350e-04
2.460526722002267380e-02 2.375439227922155477e-02 2.616968494550889722e-03 6.842580476061688784e-04
2.472829355612278512e-02 2.400084986187194305e-02 2.694266176765471466e-03 6.876793378441996242e-04
2.485193502390339870e-02 2.485586618506053364e-02 2.705386315502639801e-03 6.911177345334206228e-04
2.497619469902290917e-02 1.905337077210692703e-02 2.224420975546231860e-03 6.945733232060875232e-04
2.510107567251802091e-02 2.092144941625463314e-02 2.356111078616140216e-03 6.980461898221178947e-04
2.522658105088061015e-02 2.327869686419141437e-02 2.559970631966301292e-03 7.015364207712284066e-04
2.535271395613501039e-02 2.403797488755610515e-02 2.536294326609314382e-03 7.050441028750844760e-04
2.547947752591567944e-02 2.202402553228814674e-02 2.302761159804657745e-03 7.085693233894597813e-04
2.560687491354525849e-02 1.809518638829680365e-02 2.084125963209219889e-03 7.121121700064070520e-04
2.573490928811298165e-02 1.527782370576868422e-02 1.904900123263564456e-03 7.156727308564390499e-04
2.586358383455354334e-02 2.287138636387943055e-02 2.304587009717826672e-03 7.192510945107211508e-04
2.599290175372630934e-02 2.048956887730661938e-02 2.295417340320059577e-03 7.228473499832746606e-04
2.612286626249493704e-02 1.570487788144865268e-02 1.981888126481418880e-03 7.264615867331909727e-04
2.625348059380740867e-02 2.083735714552311519e-02 2.167170597863251041e-03 7.300938946668567844e-04
2.638474799677644617e-02 1.790468015759297954e-02 1.997011340718617307e-03 7.337443641401911317e-04
2.651667173676032496e-02 1.884254047098467971e-02 2.063420554262803026e-03 7.374130859608919644e-04
2.664925509544412152e-02 1.657081634181961291e-02 1.935126075112057536e-03 7.411001513906962735e-04
2.678250137092134248e-02 1.357208748066842004e-02 1.833810977205572058e-03 7.448056521476497608e-04
2.691641387777594235e-02 1.868580311057975452e-02 2.139061157370376973e-03 7.485296804083878914e-04
2.705099594716482009e-02 1.317858564675766786e-02 1.939541009875800403e-03 7.522723288104297404e-04
2.718625092690064166e-02 1.337711733065627059e-02 1.668692509391566086e-03 7.560336904544818137e-04
2.732218218153514150e-02 1.376861944983965094e-02 1.752073224438634603e-03 7.598138589067541214e-04
2.745879309244281599e-02 1.419477896452538655e-02 1.681213708070633138e-03 7.636129282012878508e-04
2.759608705790502631e-02 1.440643582897933005e-02 1.694440283332662202e-03 7.674309928422942077e-04
2.773406749319454884e-02 1.153588225791411619e-02 1.511801955355773774e-03 7.712681478065056169e-04
2.787273783066051419e-02 1.178246983915924757e-02 1.550860446045481409e-03 7.751244885455379824e-04
2.801210151981381458e-02 1.416382937706511802e-02 1.666167824291394772e-03 7.790001109882655232e-04
2.815216202741288587e-02 1.464129592519941049e-02 1.676568042668763513e-03 7.828951115432069945e-04
2.829292283754994419e-02 1.032865343333115062e-02 1.416413652204554299e-03 7.868095871009228581e-04
2.843438745173769086e-02 1.070238053058156745e-02 1.440856214098377606e-03 7.907436350364273076e-04
2.857655938899637815e-02 9.580244496208679961e-03 1.352806330185658563e-03 7.946973532116093997e-04
2.871944218594135734e-02 1.017084540180367494e-02 1.382018272598292512e-03 7.986708399776674136e-04
2.886303939687106038e-02 9.214046608287429149e-03 1.378191599448806096e-03 8.026641941775556786e-04
2.900735459385541531e-02 8.020236725492603524e-03 1.221397288740458560e-03 8.066775151484434359e-04
2.915239136682468840e-02 9.222951114881396129e-03 1.378522880986267308e-03 8.107109027241855186e-04
2.929815332365880848e-02 7.696073216210619176e-03 1.236937419275069110e-03 8.147644572378063676e-04
2.944464409027709728e-02 7.152238849881576571e-03 1.143807416226865414e-03 8.188382795239952140e-04
2.959186731072847854e-02 6.918256641864069939e-03 1.173911397838328825e-03 8.229324709216151402e-04
2.973982664728212072e-02 5.479989235654180411e-03 9.830459066199252836e-04 8.270471332762231991e-04
2.988852578051852740e-02 5.342081328990118394e-03 9.741585545013150150e-04 8.311823689426041948e-04
3.003796840942111676e-02 6.915934043420671890e-03 1.106152364706852612e-03 8.353382807873171480e-04
3.018815825146821744e-02 6.059162196942697275e-03 1.023011938316827768e-03 8.395149721912535798e-04
3.033909904272555358e-02 4.925141448496838693e-03 9.884246028852873827e-04 8.437125470522096726e-04
3.049079453793918093e-02 5.585138761835982228e-03 9.861890756954188458e-04 8.479311097874706830e-04
3.064324851062887045e-02 3.262856931394152518e-03 8.576619363267168035e-04 8.521707653364079312e-04
3.079646475318201237e-02 7.509423221730838864e-03 1.191887061326344808e-03 8.564316191630898852e-04
3.095044707694791924e-02 5.470564977491971723e-03 1.052594353969620988e-03 8.607137772589052794e-04
3.110519931233265631e-02 5.589678454256451733e-03 9.716551000377793637e-04 8.650173461451996773e-04
3.126072530889431600e-02 4.911742663393559027e-03 9.107089667482953311e-04 8.693424328759255873e-04
3.141702893543878161e-02 6.478529422601291866e-03 1.036029606451667039e-03 8.736891450403050461e-04
3.157411408011597670e-02 3.316632528752075024e-03 7.407024827434423178e-04 8.780575907655066223e-04
3.173198465051654815e-02 5.165417630411294619e-03 9.265528248355704797e-04 8.824478787193339125e-04
3.189064457376912520e-02 4.952195275522906087e-03 9.029895503560584529e-04 8.868601181129304092e-04
3.205009779663797742e-02 5.623004389578553468e-03 9.630407360603461054e-04 8.912944187034952098e-04
3.221034828562116537e-02 4.519523776129039626e-03 8.686088089563116484e-04 8.957508907970127129e-04
3.237140002704926023e-02 4.510121206885789498e-03 9.431278313469145793e-04 9.002296452509974930e-04
3.253325702718450757e-02 5.567372069949416170e-03 9.828765776366905817e-04 9.047307934772525102e-04
3.269592331232042820e-02 5.762181485663118996e-03 1.129177705037024944e-03 9.092544474446387056e-04
3.285940292888202274e-02 6.795485537813687228e-03 1.115677324109955702e-03 9.138007196818616167e-04
3.302369994352642724e-02 6.502185110681377861e-03 1.136086123737873156e-03 9.183697232802707881e-04
3.318881844324406138e-02 5.054346327207484557e-03 9.945005366406951472e-04 9.229615718966721919e-04
3.335476253546027642e-02 6.167172984613480437e-03 1.026311216883288692e-03 9.275763797561553930e-04
3.352153634813757888e-02 7.649833777108383699e-03 1.184346059517008909e-03 9.322142616549362187e-04
3.368914402987825685e-02 6.463910309237680396e-03 1.033378011269997900e-03 9.368753329632105963e-04
3.385758975002764459e-02 6.707616968218753015e-03 1.045809824670476196e-03 9.415597096280266037e-04
3.402687769877778268e-02 7.063249907232101686e-03 1.120468059908646518e-03 9.462675081761667134e-04
3.419701208727166097e-02 7.368603307850388889e-03 1.084530468781056507e-03 9.509988457170472738e-04
3.436799714770802372e-02 4.283208708104074662e-03 8.228352501900355236e-04 9.557538399456326278e-04
3.453983713344655621e-02 6.867666083744528374e-03 1.033459442567093677e-03 9.605326091453606158e-04
3.471253631911378618e-02 6.194078919123669098e-03 9.655834438541908158e-04 9.653352721910872687e-04
3.488609900070935299e-02 6.619965583444614894e-03 9.961042393119938759e-04 9.701619485520426682e-04
3.506052949571289434e-02 5.585032925491560316e-03 9.042614551047351013e-04 9.750127582948027449e-04
3.523583214319145340e-02 7.245162463782732140e-03 1.033020120805246611e-03 9.798878220862766893e-04
3.541201130390740637e-02 7.330102733805675744e-03 1.034625261431365009e-03 9.847872611967079144e-04
3.558907136042693820e-02 6.183878901130426646e-03 9.411973277182575414e-04 9.897111975026911743e-04
3.576701671722907344e-02 6.339707768302339265e-03 9.538819976916870346e-04 9.946597534902046431e-04
3.594585180081521364e-02 8.307671021147305240e-03 1.122976509890448145e-03 9.996330522576556566e-04
3.612558105981928530e-02 7.207011687349462216e-03 1.017258763433150298e-03 1.004631217518943799e-03
3.630620896511838058e-02 7.693621330717409501e-03 1.035412938755600476e-03 1.009654373606538522e-03
3.648774000994396693e-02 5.429847286996935564e-03 9.078248367978391381e-04 1.014702645474571067e-03
3.667017870999368656e-02 5.231518686542130543e-03 8.470547002555861267e-04 1.019776158701943746e-03
3.685352960354364854e-02 7.150632080862792672e-03 1.045315463381926366e-03 1.024875039495453310e-03
3.703779725156136626e-02 6.441401756961699296e-03 9.959087206505023732e-04 1.029999414692930578e-03
3.722298623781916671e-02 6.502041320196525614e-03 9.936500414162460857e-04 1.035149411766395034e-03
3.740910116900825200e-02 4.743249596526001935e-03 8.003317436069091670e-04 1.040325158825226772e-03
3.759614667485329520e-02 5.301630358273657154e-03 8.368419520784287427e-04 1.045526784619352960e-03
3.778412740822754967e-02 6.156179730030403655e-03 8.964505898557294976e-04 1.050754418542449494e-03
3.797304804526868693e-02 5.082966724226071868e-03 8.126322557478448663e-04 1.056008190635161726e-03
3.816291328549503009e-02 5.069822446786737685e-03 8.105432119038084599e-04 1.061288231588337341e-03
3.835372785192249501e-02 4.824157304035219668e-03 8.537006950388685697e-04 1.066594672746278743e-03
3.854549649118210741e-02 4.622583174701132454e-03 8.309392806429891478e-04 1.071927646110010192e-03
3.873822397363801268e-02 2.678340442683792809e-03 5.836226529259721900e-04 1.077287284340560118e-03
3.893191509350620028e-02 3.955669302937735859e-03 7.094946747771124079e-04 1.082673720762262950e-03
3.912657466897372788e-02 3.152644678851073464e-03 7.011823261805357702e-04 1.088087089366074171e-03
3.932220754231859072e-02 4.115924174173835916e-03 7.156055424528149972e-04 1.093527524812904243e-03
3.951881858003018083e-02 3.542013475519139361e-03 6.569230639078497275e-04 1.098995162436968787e-03
3.971641267293032906e-02 2.874149171923786727e-03 5.986018882986525545e-04 1.104490138249153517e-03
3.991499473629497863e-02 3.238406659972922329e-03 6.343714002629232849e-04 1.110012588940399118e-03
4.011456970997644145e-02 2.089047132468328533e-03 5.061062829776565887e-04 1.115562651885100868e-03
4.031514255852632067e-02 2.803395708154597654e-03 5.839178953905935785e-04 1.121140465144526265e-03
4.051671827131894665e-02 3.146155450095968614e-03 6.163507461138967867e-04 1.126746167470248691e-03
4.071930186267554153e-02 1.736321585966232872e-03 5.189293802297022208e-04 1.132379898307599945e-03
4.092289837198891111e-02 2.645248078948568820e-03 5.633868030848714200e-04 1.138041797799137743e-03
4.112751286384885852e-02 2.257215614731502163e-03 5.173154518697992447e-04 1.143732006788133592e-03
4.133315042816809726e-02 1.972983805015839347e-03 6.193802421276469209e-04 1.149450666822074115e-03
4.153981618030892775e-02 2.137450918779404060e-03 5.032962675456428402e-04 1.155197920156184272e-03
4.174751526121046885e-02 2.442311017799766396e-03 5.324212748965983675e-04 1.160973909756964897e-03
4.195625283751651391e-02 2.409349292676137531e-03 5.847198792565619103e-04 1.166778779305749532e-03
4.216603410170409461e-02 1.395429871554836445e-03 4.024088722826770111e-04 1.172612673202278388e-03
4.237686427221261376e-02 2.676989105044727535e-03 5.576129374087920561e-04 1.178475736568289660e-03
4.258874859357367204e-02 2.221301599823661405e-03 5.090630327167505612e-04 1.184368115251131000e-03
4.280169233654153305e-02 2.447704200306938770e-03 5.335556927820183943e-04 1.190289955827386397e-03
4.301570079822424064e-02 1.393791609731936509e-03 4.922430559881890840e-04 1.196241405606523426e-03
4.323077930221535387e-02 2.986109119999208732e-03 5.849462318365972625e-04 1.202222612634555685e-03
4.344693319872642429e-02 3.544425554344922315e-03 6.358606654061778850e-04 1.208233725697728436e-03
4.366416786472004929e-02 2.447084193326090791e-03 6.416466251302622818e-04 1.214274894326216811e-03
4.388248870404365398e-02 2.592047914390507857e-03 6.061451137081588737e-04 1.220346268797848103e-03
4.410190114756386282e-02 1.649017130319641597e-03 4.927357586995534909e-04 1.226448000141837054e-03
4.432241065330168317e-02 3.049423739654399251e-03 5.860911401830287693e-04 1.232580240142546303e-03
4.454402270656818152e-02 1.833990062096979871e-03 5.369266291896754740e-04 1.238743141343258761e-03
4.476674282010102007e-02 3.399864174173828843e-03 6.198901433070528591e-04 1.244936857049974916e-03
4.499057653420152070e-02 2.637739744104903184e-03 5.492486502336776759e-04 1.251161541335224676e-03
4.521552941687251997e-02 2.046733800073238796e-03 4.817548348384685197e-04 1.257417349041900457e-03
4.544160706395687643e-02 2.493676047722457288e-03 5.308968421347301080e-04 1.263704435787109783e-03
4.566881509927665783e-02 1.854846058582974681e-03 4.630494537371221929e-04 1.270022957966045240e-03
4.589715917477303619e-02 2.804417863727423806e-03 5.716384882074723511e-04 1.276373072755875460e-03
4.612664497064689756e-02 2.874912300663731626e-03 5.860405221833873707e-04 1.282754938119654757e-03
4.635727819550012480e-02 3.101161263357498418e-03 6.193883221600159084e-04 1.289168712810252705e-03
4.658906458647761595e-02 2.275785408762048302e-03 6.185430691231230682e-04 1.295614556374303670e-03
4.682200990941000340e-02 2.428372025183631044e-03 5.422450162070964388e-04 1.302092629156175211e-03
4.705611995895704613e-02 2.210842142937522251e-03 5.064963026971883294e-04 1.308603092301955989e-03
4.729140055875183379e-02 3.034188648734843785e-03 5.942182939237384111e-04 1.315146107763465796e-03
4.752785756154558061e-02 3.155336640220533610e-03 6.063909141249711936e-04 1.321721838302282719e-03
4.776549684935330747e-02 2.396429849014519546e-03 5.813498975772111175e-04 1.328330447493794152e-03
4.800432433360006523e-02 2.115187968266422913e-03 4.979202139027609584e-04 1.334972099731262987e-03
4.824434595526806702e-02 2.871524206865180232e-03 5.854062122085093491e-04 1.341646960229919174e-03
4.848556768504440340e-02 2.822905996635268790e-03 5.878775985716067727e-04 1.348355195031068635e-03
4.872799552346961799e-02 1.853475124563086886e-03 5.316565819003865254e-04 1.355096971006223856e-03
4.897163550108696306e-02 2.389657730235554643e-03 5.798296831169469281e-04 1.361872455861254860e-03
4.921649367859239066e-02 1.716905997289216394e-03 4.427905019025825178e-04 1.368681818140561005e-03
4.946257614698534866e-02 2.061078894982499611e-03 4.852603824858703406e-04 1.375525227231263591e-03
4.970988902772026374e-02 2.416796830780097629e-03 5.973367057419491080e-04 1.382402853367419721e-03
4.995843847285886402e-02 1.536355734061184983e-03 5.146085158197872232e-04 1.389314867634256758e-03
5.020823066522315387e-02 1.753059876571762829e-03 4.521797857649689691e-04 1.396261441972427826e-03
5.045927181854926308e-02 2.212302934123998397e-03 5.070231844062944885e-04 1.403242749182289847e-03
5.071156817764200381e-02 1.527398644964215622e-03 4.232248214948274977e-04 1.410258962928201106e-03
5.096512601853020463e-02 1.649095704461063430e-03 4.403598345372004429e-04 1.417310257742841794e-03
5.121995164862284955e-02 1.784096974642198317e-03 4.602551795899769674e-04 1.424396809031556023e-03
5.147605140686596636e-02 2.489373268047236770e-03 5.427994655111814193e-04 1.431518793076713789e-03
5.173343166390028530e-02 1.205019374600161102e-03 4.816333481270709273e-04 1.438676387042097000e-03
5.199209882221978579e-02 1.226920108767418950e-03 4.903868372371244545e-04 1.445869768977307412e-03
5.225205931633088163e-02 1.479555357313576966e-03 4.268111302790063635e-04 1.453099117822193856e-03
5.251331961291252903e-02 1.502349964635595623e-03 4.333932584369286117e-04 1.460364613411304626e-03
5.277588621097707711e-02 1.125500079381648155e-03 3.749090623035798687e-04 1.467666436478360899e-03
