1.442977229909739312e-02 5.739044898166807407e-01 3.742328405186859386e-02 4.012835029382323475e-04
1.450192116059288022e-02 5.262198971497114020e-01 3.363861169574212939e-02 4.032899204529234965e-04
1.457443076639584369e-02 5.259136768975964937e-01 3.448308719175014608e-02 4.053063700551880698e-04
1.464730292022782196e-02 5.262590365331297759e-01 3.357296249086761525e-02 4.073329019054639909e-04
1.472053943482895880e-02 5.310626500329400645e-01 3.367436401501869986e-02 4.093695664149912751e-04
1.479414213200310087e-02 4.805707516113431055e-01 3.077567226666177297e-02 4.114164142470661261e-04
1.486811284266311567e-02 4.057779512870378080e-01 2.838143646131060377e-02 4.134734963183014293e-04
1.494245340687642976e-02 4.272285418586131978e-01 2.876941960995237427e-02 4.155408637998929378e-04
1.501716567391080982e-02 3.973311192189202812e-01 2.724663520217521229e-02 4.176185681188923421e-04
1.509225150228036064e-02 3.975186899922539818e-01 2.658554533032491188e-02 4.197066609594866829e-04
1.516771275979176062e-02 3.513590156007649901e-01 2.469591648639123463e-02 4.218051942642840526e-04
1.524355132359071774e-02 3.733223993105926897e-01 2.556988908176463862e-02 4.239142202356054761e-04
1.531976908020867001e-02 3.679510823630530725e-01 2.495038315107148130e-02 4.260337913367834599e-04
1.539636792560971322e-02 3.671527410798545721e-01 2.563736808138365048e-02 4.281639602934673712e-04
1.547334976523776114e-02 3.318699301280116365e-01 2.327080630212406340e-02 4.303047800949346725e-04
1.555071651406394681e-02 3.189104377341155927e-01 2.235791759209391355e-02 4.324563039954092570e-04
1.562847009663426504e-02 3.134554947448206508e-01 2.201783305431481708e-02 4.346185855153862892e-04
1.570661244711743509e-02 3.037239674241936083e-01 2.195135485129435030e-02 4.367916784429631718e-04
1.578514550935301852e-02 2.791474325113300625e-01 2.051085494084048735e-02 4.389756368351778850e-04
1.586407123689978493e-02 2.813578394536647154e-01 2.061776468185131175e-02 4.411705150193537760e-04
1.594339159308428081e-02 2.774297320794067434e-01 2.014967145892746642e-02 4.433763675944504758e-04
1.602310855104970011e-02 2.837233795408272141e-01 1.999702745922869729e-02 4.455932494324226748e-04
1.610322409380494577e-02 2.374248962104712479e-01 1.804521922271580536e-02 4.478212156795847000e-04
1.618374021427396864e-02 2.224793763556788817e-01 1.757577442978310381e-02 4.500603217579825731e-04
1.626465891534533553e-02 2.320446269841945630e-01 1.753556231646473743e-02 4.523106233667724104e-04
1.634598220992206086e-02 2.184200470237397107e-01 1.669978739183814245e-02 4.545721764836062502e-04
1.642771212097167421e-02 2.089357117796403762e-01 1.611798158064731493e-02 4.568450373660243313e-04
1.650985068157653085e-02 2.248239617665340195e-01 1.683793587346064241e-02 4.591292625528544183e-04
1.659239993498441007e-02 1.772199372927029670e-01 1.465510275355883657e-02 4.614249088656186080e-04
1.667536193465932876e-02 1.777584862859079018e-01 1.423561980758038074e-02 4.637320334099465872e-04
1.675873874433262550e-02 1.763175626201565482e-01 1.448357182089639837e-02 4.660506935769963169e-04
1.684253243805428762e-02 1.551138693391347079e-01 1.302606046336784139e-02 4.683809470448812760e-04
1.692674510024455570e-02 1.774205487158745931e-01 1.373217113229385257e-02 4.707228517801056197e-04
1.701137882574577792e-02 1.538428476821346036e-01 1.256869867027370774e-02 4.730764660390061145e-04
1.709643571987450386e-02 1.261496914171746642e-01 1.125288975540871157e-02 4.754418483692010654e-04
1.718191789847387657e-02 1.352329833538981618e-01 1.182976442107305098e-02 4.778190576110471046e-04
1.726782748796624328e-02 1.175489724103201683e-01 1.105969127322327904e-02 4.802081528991022138e-04
1.735416662540607141e-02 1.320685344754212731e-01 1.149396260467336513e-02 4.826091936635976912e-04
1.744093745853309702e-02 1.075437045857649404e-01 1.004752759155093378e-02 4.850222396319155398e-04
1.752814214582576469e-02 1.106854719736957010e-01 1.092515523474767679e-02 4.874473508300751793e-04
1.761578285655489295e-02 1.046517213904561705e-01 9.571124784164965899e-03 4.898845875842255254e-04
1.770386177083766582e-02 9.986418435514290981e-02 9.373224183688690439e-03 4.923340105221466097e-04
1.779238107969184982e-02 8.549801158704670168e-02 8.925732275501951571e-03 4.947956805747571627e-04
1.788134298509030939e-02 7.961690641011087699e-02 8.194246525795832736e-03 4.972696589776309795e-04
1.797074970001575484e-02 7.555149507054664815e-02 8.207864287627576749e-03 4.997560072725190303e-04
1.806060344851583357e-02 7.515941238851160666e-02 7.862999213492913309e-03 5.022547873088815474e-04
1.815090646575841238e-02 6.521016605400924149e-02 7.647287553051522122e-03 5.047660612454259654e-04
1.824166099808720298e-02 7.254686992105988108e-02 7.746741037918790200e-03 5.072898915516531023e-04
1.833286930307763407e-02 6.664791657289380333e-02 7.373935860316963367e-03 5.098263410094112545e-04
1.842453364959302162e-02 6.248092514187984087e-02 6.804947375568842945e-03 5.123754727144582072e-04
1.851665631784098556e-02 5.271130281771057441e-02 6.244727908416667674e-03 5.149373500780305086e-04
1.860923959943018915e-02 6.455360162161453974e-02 6.831087039177377064e-03 5.175120368284206584e-04
1.870228579742733849e-02 5.682714667548579429e-02 6.383029984296570598e-03 5.200995970125626457e-04
1.879579722641447001e-02 5.711127409556833456e-02 6.221501071329035501e-03 5.227000949976252919e-04
1.888977621254653988e-02 4.574614289482184515e-02 5.539048415471003496e-03 5.253135954726134010e-04
1.898422509360927352e-02 5.021046443178982938e-02 5.828159285907398741e-03 5.279401634499764984e-04
1.907914621907731700e-02 4.312824695572391176e-02 5.301053929788790246e-03 5.305798642672263522e-04
1.917454195017270074e-02 3.910283859415902841e-02 4.999580681073454574e-03 5.332327635885623007e-04
1.927041465992356331e-02 4.460316405535172390e-02 5.362262402625754369e-03 5.358989274065051453e-04
1.936676673322317715e-02 4.351853854431154967e-02 5.232007140255874079e-03 5.385784220435375479e-04
1.946360056688929002e-02 3.164098294582991244e-02 4.340487189740948291e-03 5.412713141537551630e-04
1.956091856972373699e-02 3.338573661049139274e-02 4.496028669956404593e-03 5.439776707245239486e-04
1.965872316257235436e-02 3.326672357824817655e-02 4.439899629463661505e-03 5.466975590781464767e-04
1.975701677838521270e-02 3.032881992050302095e-02 4.200684108145348247e-03 5.494310468735371343e-04
1.985580186227713789e-02 2.809986323822501533e-02 3.969197616644399434e-03 5.521782021079048048e-04
1.995508087158852362e-02 2.564428136754897183e-02 3.818285455795478438e-03 5.549390931184443321e-04
2.005485627594646297e-02 3.279394954386198602e-02 4.159911292626943154e-03 5.577137885840364410e-04
2.015513055732619241e-02 2.852292491406593911e-02 3.950775615698969359e-03 5.605023575269565484e-04
2.025590621011282011e-02 2.298747643857403100e-02 3.461471127175605803e-03 5.633048693145912720e-04
2.035718574116338053e-02 2.601489566878562726e-02 3.932780795168012468e-03 5.661213936611641552e-04
2.045897166986919424e-02 3.079158232266762316e-02 4.004053049208745191e-03 5.689520006294698480e-04
2.056126652821854001e-02 2.438829964026466637e-02 3.479975505944830037e-03 5.717967606326171794e-04
2.066407286085962872e-02 2.317724376313554449e-02 3.341383743043678089e-03 5.746557444357801433e-04
2.076739322516392428e-02 2.160959946589221387e-02 3.217507464190858153e-03 5.775290231579589687e-04
2.087123019128974549e-02 2.362219824980956936e-02 3.336638138203043471e-03 5.804166682737488866e-04
2.097558634224619065e-02 2.974608432385009160e-02 3.742966153914643965e-03 5.833187516151174630e-04
2.108046427395741940e-02 2.569223218215434604e-02 3.428886836733940294e-03 5.862353453731929901e-04
2.118586659532720531e-02 2.563811335432968422e-02 3.391420366623494175e-03 5.891665221000589496e-04
2.129179592830383883e-02 2.986948461256335938e-02 3.617389682455030356e-03 5.921123547105592091e-04
2.139825490794535628e-02 2.392121721325716349e-02 3.327814704611529832e-03 5.950729164841118924e-04
2.150524618248508130e-02 2.416029335323179039e-02 3.224056509922108762e-03 5.980482810665324655e-04
2.161277241339750604e-02 2.366099948144936849e-02 3.322145700489692599e-03 6.010385224718650622e-04
2.172083627546448834e-02 2.275561616079866192e-02 3.063853824472858103e-03 6.040437150842242189e-04
2.182944045684180601e-02 2.687526391926826907e-02 3.303130053586469939e-03 6.070639336596452820e-04
2.193858765912601316e-02 2.291126911084027593e-02 3.003708239865333657e-03 6.100992533279433810e-04
2.204828059742164337e-02 3.098260083622473085e-02 3.436969430139557441e-03 6.131497495945831353e-04
2.215852200040874936e-02 2.938219676463684621e-02 3.422580590872208520e-03 6.162154983425559502e-04
2.226931461041078975e-02 2.428959615340300221e-02 3.031017970760599509e-03 6.192965758342686968e-04
2.238066118346284175e-02 2.403278047970755157e-02 3.210277085569752768e-03 6.223930587134399823e-04
2.249256448938015407e-02 2.589050749681565816e-02 3.067114170253539256e-03 6.255050240070071524e-04
2.260502731182705005e-02 2.118661377434598661e-02 2.730060854770594882e-03 6.286325491270420771e-04
2.271805244838618482e-02 2.700094665078515976e-02 3.258030079111451198e-03 6.317757118726772354e-04
2.283164271062811460e-02 2.705761112895450210e-02 3.057664908353846002e-03 6.349345904320405831e-04
2.294580092418125120e-02 2.682276808980605873e-02 3.011745211789148852e-03 6.381092633842007193e-04
2.306052992880215646e-02 2.432993287256675005e-02 2.861349834718964966e-03 6.412998097011215950e-04
2.317583257844616634e-02 3.094064905247916747e-02 3.184534039002311079e-03 6.445063087496271954e-04
2.329171174133839312e-02 2.845857009616079361e-02 3.170931374576945946e-03 6.477288402933752218e-04
2.340817030004507804e-02 2.808172881701165996e-02 3.049470663196337129e-03 6.509674844948419407e-04
2.352521115154530135e-02 2.917676239616713574e-02 3.035013856044027365e-03 6.542223219173160312e-04
2.364283720730302879e-02 2.432261033417893251e-02 2.730234568960055938e-03 6.574934335269027328e-04
2.376105139333953981e-02 2.318034724642920735e-02 2.775183538371108621e-03 6.607809006945371006e-04
2.387985665030623386e-02 2.878794269381947102e-02 2.971502245340743378e-03 6.640848051980096202e-04
2.399925593355776293e-02 2.555322478184229168e-02 2.764891391210552458e-03 6.674052292239996288e-04
2.411925221322554908e-02 2.837215714009859793e-02 2.888630996827532080e-03 6.707422553701195781e-04
2.423984847429167672e-02 2.640207541162040150e-02 2.833976644323025259e-03 6.740959666469701402e-04
2.436104771666313187e-02 2.989506344925177070e-02 2.938389901480000475e-03 6.774664464802049616e-04
2.448285295524644731e-02 2.403124457925379445e-02 2.762015086126217746e-03 6.808537787126059350e-04
2.460526722002267380e-02 2.461208408362633437e-02 2.663153555029452654e-03 6.842580476061688784e-04
2.472829355612278512e-02 2.763324426194196937e-02 2.890271369028026699e-03 6.876793378441996242e-04
2.485193502390339870e-02 2.307005424256921428e-02 2.605761213920010453e-03 6.911177345334206228e-04
2.497619469902290917e-02 2.869684721281722320e-02 2.729252234373365921e-03 6.945733232060875232e-04
2.510107567251802091e-02 1.827208084716262781e-02 2.147802459066230213e-03 6.980461898221178947e-04
2.522658105088061015e-02 2.835880556912925496e-02 2.729404508135675842e-03 7.015364207712284066e-04
2.535271395613501039e-02 2.427935647763189778e-02 2.471528128061977869e-03 7.050441028750844760e-04
2.547947752591567944e-02 2.007818061443490676e-02 2.198154402825551901e-03 7.085693233894597813e-04
2.560687491354525849e-02 1.736304857747714495e-02 2.041037099613799300e-03 7.121121700064070520e-04
2.573490928811298165e-02 2.061519542637911886e-02 2.264860165631099164e-03 7.156727308564390499e-04
2.586358383455354334e-02 1.726191958877288865e-02 2.001644148800558586e-03 7.192510945107211508e-04
2.599290175372630934e-02 1.969205771777493910e-02 2.130651000033949739e-03 7.228473499832746606e-04
2.612286626249493704e-02 1.625129057139254596e-02 1.988409421141313239e-03 7.264615867331909727e-04
2.625348059380740867e-02 2.014817755833110333e-02 2.130517680538276948e-03 7.300938946668567844e-04
2.638474799677644617e-02 2.111718309329813775e-02 2.215516267010532014e-03 7.337443641401911317e-04
2.651667173676032496e-02 1.824331318519226489e-02 2.081714123741247851e-03 7.374130859608919644e-04
2.664925509544412152e-02 1.338640653914898240e-02 1.738860681186421564e-03 7.411001513906962735e-04
2.678250137092134248e-02 1.627882715957481782e-02 1.914449917641154828e-03 7.448056521476497608e-04
2.691641387777594235e-02 1.351605461505848461e-02 1.818811738434280125e-03 7.485296804083878914e-04
2.705099594716482009e-02 1.148469649308292949e-02 1.637467994718853166e-03 7.522723288104297404e-04
2.718625092690064166e-02 1.408116381308859369e-02 1.836124613265911754e-03 7.560336904544818137e-04
2.732218218153514150e-02 1.335114219732316115e-02 1.652485719991668260e-03 7.598138589067541214e-04
2.745879309244281599e-02 1.298896650564511021e-02 1.607834631470815350e-03 7.636129282012878508e-04
2.759608705790502631e-02 1.047959119400576622e-02 1.501077563229224945e-03 7.674309928422942077e-04
2.773406749319454884e-02 1.013873920455755050e-02 1.416957897140489874e-03 7.712681478065056169e-04
2.787273783066051419e-02 9.475238588545932886e-03 1.401091094142374160e-03 7.751244885455379824e-04
2.801210151981381458e-02 1.435344433646855607e-02 1.676879836763236434e-03 7.790001109882655232e-04
2.815216202741288587e-02 8.279904669272407716e-03 1.260490446749525572e-03 7.828951115432069945e-04
2.829292283754994419e-02 8.570315057277658535e-03 1.289918047901548754e-03 7.868095871009228581e-04
2.843438745173769086e-02 6.885126371187141013e-03 1.221401325129373725e-03 7.907436350364273076e-04
2.857655938899637815e-02 7.660562106698196386e-03 1.209408796974716831e-03 7.946973532116093997e-04
2.871944218594135734e-02 6.024411422308942506e-03 1.063378904442076377e-03 7.986708399776674136e-04
2.886303939687106038e-02 7.801531287654994880e-03 1.216647595105579569e-03 8.026641941775556786e-04
2.900735459385541531e-02 8.948778760181758801e-03 1.289854498347167569e-03 8.066775151484434359e-04
2.915239136682468840e-02 5.899848170202198760e-03 1.135017906181648916e-03 8.107109027241855186e-04
2.929815332365880848e-02 5.442728546825818976e-03 9.924154329883070648e-04 8.147644572378063676e-04
2.944464409027709728e-02 5.132459357783600296e-03 9.687018674721090995e-04 8.188382795239952140e-04
2.959186731072847854e-02 7.022973118372717073e-03 1.123201744137541837e-03 8.229324709216151402e-04
2.973982664728212072e-02 7.420946383032567782e-03 1.143691974740961188e-03 8.270471332762231991e-04
2.988852578051852740e-02 5.339510566041140611e-03 9.736897614290809409e-04 8.311823689426041948e-04
3.003796840942111676e-02 3.438578786262174586e-03 9.625512432019034609e-04 8.353382807873171480e-04
3.018815825146821744e-02 5.364103913619903963e-03 9.623177142060407394e-04 8.395149721912535798e-04
3.033909904272555358e-02 6.066793796491178579e-03 1.108623745543779260e-03 8.437125470522096726e-04
3.049079453793918093e-02 5.756903970908821937e-03 1.000997917239214267e-03 8.479311097874706830e-04
3.064324851062887045e-02 6.350926830770687280e-03 1.124271803281684697e-03 8.521707653364079312e-04
3.079646475318201237e-02 6.468241941838621424e-03 1.191315548278894590e-03 8.564316191630898852e-04
3.095044707694791924e-02 5.638805271537850571e-03 9.804312920292075975e-04 8.607137772589052794e-04
3.110519931233265631e-02 6.500669804348691537e-03 1.102859068338370207e-03 8.650173461451996773e-04
3.126072530889431600e-02 6.669983871575673601e-03 1.115617981306874906e-03 8.693424328759255873e-04
3.141702893543878161e-02 4.316729844914508202e-03 8.454868513141968736e-04 8.736891450403050461e-04
3.157411408011597670e-02 5.635561998885164556e-03 9.652931379795390244e-04 8.780575907655066223e-04
3.173198465051654815e-02 5.162919723926026085e-03 9.261058504732183096e-04 8.824478787193339125e-04
3.189064457376912520e-02 6.434846651526516040e-03 1.029078308598887223e-03 8.868601181129304092e-04
3.205009779663797742e-02 7.769236076591436863e-03 1.131735883166204697e-03 8.912944187034952098e-04
3.221034828562116537e-02 5.186578763898739251e-03 9.302803738853582379e-04 8.957508907970127129e-04
3.237140002704926023e-02 7.684007057454090607e-03 1.143908015250024888e-03 9.002296452509974930e-04
3.253325702718450757e-02 5.634417922142436266e-03 1.050079809308089064e-03 9.047307934772525102e-04
3.269592331232042820e-02 5.202046439894248732e-03 9.818189354032676175e-04 9.092544474446387056e-04
3.285940292888202274e-02 5.397222111620254836e-03 1.062046018667563672e-03 9.138007196818616167e-04
3.302369994352642724e-02 5.534910391395145984e-03 1.084561283671720174e-03 9.183697232802707881e-04
3.318881844324406138e-02 6.873259507801139298e-03 1.085196824778094640e-03 9.229615718966721919e-04
3.335476253546027642e-02 6.849116848738777755e-03 1.081306407434942749e-03 9.275763797561553930e-04
3.352153634813757888e-02 9.431757279031132216e-03 1.258360534473256052e-03 9.322142616549362187e-04
3.368914402987825685e-02 9.774030300206201435e-03 1.333443285864748017e-03 9.368753329632105963e-04
3.385758975002764459e-02 6.540955681821046010e-03 1.032487186211272865e-03 9.415597096280266037e-04
3.402687769877778268e-02 9.272154366508958065e-03 1.226046506884905960e-03 9.462675081761667134e-04
3.419701208727166097e-02 9.126319310656326109e-03 1.206681011573858438e-03 9.509988457170472738e-04
3.436799714770802372e-02 8.403733991431520250e-03 1.152284980609371429e-03 9.557538399456326278e-04
3.453983713344655621e-02 6.552307203545384810e-03 1.009209789805830390e-03 9.605326091453606158e-04
3.471253631911378618e-02 1.057016757396756976e-02 1.261066131294843844e-03 9.653352721910872687e-04
3.488609900070935299e-02 7.970214232341893759e-03 1.092716243459838314e-03 9.701619485520426682e-04
3.506052949571289434e-02 6.757575825627235022e-03 9.944251341175464488e-04 9.750127582948027449e-04
3.523583214319145340e-02 6.502731284536382612e-03 9.784262525044499798e-04 9.798878220862766893e-04
3.541201130390740637e-02 6.593917750078373899e-03 9.810593622466088487e-04 9.847872611967079144e-04
3.558907136042693820e-02 6.755855814736162063e-03 9.835260366255732089e-04 9.897111975026911743e-04
3.576701671722907344e-02 7.632791288628031946e-03 1.046398733108460039e-03 9.946597534902046431e-04
3.594585180081521364e-02 6.682707579334756787e-03 9.728841307713972150e-04 9.996330522576556566e-04
3.612558105981928530e-02 7.203543466355120072e-03 1.016769229302629885e-03 1.004631217518943799e-03
3.630620896511838058e-02 6.711213740924022383e-03 9.668168166934737072e-04 1.009654373606538522e-03
3.648774000994396693e-02 6.336364905411964732e-03 9.324552459299905675e-04 1.014702645474571067e-03
3.667017870999368656e-02 4.788720958573015885e-03 9.018852552163537494e-04 1.019776158701943746e-03
3.685352960354364854e-02 6.322515107736405640e-03 9.304718712582615977e-04 1.024875039495453310e-03
3.703779725156136626e-02 4.109579433352827070e-03 7.489172112724253212e-04 1.029999414692930578e-03
3.722298623781916671e-02 4.061820219492587140e-03 8.109214308348074293e-04 1.035149411766395034e-03
3.740910116900825200e-02 5.011857011345786060e-03 8.224828804234025079e-04 1.040325158825226772e-03
3.759614667485329520e-02 4.504217202269437774e-03 8.364392372402780062e-04 1.045526784619352960e-03
3.778412740822754967e-02 4.320343991174550348e-03 7.508018800656814052e-04 1.050754418542449494e-03
3.797304804526868693e-02 3.569437592588049768e-03 7.971054012770815425e-04 1.056008190635161726e-03
3.816291328549503009e-02 4.339758519688758157e-03 7.950558089344912475e-04 1.061288231588337341e-03
3.835372785192249501e-02 4.691524982297315405e-03 7.807457552533843617e-04 1.066594672746278743e-03
3.854549649118210741e-02 3.593612287165047318e-03 6.781325871416980181e-04 1.071927646110010192e-03
3.873822397363801268e-02 3.569262353503169574e-03 6.735719054894457724e-04 1.077287284340560118e-03
3.893191509350620028e-02 2.295734934931295806e-03 5.403753118299323751e-04 1.082673720762262950e-03
3.912657466897372788e-02 3.327532282608244331e-03 6.958477176862930789e-04 1.088087089366074171e-03
3.932220754231859072e-02 2.742628982173626277e-03 5.840083004081761007e-04 1.093527524812904243e-03
3.951881858003018083e-02 2.319512764875644728e-03 5.314755195115056490e-04 1.098995162436968787e-03
3.971641267293032906e-02 1.998450396985835403e-03 4.990287804563944916e-04 1.104490138249153517e-03
3.991499473629497863e-02 3.112354082392152031e-03 6.217529867232815793e-04 1.110012588940399118e-03
4.011456970997644145e-02 1.351076178723226856e-03 4.069143491655906743e-04 1.115562651885100868e-03
4.031514255852632067e-02 2.314734175609158007e-03 5.304636413337106456e-04 1.121140465144526265e-03
4.051671827131894665e-02 2.298006328784728183e-03 5.266340367350974940e-04 1.126746167470248691e-03
4.071930186267554153e-02 1.566758210834844718e-03 4.340921226994474622e-04 1.132379898307599945e-03
4.092289837198891111e-02 2.523794422806638002e-03 6.238327428353891745e-04 1.138041797799137743e-03
4.112751286384885852e-02 2.968556985548723159e-03 5.931125323699315815e-04 1.143732006788133592e-03
4.133315042816809726e-02 3.414986310901707220e-03 7.459380835260533962e-04 1.149450666822074115e-03
4.153981618030892775e-02 1.661662388132586999e-03 4.436520636963836714e-04 1.155197920156184272e-03
4.174751526121046885e-02 2.324891150095149354e-03 5.193399193066133195e-04 1.160973909756964897e-03
4.195625283751651391e-02 2.479018957681617535e-03 5.404235679162212652e-04 1.166778779305749532e-03
4.216603410170409461e-02 1.394758350626799795e-03 4.022152215769884574e-04 1.172612673202278388e-03
4.237686427221261376e-02 1.675221408632234345e-03 5.759357778053208771e-04 1.178475736568289660e-03
4.258874859357367204e-02 2.570801827427292210e-03 5.475169559952349678e-04 1.184368115251131000e-03
4.280169233654153305e-02 2.563027546883860520e-03 5.458488577364939550e-04 1.190289955827386397e-03
4.301570079822424064e-02 2.786241754365073511e-03 5.681210144923787503e-04 1.196241405606523426e-03
4.323077930221535387e-02 2.227024580753650656e-03 5.565547205450578757e-04 1.202222612634555685e-03
4.344693319872642429e-02 2.742750870951979336e-03 5.592135529655498961e-04 1.208233725697728436e-03
4.366416786472004929e-02 2.743121892208433277e-03 5.592688199275041737e-04 1.214274894326216811e-03
4.388248870404365398e-02 2.365513542452757269e-03 5.155588091657688395e-04 1.220346268797848103e-03
4.410190114756386282e-02 4.120558939800471679e-03 6.859102643831859955e-04 1.226448000141837054e-03
4.432241065330168317e-02 3.499548094536403774e-03 6.277080939653818499e-04 1.232580240142546303e-03
4.454402270656818152e-02 2.864230458454246515e-03 6.370527656461567574e-04 1.238743141343258761e-03
4.476674282010102007e-02 2.356072695168518524e-03 6.104287323488490893e-04 1.244936857049974916e-03
4.499057653420152070e-02 3.668132713724715343e-03 6.475465962206566504e-04 1.251161541335224676e-03
4.521552941687251997e-02 3.114084365108073151e-03 6.376014290197970199e-04 1.257417349041900457e-03
4.544160706395687643e-02 3.172203498711156748e-03 5.986405384931135993e-04 1.263704435787109783e-03
4.566881509927665783e-02 2.433313907577344323e-03 6.012294170916380283e-04 1.270022957966045240e-03
4.589715917477303619e-02 3.200156565735925128e-03 7.147711658867297044e-04 1.276373072755875460e-03
4.612664497064689756e-02 2.993259177399113478e-03 5.978372684528275019e-04 1.282754938119654757e-03
4.635727819550012480e-02 2.975682139678720740e-03 6.065820913754836098e-04 1.289168712810252705e-03
4.658906458647761595e-02 1.642815901958475950e-03 4.550119613875698793e-04 1.295614556374303670e-03
4.682200990941000340e-02 2.669923765110049363e-03 5.684376908679393331e-04 1.302092629156175211e-03
4.705611995895704613e-02 3.256515274832181509e-03 6.145673022222564435e-04 1.308603092301955989e-03
4.729140055875183379e-02 3.032721549300521242e-03 5.939316574185950562e-04 1.315146107763465796e-03
4.752785756154558061e-02 3.270626283155831249e-03 6.172211136317471781e-04 1.321721838302282719e-03
4.776549684935330747e-02 2.348310409951657844e-03 5.243597791259602126e-04 1.328330447493794152e-03
4.800432433360006523e-02 3.335704638847497138e-03 6.693557831362263906e-04 1.334972099731262987e-03
4.824434595526806702e-02 2.511374553583552941e-03 5.473338496330643153e-04 1.341646960229919174e-03
4.848556768504440340e-02 2.379905978365153517e-03 5.947051294401166713e-04 1.348355195031068635e-03
4.872799552346961799e-02 2.165356962590488446e-03 5.097696522649069941e-04 1.355096971006223856e-03
4.897163550108696306e-02 1.756255704639532456e-03 4.529214063971377397e-04 1.361872455861254860e-03
4.921649367859239066e-02 9.152940185421992248e-04 3.232219355145018037e-04 1.368681818140561005e-03
4.946257614698534866e-02 1.831188484114074436e-03 4.572877100395996678e-04 1.375525227231263591e-03
4.970988902772026374e-02 1.610422532493163954e-03 4.299245969848962358e-04 1.382402853367419721e-03
4.995843847285886402e-02 1.417595935805341864e-03 4.087795822596599314e-04 1.389314867634256758e-03
5.020823066522315387e-02 1.168144169209948003e-03 3.690255774864887890e-04 1.396261441972427826e-03
5.045927181854926308e-02 1.280190600769101628e-03 3.856011449261581071e-04 1.403242749182289847e-03
5.071156817764200381e-02 1.526734823486023155e-03 4.230310187136406995e-04 1.410258962928201106e-03
5.096512601853020463e-02 1.883773842570830859e-03 4.705379198684068532e-04 1.417310257742841794e-03
5.121995164862284955e-02 1.664355854879615189e-03 4.444347692860901866e-04 1.424396809031556023e-03
5.147605140686596636e-02 1.421971693474422373e-03 4.101430462436634868e-04 1.431518793076713789e-03
5.173343166390028530e-02 9.635515877371623149e-04 3.404023163901062372e-04 1.438676387042097000e-03
5.199209882221978579e-02 1.471595615491782779e-03 4.244830874634559874e-04 1.445869768977307412e-03
5.225205931633088163e-02 1.109121409113220536e-03 4.769726066773638225e-04 1.453099117822193856e-03
5.251331961291252903e-02 1.877033738360307531e-03 4.843152151636606248e-04 1.460364613411304626e-03
5.277588621097707711e-02 -7.499723042809521142e-05 3.862109505808551907e-04 1.467666436478360899e-03
