1.442977229909739312e-02 5.052004156853616701e-01 3.481028627902650607e-02 4.012835029382323475e-04
1.450192116059288022e-02 5.265592447948147514e-01 3.398964174627118473e-02 4.032899204529234965e-04
1.457443076639584369e-02 5.458224390881235566e-01 3.518480052230790744e-02 4.053063700551880698e-04
1.464730292022782196e-02 5.105911096627405721e-01 3.312062181384968496e-02 4.073329019054639909e-04
1.472053943482895880e-02 5.046800298564010356e-01 3.287788959923157450e-02 4.093695664149912751e-04
1.479414213200310087e-02 4.451365134417451519e-01 2.931266197549739147e-02 4.114164142470661261e-04
1.486811284266311567e-02 4.531615776122853156e-01 3.043610494212696874e-02 4.134734963183014293e-04
1.494245340687642976e-02 4.109483061205386756e-01 2.866039633420020341e-02 4.155408637998929378e-04
1.501716567391080982e-02 4.022436399950439223e-01 2.708550143290907458e-02 4.176185681188923421e-04
1.509225150228036064e-02 4.264228835974798737e-01 2.781879586793806203e-02 4.197066609594866829e-04
1.516771275979176062e-02 3.314111912139628413e-01 2.402182065799535887e-02 4.218051942642840526e-04
1.524355132359071774e-02 3.518225796762129987e-01 2.465776477927351940e-02 4.239142202356054761e-04
1.531976908020867001e-02 3.708050643769068011e-01 2.543036400732019697e-02 4.260337913367834599e-04
1.539636792560971322e-02 4.090268207921068377e-01 2.647953791198606743e-02 4.281639602934673712e-04
1.547334976523776114e-02 3.658653415128841901e-01 2.447193496173219462e-02 4.303047800949346725e-04
1.555071651406394681e-02 2.945664579133107641e-01 2.186512862003229044e-02 4.324563039954092570e-04
1.562847009663426504e-02 2.816734607855169714e-01 2.069562411987633035e-02 4.346185855153862892e-04
1.570661244711743509e-02 2.922351125497558710e-01 2.124299963340543773e-02 4.367916784429631718e-04
1.578514550935301852e-02 2.876275111353382985e-01 2.085253700452640094e-02 4.389756368351778850e-04
1.586407123689978493e-02 2.562999835763317136e-01 1.970875974871801398e-02 4.411705150193537760e-04
1.594339159308428081e-02 2.632516453274653667e-01 1.944942978762378635e-02 4.433763675944504758e-04
1.602310855104970011e-02 2.604129589482872542e-01 1.918768906343991387e-02 4.455932494324226748e-04
1.610322409380494577e-02 2.414899933095757678e-01 1.844348300955293840e-02 4.478212156795847000e-04
1.618374021427396864e-02 2.353453929293539693e-01 1.778460702950927091e-02 4.500603217579825731e-04
1.626465891534533553e-02 2.314299841419723558e-01 1.753959303555269189e-02 4.523106233667724104e-04
1.634598220992206086e-02 2.178121737925114709e-01 1.670250241173497699e-02 4.545721764836062502e-04
1.642771212097167421e-02 2.158619336887696860e-01 1.640849362300960887e-02 4.568450373660243313e-04
1.650985068157653085e-02 2.112295420062640650e-01 1.627878184847252746e-02 4.591292625528544183e-04
1.659239993498441007e-02 2.010967861886920338e-01 1.542230624298167492e-02 4.614249088656186080e-04
1.667536193465932876e-02 2.024690326487013081e-01 1.521661160648788043e-02 4.637320334099465872e-04
1.675873874433262550e-02 1.621476195278643284e-01 1.412903828501060888e-02 4.660506935769963169e-04
1.684253243805428762e-02 1.379410964189862476e-01 1.259475288010998908e-02 4.683809470448812760e-04
1.692674510024455570e-02 1.773305563869688739e-01 1.392189969676506031e-02 4.707228517801056197e-04
1.701137882574577792e-02 1.319508139626288379e-01 1.184702440103906074e-02 4.730764660390061145e-04
1.709643571987450386e-02 1.502327052606945712e-01 1.247048427933341620e-02 4.754418483692010654e-04
1.718191789847387657e-02 1.256367218884472947e-01 1.161566654742588432e-02 4.778190576110471046e-04
1.726782748796624328e-02 1.276401917454125512e-01 1.134171707081133365e-02 4.802081528991022138e-04
1.735416662540607141e-02 1.223039307923547286e-01 1.091176229726752503e-02 4.826091936635976912e-04
1.744093745853309702e-02 1.296442126600268197e-01 1.152264773353000454e-02 4.850222396319155398e-04
1.752814214582576469e-02 1.012058570766716098e-01 9.948233419259603499e-03 4.874473508300751793e-04
1.761578285655489295e-02 9.880178868937468384e-02 9.314248925013875191e-03 4.898845875842255254e-04
1.770386177083766582e-02 8.687631423710559520e-02 8.756089465549806924e-03 4.923340105221466097e-04
1.779238107969184982e-02 9.018506605253798214e-02 8.909984155504663966e-03 4.947956805747571627e-04
1.788134298509030939e-02 9.685914920962594710e-02 9.052179995802244958e-03 4.972696589776309795e-04
1.797074970001575484e-02 8.336559554121557303e-02 8.361092248227093918e-03 4.997560072725190303e-04
1.806060344851583357e-02 8.318170330434271342e-02 8.454773290124876009e-03 5.022547873088815474e-04
1.815090646575841238e-02 8.386438881505951792e-02 8.369962290483290088e-03 5.047660612454259654e-04
1.824166099808720298e-02 8.138062927376193967e-02 7.964728285542446370e-03 5.072898915516531023e-04
1.833286930307763407e-02 7.223521534290863744e-02 7.436592463385660254e-03 5.098263410094112545e-04
1.842453364959302162e-02 7.536015725615911875e-02 7.485109696675716455e-03 5.123754727144582072e-04
1.851665631784098556e-02 4.691774529116243125e-02 5.900732518856958812e-03 5.149373500780305086e-04
1.860923959943018915e-02 7.275903704050576404e-02 7.263553459108723111e-03 5.175120368284206584e-04
1.870228579742733849e-02 5.772653725070236302e-02 6.680586253283447677e-03 5.200995970125626457e-04
1.879579722641447001e-02 5.756211826972809642e-02 6.408052243567688606e-03 5.227000949976252919e-04
1.888977621254653988e-02 4.993782334938844797e-02 6.026673968564057703e-03 5.253135954726134010e-04
1.898422509360927352e-02 5.513156851893775273e-02 6.116605275416759496e-03 5.279401634499764984e-04
1.907914621907731700e-02 5.309533231637252743e-02 5.890953248955578363e-03 5.305798642672263522e-04
1.917454195017270074e-02 3.986769597227747541e-02 5.056102848322667140e-03 5.332327635885623007e-04
1.927041465992356331e-02 4.020321031372586090e-02 5.098839969180830184e-03 5.358989274065051453e-04
1.936676673322317715e-02 4.555253747078722576e-02 5.361216925001741247e-03 5.385784220435375479e-04
1.946360056688929002e-02 3.772745937801357669e-02 4.746989369804395509e-03 5.412713141537551630e-04
1.956091856972373699e-02 3.105413669839473395e-02 4.591309180071040559e-03 5.439776707245239486e-04
1.965872316257235436e-02 3.694583190782520926e-02 4.686264568699811082e-03 5.466975590781464767e-04
1.975701677838521270e-02 3.393377718857937264e-02 4.450248957865882496e-03 5.494310468735371343e-04
1.985580186227713789e-02 2.931488956551194999e-02 4.060417086667237815e-03 5.521782021079048048e-04
1.995508087158852362e-02 2.972582638165937458e-02 4.117333424659264281e-03 5.549390931184443321e-04
2.005485627594646297e-02 1.963168351375860210e-02 3.223603931349939243e-03 5.577137885840364410e-04
2.015513055732619241e-02 2.806148854193350750e-02 3.924791212877355023e-03 5.605023575269565484e-04
2.025590621011282011e-02 3.039612010890300683e-02 3.986576645023150699e-03 5.633048693145912720e-04
2.035718574116338053e-02 2.077028106501920685e-02 3.568423064187786851e-03 5.661213936611641552e-04
2.045897166986919424e-02 3.298164747992100160e-02 4.150456810835624621e-03 5.689520006294698480e-04
2.056126652821854001e-02 2.895777238293690756e-02 3.797903581080640245e-03 5.717967606326171794e-04
2.066407286085962872e-02 3.051474704942177402e-02 3.839956549963475206e-03 5.746557444357801433e-04
2.076739322516392428e-02 2.745746217225458058e-02 3.818875538023186120e-03 5.775290231579589687e-04
2.087123019128974549e-02 1.677673208033159460e-02 3.398864462970799423e-03 5.804166682737488866e-04
2.097558634224619065e-02 1.941891094023242073e-02 3.028929721304289818e-03 5.833187516151174630e-04
2.108046427395741940e-02 2.439166196206550910e-02 3.346176110508632378e-03 5.862353453731929901e-04
2.118586659532720531e-02 2.210858045099207275e-02 3.154240940698565913e-03 5.891665221000589496e-04
2.129179592830383883e-02 2.687824873768349804e-02 3.436827740656487034e-03 5.921123547105592091e-04
2.139825490794535628e-02 2.598785946685428644e-02 3.350477346274089840e-03 5.950729164841118924e-04
2.150524618248508130e-02 2.311038556511993761e-02 3.278844018402473064e-03 5.980482810665324655e-04
2.161277241339750604e-02 3.136375746047583707e-02 3.640745406744480030e-03 6.010385224718650622e-04
2.172083627546448834e-02 2.780671131602639734e-02 3.392145535395652348e-03 6.040437150842242189e-04
2.182944045684180601e-02 2.981853668036198168e-02 3.484723870387640334e-03 6.070639336596452820e-04
2.193858765912601316e-02 3.368150416923261503e-02 3.647580391261676363e-03 6.100992533279433810e-04
2.204828059742164337e-02 2.685855544303603418e-02 3.205043348712130653e-03 6.131497495945831353e-04
2.215852200040874936e-02 2.703638384514988127e-02 3.203269474115259547e-03 6.162154983425559502e-04
2.226931461041078975e-02 2.969576989952007334e-02 3.356615345624048338e-03 6.192965758342686968e-04
2.238066118346284175e-02 2.776049560163193833e-02 3.178749548085418441e-03 6.223930587134399823e-04
2.249256448938015407e-02 3.036071989169976046e-02 3.326531198592489434e-03 6.255050240070071524e-04
2.260502731182705005e-02 2.869109186723992760e-02 3.181932887623453634e-03 6.286325491270420771e-04
2.271805244838618482e-02 2.239579207377863021e-02 2.922133169747807326e-03 6.317757118726772354e-04
2.283164271062811460e-02 2.470618952626985748e-02 2.926334131010756550e-03 6.349345904320405831e-04
2.294580092418125120e-02 2.179758735921611887e-02 2.719233455431240183e-03 6.381092633842007193e-04
2.306052992880215646e-02 2.691415037962920781e-02 3.092115378873416028e-03 6.412998097011215950e-04
2.317583257844616634e-02 3.334851573796405316e-02 3.311275617766645373e-03 6.445063087496271954e-04
2.329171174133839312e-02 2.763682956753289038e-02 2.991164203488089375e-03 6.477288402933752218e-04
2.340817030004507804e-02 3.218434743129284376e-02 3.195400196732466405e-03 6.509674844948419407e-04
2.352521115154530135e-02 2.322336317847731313e-02 2.711942861750179633e-03 6.542223219173160312e-04
2.364283720730302879e-02 2.717775602533932522e-02 2.890530523516896596e-03 6.574934335269027328e-04
2.376105139333953981e-02 2.852350408143446495e-02 2.966863522763971573e-03 6.607809006945371006e-04
2.387985665030623386e-02 2.757314972743273723e-02 3.030826739641167677e-03 6.640848051980096202e-04
2.399925593355776293e-02 2.683930578275582277e-02 2.932133467431415584e-03 6.674052292239996288e-04
2.411925221322554908e-02 2.697823599297671793e-02 2.821165318014491087e-03 6.707422553701195781e-04
2.423984847429167672e-02 2.648438679820591668e-02 2.754412341060587244e-03 6.740959666469701402e-04
2.436104771666313187e-02 2.707677657082158129e-02 2.800812465716472077e-03 6.774664464802049616e-04
2.448285295524644731e-02 2.770485616905947468e-02 2.806145420339228175e-03 6.808537787126059350e-04
2.460526722002267380e-02 2.497885332890951993e-02 2.687101938623040736e-03 6.842580476061688784e-04
2.472829355612278512e-02 2.113984078295318148e-02 2.606696734411297761e-03 6.876793378441996242e-04
2.485193502390339870e-02 2.254663372245818004e-02 2.580043562742047585e-03 6.911177345334206228e-04
2.497619469902290917e-02 2.486069565466243400e-02 2.544245916889780780e-03 6.945733232060875232e-04
2.510107567251802091e-02 1.792172994482444520e-02 2.192465611650699052e-03 6.980461898221178947e-04
2.522658105088061015e-02 1.966280235339239180e-02 2.234916144037502397e-03 7.015364207712284066e-04
2.535271395613501039e-02 2.207176958573952089e-02 2.360159862679319168e-03 7.050441028750844760e-04
2.547947752591567944e-02 2.717790929616728871e-02 2.561414938877098167e-03 7.085693233894597813e-04
2.560687491354525849e-02 2.244865525304016660e-02 2.497312499171884612e-03 7.121121700064070520e-04
2.573490928811298165e-02 1.986569216362795223e-02 2.175027149949311164e-03 7.156727308564390499e-04
2.586358383455354334e-02 2.269764826667569971e-02 2.298839500437214241e-03 7.192510945107211508e-04
2.599290175372630934e-02 1.649995753732606124e-02 1.953367924165194582e-03 7.228473499832746606e-04
2.612286626249493704e-02 2.023863204025844881e-02 2.281610234662921795e-03 7.264615867331909727e-04
2.625348059380740867e-02 1.748591029071120198e-02 2.063863324171242349e-03 7.300938946668567844e-04
2.638474799677644617e-02 1.458583522636976680e-02 1.886280982174220588e-03 7.337443641401911317e-04
2.651667173676032496e-02 1.593363892005443191e-02 1.899970502241662713e-03 7.374130859608919644e-04
2.664925509544412152e-02 1.593168813800527328e-02 1.899938598619550301e-03 7.411001513906962735e-04
2.678250137092134248e-02 1.723649128651720888e-02 1.973025811870937445e-03 7.448056521476497608e-04
2.691641387777594235e-02 1.257224075238120610e-02 1.756891735898897166e-03 7.485296804083878914e-04
2.705099594716482009e-02 1.622274311411800798e-02 2.032156632562095826e-03 7.522723288104297404e-04
2.718625092690064166e-02 1.487967817243535627e-02 1.762232379736883509e-03 7.560336904544818137e-04
2.732218218153514150e-02 1.298058492966616510e-02 1.631929954744096561e-03 7.598138589067541214e-04
2.745879309244281599e-02 1.102492611601678732e-02 1.483603329369639423e-03 7.636129282012878508e-04
2.759608705790502631e-02 9.629573244571493912e-03 1.387148193174222869e-03 7.674309928422942077e-04
2.773406749319454884e-02 1.655173887750646319e-02 1.813270827174276846e-03 7.712681478065056169e-04
2.787273783066051419e-02 1.192898068017626129e-02 1.512142333352341130e-03 7.751244885455379824e-04
2.801210151981381458e-02 1.124271159003312030e-02 1.562676493038253275e-03 7.790001109882655232e-04
2.815216202741288587e-02 9.348759780581238424e-03 1.397927883384863504e-03 7.828951115432069945e-04
2.829292283754994419e-02 7.815920465712899307e-03 1.233757110623266012e-03 7.868095871009228581e-04
2.843438745173769086e-02 9.755070582743821314e-03 1.377421990343705681e-03 7.907436350364273076e-04
2.857655938899637815e-02 7.108096613202627943e-03 1.166797106050559410e-03 7.946973532116093997e-04
2.871944218594135734e-02 7.553709816043435547e-03 1.192577904969517513e-03 7.986708399776674136e-04
2.886303939687106038e-02 7.062353952912150609e-03 1.159379167159002881e-03 8.026641941775556786e-04
2.900735459385541531e-02 6.919213120137057867e-03 1.135960071247710300e-03 8.066775151484434359e-04
2.915239136682468840e-02 7.767690365446644138e-03 1.196981181287267056e-03 8.107109027241855186e-04
2.929815332365880848e-02 7.461566208279040921e-03 1.163793836165268958e-03 8.147644572378063676e-04
2.944464409027709728e-02 7.906515717764505194e-03 1.204192256834444750e-03 8.188382795239952140e-04
2.959186731072847854e-02 5.852658274381283485e-03 1.090888376131404162e-03 8.229324709216151402e-04
2.973982664728212072e-02 5.033693206980148840e-03 1.010137727131736694e-03 8.270471332762231991e-04
2.988852578051852740e-02 6.248848532824665021e-03 1.141835818201217614e-03 8.311823689426041948e-04
3.003796840942111676e-02 6.045202701646061084e-03 1.035538665722110811e-03 8.353382807873171480e-04
3.018815825146821744e-02 5.623830940469326349e-03 1.048316651706859360e-03 8.395149721912535798e-04
3.033909904272555358e-02 5.390196830226299043e-03 9.669963504255067776e-04 8.437125470522096726e-04
3.049079453793918093e-02 5.144865105369767801e-03 1.099400912075144303e-03 8.479311097874706830e-04
3.064324851062887045e-02 5.854179845166460408e-03 1.002832286901330977e-03 8.521707653364079312e-04
3.079646475318201237e-02 6.592423573753823998e-03 1.068190807790711820e-03 8.564316191630898852e-04
3.095044707694791924e-02 4.627950224817335353e-03 8.895980712334583844e-04 8.607137772589052794e-04
3.110519931233265631e-02 3.905793527038419703e-03 8.132886589225065202e-04 8.650173461451996773e-04
3.126072530889431600e-02 5.841693441542315096e-03 1.131868351986934241e-03 8.693424328759255873e-04
3.141702893543878161e-02 5.829394585787760208e-03 9.840496941114710693e-04 8.736891450403050461e-04
3.157411408011597670e-02 5.320593152868095116e-03 1.023677870754339473e-03 8.780575907655066223e-04
3.173198465051654815e-02 6.248232964612458751e-03 1.075646178957325935e-03 8.824478787193339125e-04
3.189064457376912520e-02 5.296349946633778852e-03 9.350687366112043781e-04 8.868601181129304092e-04
3.205009779663797742e-02 5.803637290296118252e-03 9.796747944944680844e-04 8.912944187034952098e-04
3.221034828562116537e-02 4.363597425617315138e-03 8.546171155229798609e-04 8.957508907970127129e-04
3.237140002704926023e-02 7.022808982977672525e-03 1.095288509312239552e-03 9.002296452509974930e-04
3.253325702718450757e-02 5.651948402777795880e-03 1.053357830237840057e-03 9.047307934772525102e-04
3.269592331232042820e-02 7.454661757560647473e-03 1.177156338431195343e-03 9.092544474446387056e-04
3.285940292888202274e-02 3.756554467224592405e-03 9.113732931568286092e-04 9.138007196818616167e-04
3.302369994352642724e-02 7.701389949688078503e-03 1.172841232270750364e-03 9.183697232802707881e-04
3.318881844324406138e-02 4.481624744255777691e-03 8.776488007800141000e-04 9.229615718966721919e-04
3.335476253546027642e-02 6.870468194527812496e-03 1.084677257650951826e-03 9.275763797561553930e-04
3.352153634813757888e-02 7.095683077567797002e-03 1.093155041017782438e-03 9.322142616549362187e-04
3.368914402987825685e-02 6.314762539444362249e-03 1.022731007952219860e-03 9.368753329632105963e-04
3.385758975002764459e-02 8.037592869003649942e-03 1.146312293845918977e-03 9.415597096280266037e-04
3.402687769877778268e-02 7.506117997067544498e-03 1.174689110448569806e-03 9.462675081761667134e-04
3.419701208727166097e-02 8.191014508777537395e-03 1.144957520847125678e-03 9.509988457170472738e-04
3.436799714770802372e-02 6.044101959265982260e-03 9.787359025294714056e-04 9.557538399456326278e-04
3.453983713344655621e-02 7.198742400823136996e-03 1.059469662762327824e-03 9.605326091453606158e-04
3.471253631911378618e-02 7.785718715909898703e-03 1.126994287207608043e-03 9.653352721910872687e-04
3.488609900070935299e-02 5.430582971778894971e-03 9.757694475184887665e-04 9.701619485520426682e-04
3.506052949571289434e-02 6.778641802648077523e-03 9.975251418074082381e-04 9.750127582948027449e-04
3.523583214319145340e-02 5.841047787738493612e-03 9.765564435644348085e-04 9.798878220862766893e-04
3.541201130390740637e-02 7.643391648060389454e-03 1.057894746878762591e-03 9.847872611967079144e-04
3.558907136042693820e-02 7.353686517471841322e-03 1.027718350047136407e-03 9.897111975026911743e-04
3.576701671722907344e-02 8.581154483986662071e-03 1.149484112210567973e-03 9.946597534902046431e-04
3.594585180081521364e-02 5.562506231159830040e-03 8.889882557941875419e-04 9.996330522576556566e-04
3.612558105981928530e-02 4.740255801211644415e-03 9.249445544224674893e-04 1.004631217518943799e-03
3.630620896511838058e-02 6.311375403483410022e-03 9.390344938495407377e-04 1.009654373606538522e-03
3.648774000994396693e-02 5.665235434990349532e-03 9.454743828946662442e-04 1.014702645474571067e-03
3.667017870999368656e-02 4.141032128782407701e-03 7.546111562175063540e-04 1.019776158701943746e-03
3.685352960354364854e-02 6.617973738010912016e-03 9.534473362239122719e-04 1.024875039495453310e-03
3.703779725156136626e-02 6.458372646399690269e-03 9.403132439258601091e-04 1.029999414692930578e-03
3.722298623781916671e-02 6.654988056927753012e-03 9.490242907177042766e-04 1.035149411766395034e-03
3.740910116900825200e-02 5.842706790223614437e-03 8.894273028830032178e-04 1.040325158825226772e-03
3.759614667485329520e-02 5.714268215603151430e-03 8.699421809456655283e-04 1.045526784619352960e-03
3.778412740822754967e-02 5.121778023916788262e-03 8.187521315634972490e-04 1.050754418542449494e-03
3.797304804526868693e-02 4.312327382030694753e-03 7.494844749577315871e-04 1.056008190635161726e-03
3.816291328549503009e-02 2.737096758353417016e-03 5.963431398242261374e-04 1.061288231588337341e-03
3.835372785192249501e-02 3.921791899910165476e-03 7.149419261300311423e-04 1.066594672746278743e-03
3.854549649118210741e-02 4.377275316249930673e-03 7.495952329718339174e-04 1.071927646110010192e-03
3.873822397363801268e-02 3.963957197897918262e-03 7.109434975059807614e-04 1.077287284340560118e-03
3.893191509350620028e-02 4.094029561760390706e-03 7.227464965878786958e-04 1.082673720762262950e-03
3.912657466897372788e-02 3.085024457833718432e-03 6.747888581646058421e-04 1.088087089366074171e-03
3.932220754231859072e-02 2.676146667730375673e-03 7.016619624897832029e-04 1.093527524812904243e-03
3.951881858003018083e-02 2.816584337467655831e-03 5.865730978930407428e-04 1.098995162436968787e-03
3.971641267293032906e-02 2.129969010825642686e-03 5.159901702638837462e-04 1.104490138249153517e-03
3.991499473629497863e-02 2.497645194897988100e-03 5.578463953724655325e-04 1.110012588940399118e-03
4.011456970997644145e-02 2.094587841045456120e-03 5.074441556240462175e-04 1.115562651885100868e-03
4.031514255852632067e-02 1.955326397598594525e-03 4.883043247365669070e-04 1.121140465144526265e-03
4.051671827131894665e-02 1.698571467133161862e-03 4.534726564074386692e-04 1.126746167470248691e-03
4.071930186267554153e-02 2.417911387765449109e-03 5.401034919972850373e-04 1.132379898307599945e-03
4.092289837198891111e-02 1.687774710653649384e-03 4.506112800932015206e-04 1.138041797799137743e-03
4.112751286384885852e-02 2.144031406408323463e-03 5.048424379748255985e-04 1.143732006788133592e-03
4.133315042816809726e-02 2.412417002688017377e-03 5.388911153988692809e-04 1.149450666822074115e-03
4.153981618030892775e-02 2.619322549499035133e-03 5.578808856847869771e-04 1.155197920156184272e-03
4.174751526121046885e-02 1.749104051138643473e-03 4.511636436294029517e-04 1.160973909756964897e-03
4.195625283751651391e-02 2.534113628290456284e-03 5.980766064369419073e-04 1.166778779305749532e-03
4.216603410170409461e-02 1.912112014075320653e-03 5.281182704758219165e-04 1.172612673202278388e-03
4.237686427221261376e-02 2.147233644235323202e-03 5.537084907117004184e-04 1.178475736568289660e-03
4.258874859357367204e-02 2.930499302995551864e-03 5.854771684674648508e-04 1.184368115251131000e-03
4.280169233654153305e-02 2.337288631706361131e-03 5.220688979340343001e-04 1.190289955827386397e-03
4.301570079822424064e-02 2.562001934743320889e-03 5.456285180860700719e-04 1.196241405606523426e-03
4.323077930221535387e-02 2.118814135425440941e-03 5.463129976051712923e-04 1.202222612634555685e-03
4.344693319872642429e-02 1.375650543022859497e-03 4.858028706793356718e-04 1.208233725697728436e-03
4.366416786472004929e-02 2.522329179189423953e-03 5.371243179041844656e-04 1.214274894326216811e-03
4.388248870404365398e-02 3.096053557327055686e-03 6.916447969399401943e-04 1.220346268797848103e-03
4.410190114756386282e-02 2.181518944263599515e-03 4.998556538178959867e-04 1.226448000141837054e-03
4.432241065330168317e-02 1.743904713037601082e-03 5.001647301829065338e-04 1.232580240142546303e-03
4.454402270656818152e-02 2.068674748127068922e-03 4.869479803297695089e-04 1.238743141343258761e-03
4.476674282010102007e-02 2.386155035468490171e-03 5.200015422993412538e-04 1.244936857049974916e-03
4.499057653420152070e-02 2.874662267085915934e-03 5.741399901094627195e-04 1.251161541335224676e-03
4.521552941687251997e-02 3.534217418951126049e-03 6.338892546292758910e-04 1.257417349041900457e-03
4.544160706395687643e-02 2.091106687759959355e-03 5.390223449473536708e-04 1.263704435787109783e-03
4.566881509927665783e-02 2.905832723804949256e-03 6.462356980932692759e-04 1.270022957966045240e-03
4.589715917477303619e-02 3.514805393472127896e-03 6.407994030078555505e-04 1.276373072755875460e-03
4.612664497064689756e-02 2.570217317135367521e-03 6.063804104957544721e-04 1.282754938119654757e-03
4.635727819550012480e-02 2.487465409676847469e-03 6.333188206905699833e-04 1.289168712810252705e-03
4.658906458647761595e-02 2.028263890658770895e-03 5.063682573723223349e-04 1.295614556374303670e-03
4.682200990941000340e-02 1.947815963601779192e-03 5.702097297314689516e-04 1.302092629156175211e-03
4.705611995895704613e-02 4.550000592772416447e-03 7.275695197543059593e-04 1.308603092301955989e-03
4.729140055875183379e-02 2.223114845202681274e-03 5.093039373044431660e-04 1.315146107763465796e-03
4.752785756154558061e-02 1.804452149522122340e-03 5.174852077184626930e-04 1.321721838302282719e-03
4.776549684935330747e-02 1.648941701118106619e-03 4.400784976396186375e-04 1.328330447493794152e-03
4.800432433360006523e-02 1.460945499539604946e-03 4.788427987884496585e-04 1.334972099731262987e-03
4.824434595526806702e-02 1.919393127026456768e-03 4.792414894096622526e-04 1.341646960229919174e-03
4.848556768504440340e-02 2.215057312232009655e-03 5.214378386501785203e-04 1.348355195031068635e-03
4.872799552346961799e-02 1.689416724793871847e-03 5.390195037596981920e-04 1.355096971006223856e-03
4.897163550108696306e-02 2.114076759383518196e-03 4.976972355046756181e-04 1.361872455861254860e-03
4.921649367859239066e-02 2.524787131439922873e-03 5.376613008827273036e-04 1.368681818140561005e-03
4.946257614698534866e-02 1.836897006744465759e-03 5.378889669731606524e-04 1.375525227231263591e-03
4.970988902772026374e-02 1.200043254266315281e-03 4.398055645855861086e-04 1.382402853367419721e-03
4.995843847285886402e-02 1.540427271105417875e-03 4.267852919257232873e-04 1.389314867634256758e-03
5.020823066522315387e-02 1.640500016833721297e-03 4.379981182413824410e-04 1.396261441972427826e-03
5.045927181854926308e-02 1.634412754449713007e-03 4.363728762588226385e-04 1.403242749182289847e-03
5.071156817764200381e-02 1.767202152377887270e-03 5.393331555052758870e-04 1.410258962928201106e-03
5.096512601853020463e-02 1.181028933811517894e-03 3.731525333168265405e-04 1.417310257742841794e-03
5.121995164862284955e-02 1.192531639778618468e-03 3.767868760345576603e-04 1.424396809031556023e-03
5.147605140686596636e-02 1.545136076810053232e-03 4.282024251381297557e-04 1.431518793076713789e-03
5.173343166390028530e-02 1.329013607135602626e-03 4.977642843218141799e-04 1.438676387042097000e-03
5.199209882221978579e-02 1.722213672777697701e-03 4.599234405122453275e-04 1.445869768977307412e-03
5.225205931633088163e-02 1.236285500132655504e-03 3.906617317083672285e-04 1.453099117822193856e-03
5.251331961291252903e-02 1.129731107025998878e-03 3.763184363592200765e-04 1.460364613411304626e-03
5.277588621097707711e-02 8.776953009646032335e-04 3.315098340903942058e-04 1.467666436478360899e-03
