1.442977229909739312e-02 5.470209202018205819e-01 2.116459057886108455e-02 4.012835029382323475e-04
1.450192116059288022e-02 4.970742148881320821e-01 1.942188871899942770e-02 4.032899204529234965e-04
1.457443076639584369e-02 5.579067080645652155e-01 2.106829943607315889e-02 4.053063700551880698e-04
1.464730292022782196e-02 5.291324550300655627e-01 2.008454189090706082e-02 4.073329019054639909e-04
1.472053943482895880e-02 4.788002041683978582e-01 1.896955481442667152e-02 4.093695664149912751e-04
1.479414213200310087e-02 4.529214435904594382e-01 1.753416737617861584e-02 4.114164142470661261e-04
1.486811284266311567e-02 4.511473226034540818e-01 1.777773826160776449e-02 4.134734963183014293e-04
1.494245340687642976e-02 4.239359425869586584e-01 1.694521087446464180e-02 4.155408637998929378e-04
1.501716567391080982e-02 3.799918934943955495e-01 1.554044219712742703e-02 4.176185681188923421e-04
1.509225150228036064e-02 3.953830350751545430e-01 1.582409597834872478e-02 4.197066609594866829e-04
1.516771275979176062e-02 3.712007044285814406e-01 1.510976124552158156e-02 4.218051942642840526e-04
1.524355132359071774e-02 3.552395731770238152e-01 1.456193052549480810e-02 4.239142202356054761e-04
1.531976908020867001e-02 3.701859034786950109e-01 1.493772808478762391e-02 4.260337913367834599e-04
1.539636792560971322e-02 3.250738940617808326e-01 1.411706013123424641e-02 4.281639602934673712e-04
1.547334976523776114e-02 3.216685000662994898e-01 1.366644224774708240e-02 4.303047800949346725e-04
1.555071651406394681e-02 3.341494948960851419e-01 1.362237222017016226e-02 4.324563039954092570e-04
1.562847009663426504e-02 2.945246317290205473e-01 1.253804215860115055e-02 4.346185855153862892e-04
1.570661244711743509e-02 3.093549912532639889e-01 1.301503490507540002e-02 4.367916784429631718e-04
1.578514550935301852e-02 2.814525054633471579e-01 1.237976454411303384e-02 4.389756368351778850e-04
1.586407123689978493e-02 2.778969970955671442e-01 1.211321464742582711e-02 4.411705150193537760e-04
1.594339159308428081e-02 2.665003180029247853e-01 1.174507903897805371e-02 4.433763675944504758e-04
1.602310855104970011e-02 2.755698114950744237e-01 1.165012426321926538e-02 4.455932494324226748e-04
1.610322409380494577e-02 2.574382163567403570e-01 1.119402696174644912e-02 4.478212156795847000e-04
1.618374021427396864e-02 2.101027741677019556e-01 1.005020621370671802e-02 4.500603217579825731e-04
1.626465891534533553e-02 2.413491661619657225e-01 1.057168944308274280e-02 4.523106233667724104e-04
1.634598220992206086e-02 1.944591858569582055e-01 9.573879382995902770e-03 4.545721764836062502e-04
1.642771212097167421e-02 2.073646951823282514e-01 9.592878270273981142e-03 4.568450373660243313e-04
1.650985068157653085e-02 2.012206927104607801e-01 9.347410950991522083e-03 4.591292625528544183e-04
1.659239993498441007e-02 1.957814278668080776e-01 9.133370847868410927e-03 4.614249088656186080e-04
1.667536193465932876e-02 1.844697747885672146e-01 8.666275422473232806e-03 4.637320334099465872e-04
1.675873874433262550e-02 1.775616246147329880e-01 8.631381679589959430e-03 4.660506935769963169e-04
1.684253243805428762e-02 1.652703521534164277e-01 7.947877898331149812e-03 4.683809470448812760e-04
1.692674510024455570e-02 1.516056205663846579e-01 7.558605610448770884e-03 4.707228517801056197e-04
1.701137882574577792e-02 1.489815411292778613e-01 7.311039130054725749e-03 4.730764660390061145e-04
1.709643571987450386e-02 1.346900957370531227e-01 6.873036797892125536e-03 4.754418483692010654e-04
1.718191789847387657e-02 1.351996795802422324e-01 7.213692207107580932e-03 4.778190576110471046e-04
1.726782748796624328e-02 1.270169656820686055e-01 6.677269461786558211e-03 4.802081528991022138e-04
1.735416662540607141e-02 1.175696650988574538e-01 6.368647131482773303e-03 4.826091936635976912e-04
1.744093745853309702e-02 1.123905231525839932e-01 6.177281589497723817e-03 4.850222396319155398e-04
1.752814214582576469e-02 1.332611793360025942e-01 6.824519918733848792e-03 4.874473508300751793e-04
1.761578285655489295e-02 1.124539023803102500e-01 5.912386519789996145e-03 4.898845875842255254e-04
1.770386177083766582e-02 1.078808421217037489e-01 5.792705857614529295e-03 4.923340105221466097e-04
1.779238107969184982e-02 9.515633644440493755e-02 5.453587614381584861e-03 4.947956805747571627e-04
1.788134298509030939e-02 9.025510787267480850e-02 5.156981313586278190e-03 4.972696589776309795e-04
1.797074970001575484e-02 7.830711082396764333e-02 4.835834712869491528e-03 4.997560072725190303e-04
1.806060344851583357e-02 8.137462373237669411e-02 4.887249775576584486e-03 5.022547873088815474e-04
1.815090646575841238e-02 7.606003999789745507e-02 4.741659086877104100e-03 5.047660612454259654e-04
1.824166099808720298e-02 6.933431778969781356e-02 4.374025433888057562e-03 5.072898915516531023e-04
1.833286930307763407e-02 7.039088194826688405e-02 4.332439645534526436e-03 5.098263410094112545e-04
1.842453364959302162e-02 6.938579350051128636e-02 4.238742277315259502e-03 5.123754727144582072e-04
1.851665631784098556e-02 6.380761023427874989e-02 4.061143949673155784e-03 5.149373500780305086e-04
1.860923959943018915e-02 5.585203303912562867e-02 3.891013561372676666e-03 5.175120368284206584e-04
1.870228579742733849e-02 5.805479563871068088e-02 3.813447127129085661e-03 5.200995970125626457e-04
1.879579722641447001e-02 5.202122535068774700e-02 3.557481907757553078e-03 5.227000949976252919e-04
1.888977621254653988e-02 5.006337389559856188e-02 3.472955615761625075e-03 5.253135954726134010e-04
1.898422509360927352e-02 4.693767707425070684e-02 3.330764731101892948e-03 5.279401634499764984e-04
1.907914621907731700e-02 3.356055046753025906e-02 2.764037423794240590e-03 5.305798642672263522e-04
1.917454195017270074e-02 3.404188156142080868e-02 2.811198523569033176e-03 5.332327635885623007e-04
1.927041465992356331e-02 3.794210997966439292e-02 2.923305686706774952e-03 5.358989274065051453e-04
1.936676673322317715e-02 3.966368987823350178e-02 2.952405842958390116e-03 5.385784220435375479e-04
1.946360056688929002e-02 3.670900311106026215e-02 2.763427200073434106e-03 5.412713141537551630e-04
1.956091856972373699e-02 3.062376745270041847e-02 2.581625048884686816e-03 5.439776707245239486e-04
1.965872316257235436e-02 3.495086991731156251e-02 2.769913392601661833e-03 5.466975590781464767e-04
1.975701677838521270e-02 3.003609346323840579e-02 2.554677113007263693e-03 5.494310468735371343e-04
1.985580186227713789e-02 2.705679881143515514e-02 2.370645101821746131e-03 5.521782021079048048e-04
1.995508087158852362e-02 3.022343245743001200e-02 2.516399770894000004e-03 5.549390931184443321e-04
2.005485627594646297e-02 2.927197531816955189e-02 2.353368995264516414e-03 5.577137885840364410e-04
2.015513055732619241e-02 2.843906405675306059e-02 2.364252940814386746e-03 5.605023575269565484e-04
2.025590621011282011e-02 2.902213712610998697e-02 2.341914386159146821e-03 5.633048693145912720e-04
2.035718574116338053e-02 3.004933898743073623e-02 2.358145930346218760e-03 5.661213936611641552e-04
2.045897166986919424e-02 2.607413864211574964e-02 2.223112384473049496e-03 5.689520006294698480e-04
2.056126652821854001e-02 2.528388230720210461e-02 2.124126377157782922e-03 5.717967606326171794e-04
2.066407286085962872e-02 2.328049066779073334e-02 1.979424649554697817e-03 5.746557444357801433e-04
2.076739322516392428e-02 2.600516523530238544e-02 2.126281445391103170e-03 5.775290231579589687e-04
2.087123019128974549e-02 2.393395596416896670e-02 1.985197154056630910e-03 5.804166682737488866e-04
2.097558634224619065e-02 2.655883563951786167e-02 2.129110698320742841e-03 5.833187516151174630e-04
2.108046427395741940e-02 2.420384794913426826e-02 1.967169779585323762e-03 5.862353453731929901e-04
2.118586659532720531e-02 2.567774587604802414e-02 2.031532289042642641e-03 5.891665221000589496e-04
2.129179592830383883e-02 2.133180535279288401e-02 1.806934804749297206e-03 5.921123547105592091e-04
2.139825490794535628e-02 2.956793205794740892e-02 2.109130817168054003e-03 5.950729164841118924e-04
2.150524618248508130e-02 2.426799809457953760e-02 1.909923118191132882e-03 5.980482810665324655e-04
2.161277241339750604e-02 2.494737616400164240e-02 1.950005297608514970e-03 6.010385224718650622e-04
2.172083627546448834e-02 2.529614993497814740e-02 1.909406190025021753e-03 6.040437150842242189e-04
2.182944045684180601e-02 2.552265284082231092e-02 1.924587521423559884e-03 6.070639336596452820e-04
2.193858765912601316e-02 2.470383608313216420e-02 1.843582965861300738e-03 6.100992533279433810e-04
2.204828059742164337e-02 2.429520857350692814e-02 1.839675466173740269e-03 6.131497495945831353e-04
2.215852200040874936e-02 2.936393834469314471e-02 1.988566285585958299e-03 6.162154983425559502e-04
2.226931461041078975e-02 2.771320316269376346e-02 1.940951778847702048e-03 6.192965758342686968e-04
2.238066118346284175e-02 2.391710865072563946e-02 1.741279058751982103e-03 6.223930587134399823e-04
2.249256448938015407e-02 2.474146093224152340e-02 1.854634131491345777e-03 6.255050240070071524e-04
2.260502731182705005e-02 2.701760499855318173e-02 1.822268090366433021e-03 6.286325491270420771e-04
2.271805244838618482e-02 2.625274753647540912e-02 1.802484881379724227e-03 6.317757118726772354e-04
2.283164271062811460e-02 2.690565483819755757e-02 1.826437769885655860e-03 6.349345904320405831e-04
2.294580092418125120e-02 2.930005051116890344e-02 1.883040405731594476e-03 6.381092633842007193e-04
2.306052992880215646e-02 3.022332766476021337e-02 1.885032936651052319e-03 6.412998097011215950e-04
2.317583257844616634e-02 2.534608527976619716e-02 1.719665063652004453e-03 6.445063087496271954e-04
2.329171174133839312e-02 2.670292224173491380e-02 1.808408271669808458e-03 6.477288402933752218e-04
2.340817030004507804e-02 2.907814965456264819e-02 1.812902106183028215e-03 6.509674844948419407e-04
2.352521115154530135e-02 2.630418464723353889e-02 1.739408711456355647e-03 6.542223219173160312e-04
2.364283720730302879e-02 2.828995527429117168e-02 1.760176418231388555e-03 6.574934335269027328e-04
2.376105139333953981e-02 2.626151828991089149e-02 1.742735949786653870e-03 6.607809006945371006e-04
2.387985665030623386e-02 2.550601001388976691e-02 1.619038915428504862e-03 6.640848051980096202e-04
2.399925593355776293e-02 3.087945142765137485e-02 1.796541423675762465e-03 6.674052292239996288e-04
2.411925221322554908e-02 2.705302835644003354e-02 1.686233445613465054e-03 6.707422553701195781e-04
2.423984847429167672e-02 2.420368223319590770e-02 1.567314440116744471e-03 6.740959666469701402e-04
2.436104771666313187e-02 2.731830479185323735e-02 1.691306872784150784e-03 6.774664464802049616e-04
2.448285295524644731e-02 2.600345972485659449e-02 1.617139427149105876e-03 6.808537787126059350e-04
2.460526722002267380e-02 2.472369337421142718e-02 1.629033478577773114e-03 6.842580476061688784e-04
2.472829355612278512e-02 2.508024968781669486e-02 1.641813135550318579e-03 6.876793378441996242e-04
2.485193502390339870e-02 2.407532812917478893e-02 1.573415996662032084e-03 6.911177345334206228e-04
2.497619469902290917e-02 2.378922214255508108e-02 1.485589430111769384e-03 6.945733232060875232e-04
2.510107567251802091e-02 1.994949607299758773e-02 1.326518674663343693e-03 6.980461898221178947e-04
2.522658105088061015e-02 2.461857717505634355e-02 1.544419972140163508e-03 7.015364207712284066e-04
2.535271395613501039e-02 2.198422290746536098e-02 1.413163022520906196e-03 7.050441028750844760e-04
2.547947752591567944e-02 2.226157743846490789e-02 1.394246184368503347e-03 7.085693233894597813e-04
2.560687491354525849e-02 1.949628464721395865e-02 1.289822472885895086e-03 7.121121700064070520e-04
2.573490928811298165e-02 1.808936468928885530e-02 1.258297808388249370e-03 7.156727308564390499e-04
2.586358383455354334e-02 1.885882472055446304e-02 1.263506597128781495e-03 7.192510945107211508e-04
2.599290175372630934e-02 1.751555002937881661e-02 1.199113732572339294e-03 7.228473499832746606e-04
2.612286626249493704e-02 1.845296344182336887e-02 1.254464254795309474e-03 7.264615867331909727e-04
2.625348059380740867e-02 1.779599114282132133e-02 1.183519384447632864e-03 7.300938946668567844e-04
2.638474799677644617e-02 1.652202661243189208e-02 1.144729660060910372e-03 7.337443641401911317e-04
2.651667173676032496e-02 1.664869384326735785e-02 1.146174146097195343e-03 7.374130859608919644e-04
2.664925509544412152e-02 1.567949914597452712e-02 1.135514863438350560e-03 7.411001513906962735e-04
2.678250137092134248e-02 1.524543430406201036e-02 1.095088888723232297e-03 7.448056521476497608e-04
2.691641387777594235e-02 1.437263303415637662e-02 1.122298662441838018e-03 7.485296804083878914e-04
2.705099594716482009e-02 1.419928367441102186e-02 1.107280820485985343e-03 7.522723288104297404e-04
2.718625092690064166e-02 1.210157804425333709e-02 9.775688471666125253e-04 7.560336904544818137e-04
2.732218218153514150e-02 1.184079563318775515e-02 9.198477270372315290e-04 7.598138589067541214e-04
2.745879309244281599e-02 1.110074853126504293e-02 8.785716785192976882e-04 7.636129282012878508e-04
2.759608705790502631e-02 1.062048239849873801e-02 8.765363933306782743e-04 7.674309928422942077e-04
2.773406749319454884e-02 1.262703995709249516e-02 9.558279110490459050e-04 7.712681478065056169e-04
2.787273783066051419e-02 9.207457883870786078e-03 7.958087345038861605e-04 7.751244885455379824e-04
2.801210151981381458e-02 1.044184431225894313e-02 8.619194472204744651e-04 7.790001109882655232e-04
2.815216202741288587e-02 9.983542749149048115e-03 8.295061425696130530e-04 7.828951115432069945e-04
2.829292283754994419e-02 8.778723718704934537e-03 7.716607256191863407e-04 7.868095871009228581e-04
2.843438745173769086e-02 8.494006065294162564e-03 7.585412198461043750e-04 7.907436350364273076e-04
2.857655938899637815e-02 9.702012930026815418e-03 8.209676222479995750e-04 7.946973532116093997e-04
2.871944218594135734e-02 7.761228516220020079e-03 7.134161597183007880e-04 7.986708399776674136e-04
2.886303939687106038e-02 7.113341770661077944e-03 6.866867773954678147e-04 8.026641941775556786e-04
2.900735459385541531e-02 5.953255177997791164e-03 6.358390831202610219e-04 8.066775151484434359e-04
2.915239136682468840e-02 6.763539896281599989e-03 6.591731186955230139e-04 8.107109027241855186e-04
2.929815332365880848e-02 6.072341808179082881e-03 6.459432428128548433e-04 8.147644572378063676e-04
2.944464409027709728e-02 5.853374647101397370e-03 6.252341502350946666e-04 8.188382795239952140e-04
2.959186731072847854e-02 6.228529039780730803e-03 6.252259285147493319e-04 8.229324709216151402e-04
2.973982664728212072e-02 5.802737130298575401e-03 5.977820078790280949e-04 8.270471332762231991e-04
2.988852578051852740e-02 5.497007892560937421e-03 5.975380480297698286e-04 8.311823689426041948e-04
3.003796840942111676e-02 6.068796638948640090e-03 6.123267984228904703e-04 8.353382807873171480e-04
3.018815825146821744e-02 5.320005248191994780e-03 6.038534407461145252e-04 8.395149721912535798e-04
3.033909904272555358e-02 5.510950207061254998e-03 5.770412404868199450e-04 8.437125470522096726e-04
3.049079453793918093e-02 6.216833971843658234e-03 6.326770482885965378e-04 8.479311097874706830e-04
3.064324851062887045e-02 5.157363429762223082e-03 5.554950969441192158e-04 8.521707653364079312e-04
3.079646475318201237e-02 5.196393472172518638e-03 5.974635839565882803e-04 8.564316191630898852e-04
3.095044707694791924e-02 6.148997010313081782e-03 6.394447539849469316e-04 8.607137772589052794e-04
3.110519931233265631e-02 4.554502920270231750e-03 5.381191453605874879e-04 8.650173461451996773e-04
3.126072530889431600e-02 6.233946528383124339e-03 6.348472622692838884e-04 8.693424328759255873e-04
3.141702893543878161e-02 5.127823248522282717e-03 5.751279831074748066e-04 8.736891450403050461e-04
3.157411408011597670e-02 5.385613258653989752e-03 5.926636901659674541e-04 8.780575907655066223e-04
3.173198465051654815e-02 5.236857524639254059e-03 5.693897643825329702e-04 8.824478787193339125e-04
3.189064457376912520e-02 5.649349202163391620e-03 5.699352210955374240e-04 8.868601181129304092e-04
3.205009779663797742e-02 5.163115958642916156e-03 5.578727806530159187e-04 8.912944187034952098e-04
3.221034828562116537e-02 6.313008778339176258e-03 6.066504644949077341e-04 8.957508907970127129e-04
3.237140002704926023e-02 7.445326139939585468e-03 7.027058147274590832e-04 9.002296452509974930e-04
3.253325702718450757e-02 6.768245902788712701e-03 6.689701632194603679e-04 9.047307934772525102e-04
3.269592331232042820e-02 7.399714177036144369e-03 7.101284897530366026e-04 9.092544474446387056e-04
3.285940292888202274e-02 6.118527884365724222e-03 6.580670931005587563e-04 9.138007196818616167e-04
3.302369994352642724e-02 6.612240869404188530e-03 6.413573706800397827e-04 9.183697232802707881e-04
3.318881844324406138e-02 6.868229790573774848e-03 6.690700372395411112e-04 9.229615718966721919e-04
3.335476253546027642e-02 6.700180565913789812e-03 6.321522820710814188e-04 9.275763797561553930e-04
3.352153634813757888e-02 6.472545208449739795e-03 6.161597006846307803e-04 9.322142616549362187e-04
3.368914402987825685e-02 7.466297310306775278e-03 6.563064050889529967e-04 9.368753329632105963e-04
3.385758975002764459e-02 6.867181633442879726e-03 6.569794159724403303e-04 9.415597096280266037e-04
3.402687769877778268e-02 7.411008118607806047e-03 6.581447487603798085e-04 9.462675081761667134e-04
3.419701208727166097e-02 7.629968655336752739e-03 6.760102359759086275e-04 9.509988457170472738e-04
3.436799714770802372e-02 7.312472713911510186e-03 6.353350975219060250e-04 9.557538399456326278e-04
3.453983713344655621e-02 6.747774935758891167e-03 6.394098327374337677e-04 9.605326091453606158e-04
3.471253631911378618e-02 6.278048895457479482e-03 5.887592667291039784e-04 9.653352721910872687e-04
3.488609900070935299e-02 6.515006666335407259e-03 5.979104449606770276e-04 9.701619485520426682e-04
3.506052949571289434e-02 6.949373601757051315e-03 6.180279448534696041e-04 9.750127582948027449e-04
3.523583214319145340e-02 6.578188560349064462e-03 6.044239207367416069e-04 9.798878220862766893e-04
3.541201130390740637e-02 7.116061816233260583e-03 6.024074644126576434e-04 9.847872611967079144e-04
3.558907136042693820e-02 6.629040103938511549e-03 5.758613897058935263e-04 9.897111975026911743e-04
3.576701671722907344e-02 5.303249118336164983e-03 5.398299097096873793e-04 9.946597534902046431e-04
3.594585180081521364e-02 6.626844583756988719e-03 5.815051337221336910e-04 9.996330522576556566e-04
3.612558105981928530e-02 6.191205053569051077e-03 5.705926296475149822e-04 1.004631217518943799e-03
3.630620896511838058e-02 5.705534593330848815e-03 5.453570260002286660e-04 1.009654373606538522e-03
3.648774000994396693e-02 5.264941745094136975e-03 5.118652895999783493e-04 1.014702645474571067e-03
3.667017870999368656e-02 6.442216307716711228e-03 5.554662255647767203e-04 1.019776158701943746e-03
3.685352960354364854e-02 6.290674873296034884e-03 5.485975851491317916e-04 1.024875039495453310e-03
3.703779725156136626e-02 5.254945516891123235e-03 5.191910784735941694e-04 1.029999414692930578e-03
3.722298623781916671e-02 4.843879146316640814e-03 4.874370564906567861e-04 1.035149411766395034e-03
3.740910116900825200e-02 5.082722526171244183e-03 5.122127282158377365e-04 1.040325158825226772e-03
3.759614667485329520e-02 5.109793872934981739e-03 4.945552460196459910e-04 1.045526784619352960e-03
3.778412740822754967e-02 5.415642524732605483e-03 5.055180494913795756e-04 1.050754418542449494e-03
3.797304804526868693e-02 3.823155934176435383e-03 4.310918941110826810e-04 1.056008190635161726e-03
3.816291328549503009e-02 3.450059538606270373e-03 4.104267454561352736e-04 1.061288231588337341e-03
3.835372785192249501e-02 4.480273395903650903e-03 4.604076960281131546e-04 1.066594672746278743e-03
3.854549649118210741e-02 3.085002543154545963e-03 3.931995506301198427e-04 1.071927646110010192e-03
3.873822397363801268e-02 3.402618587247807722e-03 4.137733632893274781e-04 1.077287284340560118e-03
3.893191509350620028e-02 3.787582171882328957e-03 4.102632502557979760e-04 1.082673720762262950e-03
3.912657466897372788e-02 3.496494051796755851e-03 4.020036305693709222e-04 1.088087089366074171e-03
3.932220754231859072e-02 2.778810677031246651e-03 3.844879199727649940e-04 1.093527524812904243e-03
3.951881858003018083e-02 2.303195618816263491e-03 3.130381351507789353e-04 1.098995162436968787e-03
3.971641267293032906e-02 3.185544162754521888e-03 3.724068643060155772e-04 1.104490138249153517e-03
3.991499473629497863e-02 3.175160994635855671e-03 4.005449331136095659e-04 1.110012588940399118e-03
4.011456970997644145e-02 2.531908151753729623e-03 3.455937688218445086e-04 1.115562651885100868e-03
4.031514255852632067e-02 2.102656701747667844e-03 3.111666241407880251e-04 1.121140465144526265e-03
4.051671827131894665e-02 2.408597537335926356e-03 3.350392131589492880e-04 1.126746167470248691e-03
4.071930186267554153e-02 2.374825103276133418e-03 3.273384830404561471e-04 1.132379898307599945e-03
4.092289837198891111e-02 2.183393058123580220e-03 3.194435936812790888e-04 1.138041797799137743e-03
4.112751286384885852e-02 2.115788316891306989e-03 3.128956003713941926e-04 1.143732006788133592e-03
4.133315042816809726e-02 2.058546146792254641e-03 2.937826948333113579e-04 1.149450666822074115e-03
4.153981618030892775e-02 2.031910784723481994e-03 3.072229830685666626e-04 1.155197920156184272e-03
4.174751526121046885e-02 2.680466995702782216e-03 3.296116700171514060e-04 1.160973909756964897e-03
4.195625283751651391e-02 1.567249174659718922e-03 2.539863241296182639e-04 1.166778779305749532e-03
4.216603410170409461e-02 2.736974142324372864e-03 3.431599216336330164e-04 1.172612673202278388e-03
4.237686427221261376e-02 2.316746299656384945e-03 3.065428625949807211e-04 1.178475736568289660e-03
4.258874859357367204e-02 2.531199808695260099e-03 3.363035160687259293e-04 1.184368115251131000e-03
4.280169233654153305e-02 1.913032512365942699e-03 2.960008115351935769e-04 1.190289955827386397e-03
4.301570079822424064e-02 2.368698919527513838e-03 3.204610471112332294e-04 1.196241405606523426e-03
4.323077930221535387e-02 2.021378848970066013e-03 3.117504311716914108e-04 1.202222612634555685e-03
4.344693319872642429e-02 2.307793035145019097e-03 3.242891302078310199e-04 1.208233725697728436e-03
4.366416786472004929e-02 2.475908452127811941e-03 3.289060728713973504e-04 1.214274894326216811e-03
4.388248870404365398e-02 2.888657846204466077e-03 3.461635756356296837e-04 1.220346268797848103e-03
4.410190114756386282e-02 3.319140389966850849e-03 3.638723044874833516e-04 1.226448000141837054e-03
4.432241065330168317e-02 2.500537836881524308e-03 3.378248897790125374e-04 1.232580240142546303e-03
4.454402270656818152e-02 2.882002455427833728e-03 3.391991151579835072e-04 1.238743141343258761e-03
4.476674282010102007e-02 2.849381121417038538e-03 3.490454567794850347e-04 1.244936857049974916e-03
4.499057653420152070e-02 2.619188227984320383e-03 3.476449397021862705e-04 1.251161541335224676e-03
4.521552941687251997e-02 2.716000296044246507e-03 3.646340103407375629e-04 1.257417349041900457e-03
4.544160706395687643e-02 2.802399374962213745e-03 3.515794171101451729e-04 1.263704435787109783e-03
4.566881509927665783e-02 2.445173510142646580e-03 3.395717309505023201e-04 1.270022957966045240e-03
4.589715917477303619e-02 3.142010950838200912e-03 3.575579003721130670e-04 1.276373072755875460e-03
4.612664497064689756e-02 3.112226165083126911e-03 3.702607034685024396e-04 1.282754938119654757e-03
4.635727819550012480e-02 2.313185459032723445e-03 3.448814291553553568e-04 1.289168712810252705e-03
4.658906458647761595e-02 2.375368124097903925e-03 3.475076246009954823e-04 1.295614556374303670e-03
4.682200990941000340e-02 2.620345483300097478e-03 3.545572602269383327e-04 1.302092629156175211e-03
4.705611995895704613e-02 2.738727891787783204e-03 3.432570795570350831e-04 1.308603092301955989e-03
4.729140055875183379e-02 2.282132745818307804e-03 3.045352780542305029e-04 1.315146107763465796e-03
4.752785756154558061e-02 2.260875022093879975e-03 3.145089470047475336e-04 1.321721838302282719e-03
4.776549684935330747e-02 2.928988182227511283e-03 3.699532833457122496e-04 1.328330447493794152e-03
4.800432433360006523e-02 2.667298493350285776e-03 3.596266793218390041e-04 1.334972099731262987e-03
4.824434595526806702e-02 2.506901932337581018e-03 3.232303920241047816e-04 1.341646960229919174e-03
4.848556768504440340e-02 2.014396796297096733e-03 2.934631966548227893e-04 1.348355195031068635e-03
4.872799552346961799e-02 2.101458897048262119e-03 3.141417369318435506e-04 1.355096971006223856e-03
4.897163550108696306e-02 2.348022646014005701e-03 3.205681909537623215e-04 1.361872455861254860e-03
4.921649367859239066e-02 1.870681169909717929e-03 2.964115433243874392e-04 1.368681818140561005e-03
4.946257614698534866e-02 2.039281323998376732e-03 2.852387528517733766e-04 1.375525227231263591e-03
4.970988902772026374e-02 1.462874556514068194e-03 2.739231025028883654e-04 1.382402853367419721e-03
4.995843847285886402e-02 1.708626965731183155e-03 2.782768368645491112e-04 1.389314867634256758e-03
5.020823066522315387e-02 2.040611594160508455e-03 2.882938473624164664e-04 1.396261441972427826e-03
5.045927181854926308e-02 1.171030851154256222e-03 2.667320783122506121e-04 1.403242749182289847e-03
5.071156817764200381e-02 1.559119364952105298e-03 2.526835921994558887e-04 1.410258962928201106e-03
5.096512601853020463e-02 1.234024931997321564e-03 2.663502952578246960e-04 1.417310257742841794e-03
5.121995164862284955e-02 1.287578589033872402e-03 2.310568020186202630e-04 1.424396809031556023e-03
5.147605140686596636e-02 1.424116170325886001e-03 2.761204241300558161e-04 1.431518793076713789e-03
5.173343166390028530e-02 1.094087943652305482e-03 2.378572555317059393e-04 1.438676387042097000e-03
5.199209882221978579e-02 1.199662740169880025e-03 2.265388469220932523e-04 1.445869768977307412e-03
5.225205931633088163e-02 1.033393289276622043e-03 2.356661021102241828e-04 1.453099117822193856e-03
5.251331961291252903e-02 8.918768415268271688e-04 2.165162840206858613e-04 1.460364613411304626e-03
5.277588621097707711e-02 1.441125540604329012e-03 2.725347237223893124e-04 1.467666436478360899e-03
