1.442977229909739312e-02 5.742127194083178621e-01 3.655937894468717225e-02 4.012835029382323475e-04
1.450192116059288022e-02 4.983368375905303793e-01 3.274355965411496205e-02 4.032899204529234965e-04
1.457443076639584369e-02 5.476084931812811307e-01 3.550005465333885835e-02 4.053063700551880698e-04
1.464730292022782196e-02 5.243849541725204011e-01 3.352208442828111951e-02 4.073329019054639909e-04
1.472053943482895880e-02 5.076833484883634950e-01 3.293320273657947272e-02 4.093695664149912751e-04
1.479414213200310087e-02 4.381712068751643097e-01 2.904491611206088883e-02 4.114164142470661261e-04
1.486811284266311567e-02 3.987951528056408179e-01 2.843559457418211658e-02 4.134734963183014293e-04
1.494245340687642976e-02 4.294096314574140094e-01 2.885052638500975805e-02 4.155408637998929378e-04
1.501716567391080982e-02 4.415131008637133148e-01 2.834074989470938138e-02 4.176185681188923421e-04
1.509225150228036064e-02 4.020349731772681068e-01 2.734189301061087929e-02 4.197066609594866829e-04
1.516771275979176062e-02 3.358060989013418318e-01 2.414949432428035656e-02 4.218051942642840526e-04
1.524355132359071774e-02 4.089537208114540356e-01 2.639966266495663572e-02 4.239142202356054761e-04
1.531976908020867001e-02 3.408767025117687699e-01 2.437869318066289426e-02 4.260337913367834599e-04
1.539636792560971322e-02 3.339536019086329910e-01 2.389502238789513455e-02 4.281639602934673712e-04
1.547334976523776114e-02 3.287604636593791096e-01 2.316772288154789541e-02 4.303047800949346725e-04
1.555071651406394681e-02 3.317190053890731183e-01 2.280868328634410094e-02 4.324563039954092570e-04
1.562847009663426504e-02 3.206461782214269918e-01 2.205279976476288983e-02 4.346185855153862892e-04
1.570661244711743509e-02 2.666760836571465676e-01 2.026652809916698952e-02 4.367916784429631718e-04
1.578514550935301852e-02 3.202819702691055426e-01 2.197628982717596616e-02 4.389756368351778850e-04
1.586407123689978493e-02 2.997693808292731243e-01 2.128748180882566662e-02 4.411705150193537760e-04
1.594339159308428081e-02 2.683452671050884919e-01 1.961144168234790416e-02 4.433763675944504758e-04
1.602310855104970011e-02 2.540692050714283279e-01 1.892811913862917431e-02 4.455932494324226748e-04
1.610322409380494577e-02 2.389337440383710875e-01 1.810733002102112715e-02 4.478212156795847000e-04
1.618374021427396864e-02 2.387857176918042612e-01 1.789108121947815752e-02 4.500603217579825731e-04
1.626465891534533553e-02 2.188259825104984513e-01 1.734205971224311166e-02 4.523106233667724104e-04
1.634598220992206086e-02 2.313956154573592328e-01 1.719332259540971852e-02 4.545721764836062502e-04
1.642771212097167421e-02 1.877675122433256072e-01 1.558639651159169325e-02 4.568450373660243313e-04
1.650985068157653085e-02 2.101943180005909073e-01 1.602465663967407236e-02 4.591292625528544183e-04
1.659239993498441007e-02 1.856241383761477459e-01 1.499351320163668129e-02 4.614249088656186080e-04
1.667536193465932876e-02 1.824416759402670840e-01 1.469544850797759733e-02 4.637320334099465872e-04
1.675873874433262550e-02 1.892299221168353140e-01 1.526266680300083708e-02 4.660506935769963169e-04
1.684253243805428762e-02 1.540966929509332006e-01 1.298676187682274233e-02 4.683809470448812760e-04
1.692674510024455570e-02 1.668214629138830563e-01 1.331923010471600805e-02 4.707228517801056197e-04
1.701137882574577792e-02 1.528913608926930345e-01 1.253313126380210980e-02 4.730764660390061145e-04
1.709643571987450386e-02 1.544894932290922784e-01 1.245627993517341853e-02 4.754418483692010654e-04
1.718191789847387657e-02 1.509172887834502041e-01 1.250033408255226373e-02 4.778190576110471046e-04
1.726782748796624328e-02 1.283222199950804499e-01 1.135734188015016452e-02 4.802081528991022138e-04
1.735416662540607141e-02 1.288218559492362858e-01 1.118434148991039913e-02 4.826091936635976912e-04
1.744093745853309702e-02 1.227035741390389845e-01 1.073525793024231526e-02 4.850222396319155398e-04
1.752814214582576469e-02 1.185837104724906665e-01 1.075467094631345731e-02 4.874473508300751793e-04
1.761578285655489295e-02 1.108674500582283867e-01 9.853909333823098610e-03 4.898845875842255254e-04
1.770386177083766582e-02 9.372745263819234895e-02 9.083093920853213543e-03 4.923340105221466097e-04
1.779238107969184982e-02 9.348086547296813320e-02 9.312523728710586299e-03 4.947956805747571627e-04
1.788134298509030939e-02 8.559283318185029188e-02 8.498490583969434478e-03 4.972696589776309795e-04
1.797074970001575484e-02 8.986943915307389619e-02 8.669947488540418953e-03 4.997560072725190303e-04
1.806060344851583357e-02 9.040597413769389801e-02 8.788538581066367150e-03 5.022547873088815474e-04
1.815090646575841238e-02 8.063634743596483079e-02 8.371712487030462738e-03 5.047660612454259654e-04
1.824166099808720298e-02 6.243892862016182238e-02 7.224090232380492305e-03 5.072898915516531023e-04
1.833286930307763407e-02 6.745033324725113744e-02 7.176819833612103038e-03 5.098263410094112545e-04
1.842453364959302162e-02 6.251437665562654955e-02 6.808595098439838497e-03 5.123754727144582072e-04
1.851665631784098556e-02 5.526548484501407621e-02 6.572334070532444457e-03 5.149373500780305086e-04
1.860923959943018915e-02 5.733161710112758686e-02 6.439364334852061382e-03 5.175120368284206584e-04
1.870228579742733849e-02 6.333543847940446836e-02 6.740452057499232881e-03 5.200995970125626457e-04
1.879579722641447001e-02 5.510114221794355088e-02 6.112670978003994365e-03 5.227000949976252919e-04
1.888977621254653988e-02 5.479027040970368273e-02 6.216550284736126544e-03 5.253135954726134010e-04
1.898422509360927352e-02 5.159516478807738699e-02 5.909562583227537594e-03 5.279401634499764984e-04
1.907914621907731700e-02 4.445861719754606173e-02 5.383637782907674599e-03 5.305798642672263522e-04
1.917454195017270074e-02 3.591668062119647564e-02 4.792851568031556569e-03 5.332327635885623007e-04
1.927041465992356331e-02 4.592076163059310295e-02 5.442347973108468961e-03 5.358989274065051453e-04
1.936676673322317715e-02 4.821172359870660312e-02 5.656362556327813526e-03 5.385784220435375479e-04
1.946360056688929002e-02 3.643633635002978266e-02 4.659050741675534006e-03 5.412713141537551630e-04
1.956091856972373699e-02 3.704753687360820558e-02 4.964978749258293529e-03 5.439776707245239486e-04
1.965872316257235436e-02 3.744514976032885939e-02 4.711752892097493574e-03 5.466975590781464767e-04
1.975701677838521270e-02 3.116207986983032807e-02 4.421928572697888561e-03 5.494310468735371343e-04
1.985580186227713789e-02 2.699046962664618590e-02 3.891099458225481290e-03 5.521782021079048048e-04
1.995508087158852362e-02 2.394751859576786310e-02 3.945626285218528304e-03 5.549390931184443321e-04
2.005485627594646297e-02 2.593172917513780762e-02 3.700150267234052302e-03 5.577137885840364410e-04
2.015513055732619241e-02 3.073329269299416439e-02 4.102101704688126786e-03 5.605023575269565484e-04
2.025590621011282011e-02 2.718160335757806995e-02 3.765036288519341481e-03 5.633048693145912720e-04
2.035718574116338053e-02 2.252292989077932933e-02 3.620410903087808649e-03 5.661213936611641552e-04
2.045897166986919424e-02 3.185245379119973352e-02 4.073538172447160530e-03 5.689520006294698480e-04
2.056126652821854001e-02 2.639332659333860562e-02 3.621170938045383068e-03 5.717967606326171794e-04
2.066407286085962872e-02 2.483202435863180596e-02 3.596814419740890310e-03 5.746557444357801433e-04
2.076739322516392428e-02 2.642586603770073067e-02 3.558995045447250691e-03 5.775290231579589687e-04
2.087123019128974549e-02 2.505320993577163022e-02 3.437139580150057414e-03 5.804166682737488866e-04
2.097558634224619065e-02 2.598274102564734553e-02 3.499128955751548437e-03 5.833187516151174630e-04
2.108046427395741940e-02 2.111567558042495157e-02 3.305932220902610581e-03 5.862353453731929901e-04
2.118586659532720531e-02 2.205152622545918789e-02 3.146113547074436828e-03 5.891665221000589496e-04
2.129179592830383883e-02 2.549043467654190168e-02 3.342616248216496045e-03 5.921123547105592091e-04
2.139825490794535628e-02 2.263811314050001230e-02 3.244670429573138191e-03 5.950729164841118924e-04
2.150524618248508130e-02 2.503659070486200303e-02 3.282884900355797532e-03 5.980482810665324655e-04
2.161277241339750604e-02 2.299727436449438764e-02 3.230398502088363284e-03 6.010385224718650622e-04
2.172083627546448834e-02 2.044959935639531143e-02 3.025100727929257421e-03 6.040437150842242189e-04
2.182944045684180601e-02 2.403784837395965199e-02 3.124737841771682133e-03 6.070639336596452820e-04
2.193858765912601316e-02 2.489945579410559467e-02 3.132164949789885845e-03 6.100992533279433810e-04
2.204828059742164337e-02 2.564133752833648236e-02 3.127544824917998824e-03 6.131497495945831353e-04
2.215852200040874936e-02 2.658727657120666873e-02 3.172464187180834474e-03 6.162154983425559502e-04
2.226931461041078975e-02 2.885976098495765529e-02 3.304770243670780011e-03 6.192965758342686968e-04
2.238066118346284175e-02 2.113090247713292347e-02 2.769761123554966530e-03 6.223930587134399823e-04
2.249256448938015407e-02 2.517470124142367691e-02 3.025229513061318629e-03 6.255050240070071524e-04
2.260502731182705005e-02 2.190453170479305864e-02 2.907928334697455677e-03 6.286325491270420771e-04
2.271805244838618482e-02 3.364668556219300305e-02 3.493380831888134690e-03 6.317757118726772354e-04
2.283164271062811460e-02 2.200501503965595837e-02 2.847226580454846091e-03 6.349345904320405831e-04
2.294580092418125120e-02 2.615779356893618499e-02 2.974976170297715002e-03 6.381092633842007193e-04
2.306052992880215646e-02 2.738586437372217408e-02 3.036548744172631528e-03 6.412998097011215950e-04
2.317583257844616634e-02 2.430489512831950083e-02 2.978107308389706370e-03 6.445063087496271954e-04
2.329171174133839312e-02 2.367408831412911793e-02 2.764861538767020548e-03 6.477288402933752218e-04
2.340817030004507804e-02 2.479129416879528175e-02 2.906601081129559644e-03 6.509674844948419407e-04
2.352521115154530135e-02 2.411562524202316010e-02 2.759992341055627491e-03 6.542223219173160312e-04
2.364283720730302879e-02 2.365785826170863429e-02 2.835522837152092916e-03 6.574934335269027328e-04
2.376105139333953981e-02 2.597618657283632879e-02 2.827642153449352186e-03 6.607809006945371006e-04
2.387985665030623386e-02 2.336209490121635146e-02 2.719926536030649669e-03 6.640848051980096202e-04
2.399925593355776293e-02 2.797314678114321343e-02 2.893626021981275578e-03 6.674052292239996288e-04
2.411925221322554908e-02 2.554860739502589836e-02 2.807095955843991533e-03 6.707422553701195781e-04
2.423984847429167672e-02 3.187177998766171222e-02 3.017712119001435093e-03 6.740959666469701402e-04
2.436104771666313187e-02 2.468392398896605486e-02 2.670750212518191793e-03 6.774664464802049616e-04
2.448285295524644731e-02 2.518364030665374426e-02 2.734123560970175022e-03 6.808537787126059350e-04
2.460526722002267380e-02 2.868118641397524385e-02 2.875657082687071379e-03 6.842580476061688784e-04
2.472829355612278512e-02 2.369834983268353026e-02 2.677307336229561418e-03 6.876793378441996242e-04
2.485193502390339870e-02 2.160122727144540497e-02 2.522121616225035841e-03 6.911177345334206228e-04
2.497619469902290917e-02 2.203020678040649993e-02 2.450187136617233523e-03 6.945733232060875232e-04
2.510107567251802091e-02 2.005929304035444782e-02 2.250995662637573277e-03 6.980461898221178947e-04
2.522658105088061015e-02 2.012163052001658334e-02 2.257931401257930876e-03 7.015364207712284066e-04
2.535271395613501039e-02 1.999062051971245424e-02 2.243244469363508270e-03 7.050441028750844760e-04
2.547947752591567944e-02 2.371949070639443879e-02 2.461891136261848932e-03 7.085693233894597813e-04
2.560687491354525849e-02 2.147417864770017129e-02 2.270454020245924603e-03 7.121121700064070520e-04
2.573490928811298165e-02 1.814349073809309529e-02 2.075935624286264717e-03 7.156727308564390499e-04
2.586358383455354334e-02 1.797136705605307042e-02 2.121011757528479952e-03 7.192510945107211508e-04
2.599290175372630934e-02 1.877549817588008985e-02 2.081033206945932541e-03 7.228473499832746606e-04
2.612286626249493704e-02 1.709158202114945124e-02 1.981998240498618422e-03 7.264615867331909727e-04
2.625348059380740867e-02 1.879995782921212860e-02 2.058553706474250487e-03 7.300938946668567844e-04
2.638474799677644617e-02 1.642832362227453560e-02 2.041064128223507752e-03 7.337443641401911317e-04
2.651667173676032496e-02 2.075157261476607423e-02 2.214221653353996497e-03 7.374130859608919644e-04
2.664925509544412152e-02 1.793379122822698346e-02 2.013192753806750980e-03 7.411001513906962735e-04
2.678250137092134248e-02 1.447733147561018618e-02 1.805898004406472808e-03 7.448056521476497608e-04
2.691641387777594235e-02 1.573628650958965730e-02 1.963045758028980799e-03 7.485296804083878914e-04
2.705099594716482009e-02 1.594649992285874021e-02 2.013370349153052827e-03 7.522723288104297404e-04
2.718625092690064166e-02 1.484088481329794151e-02 1.830440194037970172e-03 7.560336904544818137e-04
2.732218218153514150e-02 1.294723575125031681e-02 1.627734399104021137e-03 7.598138589067541214e-04
2.745879309244281599e-02 1.279600007962415978e-02 1.596274981358014556e-03 7.636129282012878508e-04
2.759608705790502631e-02 1.220574436490351293e-02 1.559703731313910428e-03 7.674309928422942077e-04
2.773406749319454884e-02 1.201389230115462378e-02 1.667570348292720783e-03 7.712681478065056169e-04
2.787273783066051419e-02 1.304982314113424524e-02 1.579552081909545679e-03 7.751244885455379824e-04
2.801210151981381458e-02 1.042671632809095625e-02 1.429598749216575088e-03 7.790001109882655232e-04
2.815216202741288587e-02 9.440304023044918461e-03 1.346283095746003342e-03 7.828951115432069945e-04
2.829292283754994419e-02 8.184936947360556617e-03 1.260921075588028158e-03 7.868095871009228581e-04
2.843438745173769086e-02 1.011917291866383517e-02 1.401086486921419155e-03 7.907436350364273076e-04
2.857655938899637815e-02 8.622723421939721550e-03 1.283457653270934961e-03 7.946973532116093997e-04
2.871944218594135734e-02 8.287905853239839818e-03 1.329919106875300213e-03 7.986708399776674136e-04
2.886303939687106038e-02 7.691488283558884503e-03 1.351790603290697846e-03 8.026641941775556786e-04
2.900735459385541531e-02 6.715084103075194717e-03 1.117637773058414042e-03 8.066775151484434359e-04
2.915239136682468840e-02 7.452555897004662852e-03 1.229749143369589888e-03 8.107109027241855186e-04
2.929815332365880848e-02 6.425831952263708763e-03 1.140236208193431229e-03 8.147644572378063676e-04
2.944464409027709728e-02 6.969204557201303003e-03 1.129108030935887510e-03 8.188382795239952140e-04
2.959186731072847854e-02 3.603457585794993690e-03 9.175825645650180105e-04 8.229324709216151402e-04
2.973982664728212072e-02 6.541022096653777498e-03 1.074035765110759781e-03 8.270471332762231991e-04
2.988852578051852740e-02 6.767009902707204171e-03 1.096439811699064350e-03 8.311823689426041948e-04
3.003796840942111676e-02 5.142893558737151975e-03 9.539053470622393081e-04 8.353382807873171480e-04
3.018815825146821744e-02 4.916848745528935166e-03 9.867629843285888758e-04 8.395149721912535798e-04
3.033909904272555358e-02 6.590339938251874377e-03 1.067866749401064639e-03 8.437125470522096726e-04
3.049079453793918093e-02 7.330902284412730598e-03 1.129884130491198195e-03 8.479311097874706830e-04
3.064324851062887045e-02 6.354335322790043844e-03 1.043448391959022952e-03 8.521707653364079312e-04
3.079646475318201237e-02 4.498990208376360891e-03 8.813013520341257245e-04 8.564316191630898852e-04
3.095044707694791924e-02 7.351477504953360734e-03 1.119766431924339514e-03 8.607137772589052794e-04
3.110519931233265631e-02 4.403793067067149174e-03 8.624703204371331547e-04 8.650173461451996773e-04
3.126072530889431600e-02 6.267052110713788350e-03 1.028739586869306926e-03 8.693424328759255873e-04
3.141702893543878161e-02 5.980225339409049080e-03 9.954162119590328432e-04 8.736891450403050461e-04
3.157411408011597670e-02 3.482656404877269071e-03 7.590360880121355992e-04 8.780575907655066223e-04
3.173198465051654815e-02 7.498576489394262815e-03 1.116397531709309486e-03 8.824478787193339125e-04
3.189064457376912520e-02 5.282746892124294200e-03 1.016346517839970560e-03 8.868601181129304092e-04
3.205009779663797742e-02 6.185646288740433846e-03 1.139069166118481750e-03 8.912944187034952098e-04
3.221034828562116537e-02 4.419316127160490860e-03 9.241488673890149589e-04 8.957508907970127129e-04
3.237140002704926023e-02 5.637962735569804554e-03 9.801100287094638083e-04 9.002296452509974930e-04
3.253325702718450757e-02 4.001859469286076117e-03 9.357250501006640587e-04 9.047307934772525102e-04
3.269592331232042820e-02 7.249596255005608288e-03 1.159358405034692291e-03 9.092544474446387056e-04
3.285940292888202274e-02 6.612203338529832296e-03 1.100559297907347314e-03 9.138007196818616167e-04
3.302369994352642724e-02 5.537880933868651046e-03 9.932695075554149808e-04 9.183697232802707881e-04
3.318881844324406138e-02 5.845589403646976948e-03 1.001054692127404354e-03 9.229615718966721919e-04
3.335476253546027642e-02 7.366752169040354480e-03 1.121724044533770059e-03 9.275763797561553930e-04
3.352153634813757888e-02 8.425609075824864319e-03 1.189668444873514608e-03 9.322142616549362187e-04
3.368914402987825685e-02 6.132766270396677703e-03 1.006588000408297412e-03 9.368753329632105963e-04
3.385758975002764459e-02 6.544539581465818462e-03 1.033047108582465764e-03 9.415597096280266037e-04
3.402687769877778268e-02 8.137833910666135082e-03 1.148914041037670019e-03 9.462675081761667134e-04
3.419701208727166097e-02 6.087412506560785884e-03 1.060751285796634807e-03 9.509988457170472738e-04
3.436799714770802372e-02 7.361179835593459689e-03 1.126052182823047716e-03 9.557538399456326278e-04
3.453983713344655621e-02 4.745184410256353576e-03 9.922956485564900057e-04 9.605326091453606158e-04
3.471253631911378618e-02 6.194420863702003108e-03 9.656367489586085333e-04 9.653352721910872687e-04
3.488609900070935299e-02 7.673453041279218109e-03 1.072467971051827397e-03 9.701619485520426682e-04
3.506052949571289434e-02 9.112925193520197281e-03 1.155106542935015884e-03 9.750127582948027449e-04
3.523583214319145340e-02 6.654091733313068253e-03 9.900134503208449406e-04 9.798878220862766893e-04
3.541201130390740637e-02 6.597456653395374071e-03 9.815858890191316282e-04 9.847872611967079144e-04
3.558907136042693820e-02 6.817009838522981695e-03 1.030686628777208744e-03 9.897111975026911743e-04
3.576701671722907344e-02 8.270893522360264066e-03 1.128344187152354470e-03 9.946597534902046431e-04
3.594585180081521364e-02 5.690516913696631873e-03 8.980019066418633072e-04 9.996330522576556566e-04
3.612558105981928530e-02 7.351557741974219795e-03 1.027437707482830968e-03 1.004631217518943799e-03
3.630620896511838058e-02 4.196765968858505447e-03 7.647465807378655243e-04 1.009654373606538522e-03
3.648774000994396693e-02 6.339765582161567027e-03 9.329556872590830455e-04 1.014702645474571067e-03
3.667017870999368656e-02 5.094171414966475013e-03 8.358846127389274764e-04 1.019776158701943746e-03
3.685352960354364854e-02 6.463428098179300856e-03 9.410360949444039223e-04 1.024875039495453310e-03
3.703779725156136626e-02 6.304672247509733075e-03 9.278609364109521125e-04 1.029999414692930578e-03
3.722298623781916671e-02 5.554133560423505506e-03 9.270634898631906987e-04 1.035149411766395034e-03
3.740910116900825200e-02 5.014546835221973982e-03 8.229243004568374126e-04 1.040325158825226772e-03
3.759614667485329520e-02 5.567019186922328618e-03 9.167650349379415867e-04 1.045526784619352960e-03
3.778412740822754967e-02 5.239591133941481210e-03 8.270492989172398670e-04 1.050754418542449494e-03
3.797304804526868693e-02 5.604590105072341025e-03 8.533345681671286598e-04 1.056008190635161726e-03
3.816291328549503009e-02 4.420089207896273423e-03 7.568456202785057724e-04 1.061288231588337341e-03
3.835372785192249501e-02 4.954888459821932441e-03 8.025758113579938447e-04 1.066594672746278743e-03
3.854549649118210741e-02 2.748020583485712327e-03 6.482597277036365952e-04 1.071927646110010192e-03
3.873822397363801268e-02 3.571373648593795073e-03 6.739518716850551906e-04 1.077287284340560118e-03
3.893191509350620028e-02 3.445450556472588136e-03 6.621770877595527845e-04 1.082673720762262950e-03
3.912657466897372788e-02 3.657217726547809262e-03 6.782177885681964745e-04 1.088087089366074171e-03
3.932220754231859072e-02 2.868832789804941046e-03 5.974541983320594100e-04 1.093527524812904243e-03
3.951881858003018083e-02 2.125325407578780145e-03 5.664529753769607890e-04 1.098995162436968787e-03
3.971641267293032906e-02 3.874038592835377364e-03 6.949881338632468838e-04 1.104490138249153517e-03
3.991499473629497863e-02 2.366658588174046576e-03 5.423225907802090712e-04 1.110012588940399118e-03
4.011456970997644145e-02 3.563921483837443477e-03 7.262420094969948689e-04 1.115562651885100868e-03
4.031514255852632067e-02 2.803550469819059230e-03 5.839501306205814807e-04 1.121140465144526265e-03
4.051671827131894665e-02 2.420197478115275035e-03 5.405989854177257071e-04 1.126746167470248691e-03
4.071930186267554153e-02 2.459924706278471089e-03 5.969767677580241870e-04 1.132379898307599945e-03
4.092289837198891111e-02 1.731530690222157212e-03 5.174975391467128523e-04 1.138041797799137743e-03
4.112751286384885852e-02 1.782100650388269069e-03 4.596709189863934617e-04 1.143732006788133592e-03
4.133315042816809726e-02 2.285900106761111234e-03 5.238948002208894525e-04 1.149450666822074115e-03
4.153981618030892775e-02 2.493830443095179303e-03 5.436521161148006546e-04 1.155197920156184272e-03
4.174751526121046885e-02 2.209831955685420766e-03 5.064616068841786955e-04 1.160973909756964897e-03
4.195625283751651391e-02 1.771678162484928345e-03 4.569864066788563808e-04 1.166778779305749532e-03
4.216603410170409461e-02 1.976968117347066480e-03 4.789888016553387525e-04 1.172612673202278388e-03
4.237686427221261376e-02 1.862356096294572267e-03 4.651070139154113892e-04 1.178475736568289660e-03
4.258874859357367204e-02 1.286074881154800282e-03 3.873583394964816816e-04 1.184368115251131000e-03
4.280169233654153305e-02 2.611028614395495030e-03 6.000785739615641318e-04 1.190289955827386397e-03
4.301570079822424064e-02 1.626159056611356729e-03 5.188961587092963835e-04 1.196241405606523426e-03
4.323077930221535387e-02 2.526847204006139706e-03 5.381019778660691821e-04 1.202222612634555685e-03
4.344693319872642429e-02 3.544621224616070505e-03 6.358957681405715857e-04 1.208233725697728436e-03
4.366416786472004929e-02 2.744594103954349409e-03 5.595689750639422193e-04 1.214274894326216811e-03
4.388248870404365398e-02 3.719230577534434357e-03 7.029653010411725158e-04 1.220346268797848103e-03
4.410190114756386282e-02 2.633992207076571532e-03 5.485459191073334276e-04 1.226448000141837054e-03
4.432241065330168317e-02 3.546587341933105444e-03 6.726509665012765865e-04 1.232580240142546303e-03
4.454402270656818152e-02 2.980398374934617629e-03 6.475936291808833019e-04 1.238743141343258761e-03
4.476674282010102007e-02 2.379976095425809842e-03 5.186593738168872574e-04 1.244936857049974916e-03
4.499057653420152070e-02 2.798452295720126656e-03 6.120799539768269695e-04 1.251161541335224676e-03
4.521552941687251997e-02 2.842842764113746607e-03 5.677848611947961368e-04 1.257417349041900457e-03
4.544160706395687643e-02 2.040400170672981763e-03 5.545287724733513309e-04 1.263704435787109783e-03
4.566881509927665783e-02 4.173634024863466171e-03 7.502672783443932068e-04 1.270022957966045240e-03
4.589715917477303619e-02 2.454040338736066754e-03 5.347526374723071381e-04 1.276373072755875460e-03
4.612664497064689756e-02 2.755276384973275993e-03 5.737331161828288645e-04 1.282754938119654757e-03
4.635727819550012480e-02 2.977279164663499192e-03 6.069076391691569008e-04 1.289168712810252705e-03
4.658906458647761595e-02 3.287410688845880669e-03 6.438309606499880182e-04 1.295614556374303670e-03
4.682200990941000340e-02 2.914207300365997521e-03 5.940324464336617198e-04 1.302092629156175211e-03
4.705611995895704613e-02 1.280031901001649859e-03 4.791239862058193472e-04 1.308603092301955989e-03
4.729140055875183379e-02 1.867282432082832894e-03 5.466304777371158068e-04 1.315146107763465796e-03
4.752785756154558061e-02 1.986803115695065167e-03 4.811929300286144746e-04 1.321721838302282719e-03
4.776549684935330747e-02 3.994270240165092092e-03 6.840484349034465150e-04 1.328330447493794152e-03
4.800432433360006523e-02 3.643000746061185891e-03 6.534718625429131568e-04 1.334972099731262987e-03
4.824434595526806702e-02 1.555494811849539132e-03 4.308710903279200995e-04 1.341646960229919174e-03
4.848556768504440340e-02 2.258422099284393154e-03 5.822575069709230115e-04 1.348355195031068635e-03
4.872799552346961799e-02 2.046156920680003086e-03 4.956729342329844372e-04 1.355096971006223856e-03
4.897163550108696306e-02 1.640051721593476603e-03 4.377984859559503239e-04 1.361872455861254860e-03
4.921649367859239066e-02 1.991828678445484429e-03 5.308927864052992093e-04 1.368681818140561005e-03
4.946257614698534866e-02 2.175703381270566519e-03 4.985851724794785732e-04 1.375525227231263591e-03
4.970988902772026374e-02 2.071654500193154287e-03 4.877503028526361008e-04 1.382402853367419721e-03
4.995843847285886402e-02 1.182023217589552857e-03 4.722654118404789078e-04 1.389314867634256758e-03
5.020823066522315387e-02 2.220665095535413053e-03 5.089396533069307166e-04 1.396261441972427826e-03
5.045927181854926308e-02 1.979538215577323658e-03 4.796223947859087401e-04 1.403242749182289847e-03
5.071156817764200381e-02 1.644926851027214958e-03 4.392180832220092621e-04 1.410258962928201106e-03
5.096512601853020463e-02 1.060191477584782743e-03 3.530928399000796071e-04 1.417310257742841794e-03
5.121995164862284955e-02 2.022088194625194877e-03 4.900061045725454716e-04 1.424396809031556023e-03
5.147605140686596636e-02 1.659727187784119798e-03 4.432255027682703206e-04 1.431518793076713789e-03
5.173343166390028530e-02 7.230515386695556294e-04 5.108775107851669514e-04 1.438676387042097000e-03
5.199209882221978579e-02 8.588914886870339547e-04 3.243783107804218543e-04 1.445869768977307412e-03
5.225205931633088163e-02 1.159080864533096420e-03 4.537337326227973899e-04 1.453099117822193856e-03
5.251331961291252903e-02 6.260137091562202084e-04 2.797695887728768316e-04 1.460364613411304626e-03
5.277588621097707711e-02 6.753373276173536312e-04 3.864182272020139021e-04 1.467666436478360899e-03
