1.442977229909739312e-02 5.364517441950725773e-01 3.578690849951292330e-02 4.012835029382323475e-04
1.450192116059288022e-02 5.197509711932934984e-01 3.384701289735989049e-02 4.032899204529234965e-04
1.457443076639584369e-02 5.213850084741711299e-01 3.433505801264977175e-02 4.053063700551880698e-04
1.464730292022782196e-02 5.004035142969552874e-01 3.273821257002918622e-02 4.073329019054639909e-04
1.472053943482895880e-02 3.848772478847986012e-01 2.866581203394696908e-02 4.093695664149912751e-04
1.479414213200310087e-02 4.243926341555616100e-01 2.896614875720697826e-02 4.114164142470661261e-04
1.486811284266311567e-02 4.677672278987691779e-01 3.047390159872452597e-02 4.134734963183014293e-04
1.494245340687642976e-02 3.843294033922002861e-01 2.728697576940769184e-02 4.155408637998929378e-04
1.501716567391080982e-02 4.394671145940253765e-01 2.826810410819666913e-02 4.176185681188923421e-04
1.509225150228036064e-02 3.993303838142255313e-01 2.700273958227048313e-02 4.197066609594866829e-04
1.516771275979176062e-02 3.136168402817218204e-01 2.398359306742756103e-02 4.218051942642840526e-04
1.524355132359071774e-02 3.608665853142059010e-01 2.526227916353064942e-02 4.239142202356054761e-04
1.531976908020867001e-02 3.594482893083638109e-01 2.569111022974389369e-02 4.260337913367834599e-04
1.539636792560971322e-02 3.355115309640406274e-01 2.394487660371187598e-02 4.281639602934673712e-04
1.547334976523776114e-02 3.341866044475245712e-01 2.359003312416175363e-02 4.303047800949346725e-04
1.555071651406394681e-02 3.400749168707939418e-01 2.331046125709070396e-02 4.324563039954092570e-04
1.562847009663426504e-02 3.189638109580351100e-01 2.230285921282639666e-02 4.346185855153862892e-04
1.570661244711743509e-02 3.207855514299352007e-01 2.222262886865267878e-02 4.367916784429631718e-04
1.578514550935301852e-02 3.201256714707584883e-01 2.196557777514752258e-02 4.389756368351778850e-04
1.586407123689978493e-02 3.163540048242556857e-01 2.217623197343900412e-02 4.411705150193537760e-04
1.594339159308428081e-02 2.581204997372750221e-01 1.922945662652844959e-02 4.433763675944504758e-04
1.602310855104970011e-02 2.218827850745494490e-01 1.791776043249102002e-02 4.455932494324226748e-04
1.610322409380494577e-02 2.194911974187682135e-01 1.735068700157453569e-02 4.478212156795847000e-04
1.618374021427396864e-02 2.400187828666657253e-01 1.793285348424978123e-02 4.500603217579825731e-04
1.626465891534533553e-02 2.400580821187531522e-01 1.783625098074524684e-02 4.523106233667724104e-04
1.634598220992206086e-02 2.081520404169771854e-01 1.630290343192930536e-02 4.545721764836062502e-04
1.642771212097167421e-02 2.089461137060301121e-01 1.640576116799421710e-02 4.568450373660243313e-04
1.650985068157653085e-02 2.056685651442427820e-01 1.659456297513688811e-02 4.591292625528544183e-04
1.659239993498441007e-02 1.815003854719564880e-01 1.462915070188300533e-02 4.614249088656186080e-04
1.667536193465932876e-02 1.502404140417930023e-01 1.308770717108356275e-02 4.637320334099465872e-04
1.675873874433262550e-02 1.700395682487039206e-01 1.403226463095171885e-02 4.660506935769963169e-04
1.684253243805428762e-02 1.694238692753964326e-01 1.387670023983541417e-02 4.683809470448812760e-04
1.692674510024455570e-02 1.389508099670609120e-01 1.270129309538164247e-02 4.707228517801056197e-04
1.701137882574577792e-02 1.311338869721709044e-01 1.160429335398484307e-02 4.730764660390061145e-04
1.709643571987450386e-02 1.241380035639485652e-01 1.116307923709077173e-02 4.754418483692010654e-04
1.718191789847387657e-02 1.622871026824673213e-01 1.295952213122688809e-02 4.778190576110471046e-04
1.726782748796624328e-02 1.428025350157763884e-01 1.240097224279570857e-02 4.802081528991022138e-04
1.735416662540607141e-02 1.141265224024994723e-01 1.052452477583304402e-02 4.826091936635976912e-04
1.744093745853309702e-02 1.207569567294322077e-01 1.064716848449909041e-02 4.850222396319155398e-04
1.752814214582576469e-02 1.195071099017763067e-01 1.079383511852480791e-02 4.874473508300751793e-04
1.761578285655489295e-02 9.357547683728624499e-02 9.225904704425288982e-03 4.898845875842255254e-04
1.770386177083766582e-02 8.661260461482117590e-02 8.729410746675657015e-03 4.923340105221466097e-04
1.779238107969184982e-02 1.004875498061395672e-01 9.390766362167759368e-03 4.947956805747571627e-04
1.788134298509030939e-02 9.571494185225971896e-02 9.220216386506404835e-03 4.972696589776309795e-04
1.797074970001575484e-02 9.066649062812356941e-02 8.706189895596365760e-03 4.997560072725190303e-04
1.806060344851583357e-02 9.449120380075529124e-02 8.975511361109909589e-03 5.022547873088815474e-04
1.815090646575841238e-02 7.859083408381720148e-02 8.090127523966999037e-03 5.047660612454259654e-04
1.824166099808720298e-02 7.099038373455963946e-02 7.668500062810956926e-03 5.072898915516531023e-04
1.833286930307763407e-02 5.439395111358517887e-02 6.710015488658244674e-03 5.098263410094112545e-04
1.842453364959302162e-02 6.397162213440996115e-02 6.885817841218176520e-03 5.123754727144582072e-04
1.851665631784098556e-02 4.855686456459257921e-02 6.181402538546367127e-03 5.149373500780305086e-04
1.860923959943018915e-02 7.181066095438931596e-02 7.205016703423352403e-03 5.175120368284206584e-04
1.870228579742733849e-02 5.683082875875000717e-02 6.621365929295518725e-03 5.200995970125626457e-04
1.879579722641447001e-02 5.031480642850266749e-02 5.839729967191990660e-03 5.227000949976252919e-04
1.888977621254653988e-02 4.440287072730124407e-02 5.457254109643657793e-03 5.253135954726134010e-04
1.898422509360927352e-02 3.596317944963640933e-02 5.204291402257020874e-03 5.279401634499764984e-04
1.907914621907731700e-02 4.247705529964721644e-02 5.261011712991563692e-03 5.305798642672263522e-04
1.917454195017270074e-02 4.615652036770234723e-02 5.431963901606009192e-03 5.332327635885623007e-04
1.927041465992356331e-02 3.749414085544851283e-02 4.916517027934559636e-03 5.358989274065051453e-04
1.936676673322317715e-02 4.415161446042316362e-02 5.270056185793924042e-03 5.385784220435375479e-04
1.946360056688929002e-02 3.164209667204820331e-02 4.340671139340907675e-03 5.412713141537551630e-04
1.956091856972373699e-02 3.399438992761318751e-02 4.536939512305593163e-03 5.439776707245239486e-04
1.965872316257235436e-02 2.815930085188804444e-02 4.260464867282487411e-03 5.466975590781464767e-04
1.975701677838521270e-02 2.939708310996090937e-02 4.303055967594057903e-03 5.494310468735371343e-04
1.985580186227713789e-02 2.866337866658039829e-02 4.008898678592046592e-03 5.521782021079048048e-04
1.995508087158852362e-02 3.533386861574932397e-02 4.482080356623528716e-03 5.549390931184443321e-04
2.005485627594646297e-02 3.015091270293233927e-02 4.193538585927114246e-03 5.577137885840364410e-04
2.015513055732619241e-02 2.216101382084322349e-02 3.895868400797288834e-03 5.605023575269565484e-04
2.025590621011282011e-02 3.082561669638535923e-02 4.008499363257128807e-03 5.633048693145912720e-04
2.035718574116338053e-02 2.654712754720480253e-02 3.749945606968108341e-03 5.661213936611641552e-04
2.045897166986919424e-02 2.453010974774584574e-02 3.573915190785031861e-03 5.689520006294698480e-04
2.056126652821854001e-02 2.906833008019095790e-02 3.932314274266434338e-03 5.717967606326171794e-04
2.066407286085962872e-02 2.800718420649670609e-02 3.673169776088010697e-03 5.746557444357801433e-04
2.076739322516392428e-02 2.209085050481248910e-02 3.253218175523541443e-03 5.775290231579589687e-04
2.087123019128974549e-02 2.456871837203478820e-02 3.402914033326095728e-03 5.804166682737488866e-04
2.097558634224619065e-02 2.313699000140071599e-02 3.301148914729896272e-03 5.833187516151174630e-04
2.108046427395741940e-02 2.431699296829348961e-02 3.335937577101180402e-03 5.862353453731929901e-04
2.118586659532720531e-02 2.518952456668959589e-02 3.537216727836055459e-03 5.891665221000589496e-04
2.129179592830383883e-02 1.950395467877246575e-02 3.057045041429987467e-03 5.921123547105592091e-04
2.139825490794535628e-02 2.806766946872689059e-02 3.633552906517479100e-03 5.950729164841118924e-04
2.150524618248508130e-02 2.675022191787380585e-02 3.552913333745861234e-03 5.980482810665324655e-04
2.161277241339750604e-02 2.154947820547038762e-02 3.185530472819167718e-03 6.010385224718650622e-04
2.172083627546448834e-02 2.317026351856994390e-02 3.091718847558064774e-03 6.040437150842242189e-04
2.182944045684180601e-02 2.484069358721031212e-02 3.175717838977111084e-03 6.070639336596452820e-04
2.193858765912601316e-02 2.488744013557803170e-02 3.276331445998696690e-03 6.100992533279433810e-04
2.204828059742164337e-02 2.792397475208564447e-02 3.262992621131062532e-03 6.131497495945831353e-04
2.215852200040874936e-02 2.163898421941565231e-02 2.861359683494488822e-03 6.162154983425559502e-04
2.226931461041078975e-02 2.239344704691178384e-02 2.910379264749283091e-03 6.192965758342686968e-04
2.238066118346284175e-02 2.745649152319292949e-02 3.242361792788751342e-03 6.223930587134399823e-04
2.249256448938015407e-02 2.603765990262505575e-02 3.164231560056532822e-03 6.255050240070071524e-04
2.260502731182705005e-02 3.072211251977656835e-02 3.287591968851501494e-03 6.286325491270420771e-04
2.271805244838618482e-02 2.665367007025759571e-02 3.125261101532418595e-03 6.317757118726772354e-04
2.283164271062811460e-02 2.775304947168666728e-02 3.096786637992922624e-03 6.349345904320405831e-04
2.294580092418125120e-02 2.682414793043811849e-02 3.011897310963568188e-03 6.381092633842007193e-04
2.306052992880215646e-02 2.973805840058951766e-02 3.163498265472116776e-03 6.412998097011215950e-04
2.317583257844616634e-02 3.423439325535970745e-02 3.349833969011471735e-03 6.445063087496271954e-04
2.329171174133839312e-02 2.625551907586050684e-02 3.016893301981823320e-03 6.477288402933752218e-04
2.340817030004507804e-02 2.795604763526442563e-02 2.973552782957500449e-03 6.509674844948419407e-04
2.352521115154530135e-02 2.137633510416616506e-02 2.676854156906763836e-03 6.542223219173160312e-04
2.364283720730302879e-02 2.413909998171161198e-02 2.791215370827786982e-03 6.574934335269027328e-04
2.376105139333953981e-02 2.806516137635731850e-02 3.070106210709311508e-03 6.607809006945371006e-04
2.387985665030623386e-02 2.453303557391859832e-02 2.686428419977324872e-03 6.640848051980096202e-04
2.399925593355776293e-02 2.826017487235556874e-02 2.907725565308476572e-03 6.674052292239996288e-04
2.411925221322554908e-02 2.748685670497636943e-02 2.933563260657860456e-03 6.707422553701195781e-04
2.423984847429167672e-02 2.238548356792931585e-02 2.528436792119275345e-03 6.740959666469701402e-04
2.436104771666313187e-02 2.478800922349738700e-02 2.740118536641607174e-03 6.774664464802049616e-04
2.448285295524644731e-02 2.944245566755134338e-02 2.945911585094834403e-03 6.808537787126059350e-04
2.460526722002267380e-02 2.577099099413903902e-02 2.815568088527479682e-03 6.842580476061688784e-04
2.472829355612278512e-02 2.824196794596832427e-02 2.922004801538271267e-03 6.876793378441996242e-04
2.485193502390339870e-02 2.425338223751049085e-02 2.671820207341250170e-03 6.911177345334206228e-04
2.497619469902290917e-02 2.556740792381904590e-02 2.653894126319967031e-03 6.945733232060875232e-04
2.510107567251802091e-02 1.979573530136663137e-02 2.235614495055897235e-03 6.980461898221178947e-04
2.522658105088061015e-02 2.571262879359987458e-02 2.551800204965117263e-03 7.015364207712284066e-04
2.535271395613501039e-02 2.428059296251224713e-02 2.471652308188440877e-03 7.050441028750844760e-04
2.547947752591567944e-02 2.467561352514535331e-02 2.436917189320696522e-03 7.085693233894597813e-04
2.560687491354525849e-02 1.760525480328839140e-02 2.055274475480389166e-03 7.121121700064070520e-04
2.573490928811298165e-02 1.837325595275720452e-02 2.088530265404512070e-03 7.156727308564390499e-04
2.586358383455354334e-02 1.423012542761781588e-02 1.817428961805008522e-03 7.192510945107211508e-04
2.599290175372630934e-02 1.570812061705387924e-02 2.016386680229887828e-03 7.228473499832746606e-04
2.612286626249493704e-02 1.662156686881739384e-02 1.954080109371268519e-03 7.264615867331909727e-04
2.625348059380740867e-02 1.697964280168088105e-02 1.955880364137308966e-03 7.300938946668567844e-04
2.638474799677644617e-02 1.431742041920051715e-02 1.785401382698067292e-03 7.337443641401911317e-04
2.651667173676032496e-02 1.701976649333956579e-02 1.960654440098792087e-03 7.374130859608919644e-04
2.664925509544412152e-02 1.588296438839689392e-02 1.894128032171817425e-03 7.411001513906962735e-04
2.678250137092134248e-02 1.401767893127217265e-02 1.776565663020967254e-03 7.448056521476497608e-04
2.691641387777594235e-02 1.744863584143716700e-02 2.066589851252278055e-03 7.485296804083878914e-04
2.705099594716482009e-02 1.476677016970988181e-02 1.856806241860652941e-03 7.522723288104297404e-04
2.718625092690064166e-02 1.337156220317832489e-02 1.667985849482251986e-03 7.560336904544818137e-04
2.732218218153514150e-02 1.129749071724263192e-02 1.600900205440416784e-03 7.598138589067541214e-04
2.745879309244281599e-02 1.558753230411266504e-02 1.761381905121049522e-03 7.636129282012878508e-04
2.759608705790502631e-02 1.047998300257678601e-02 1.501143493659677077e-03 7.674309928422942077e-04
2.773406749319454884e-02 1.359851238674385232e-02 1.690215280966642000e-03 7.712681478065056169e-04
2.787273783066051419e-02 9.207027534712306990e-03 1.326433871057529617e-03 7.751244885455379824e-04
2.801210151981381458e-02 1.179826715855858410e-02 1.520350593335792998e-03 7.790001109882655232e-04
2.815216202741288587e-02 1.213162434724021459e-02 1.525798332981839669e-03 7.828951115432069945e-04
2.829292283754994419e-02 1.071345757283601735e-02 1.442245917532817721e-03 7.868095871009228581e-04
2.843438745173769086e-02 9.141722527461697279e-03 1.331375937465018467e-03 7.907436350364273076e-04
2.857655938899637815e-02 8.235441344496777921e-03 1.253998469103898613e-03 7.946973532116093997e-04
2.871944218594135734e-02 6.664626258521383004e-03 1.182379597641972915e-03 7.986708399776674136e-04
2.886303939687106038e-02 7.687743531433355142e-03 1.268431406995173226e-03 8.026641941775556786e-04
2.900735459385541531e-02 8.016885699323864078e-03 1.303268555229710954e-03 8.066775151484434359e-04
2.915239136682468840e-02 7.448927473803970169e-03 1.229150415847850763e-03 8.107109027241855186e-04
2.929815332365880848e-02 7.257331059428362083e-03 1.145999436734732339e-03 8.147644572378063676e-04
2.944464409027709728e-02 6.599181898460107498e-03 1.098457330235275056e-03 8.188382795239952140e-04
2.959186731072847854e-02 5.222469598965470521e-03 9.686033913987600373e-04 8.229324709216151402e-04
2.973982664728212072e-02 7.244664179403335555e-03 1.130054314542151784e-03 8.270471332762231991e-04
2.988852578051852740e-02 6.300934733861165635e-03 1.199978200748696945e-03 8.311823689426041948e-04
3.003796840942111676e-02 5.849409530233580859e-03 1.017072196799008021e-03 8.353382807873171480e-04
3.018815825146821744e-02 5.883502322508547301e-03 1.007856303197084743e-03 8.395149721912535798e-04
3.033909904272555358e-02 5.200367354355812065e-03 9.483625965498909856e-04 8.437125470522096726e-04
3.049079453793918093e-02 4.605752245016084094e-03 1.214330975179282604e-03 8.479311097874706830e-04
3.064324851062887045e-02 5.836276055532398609e-03 9.997653332412463449e-04 8.521707653364079312e-04
3.079646475318201237e-02 5.015682870404805128e-03 1.022021646637530758e-03 8.564316191630898852e-04
3.095044707694791924e-02 5.639084737066206617e-03 1.065894005846863314e-03 8.607137772589052794e-04
3.110519931233265631e-02 4.130769649406218318e-03 9.034676321555306418e-04 8.650173461451996773e-04
3.126072530889431600e-02 6.839611764375063893e-03 1.128406774680914887e-03 8.693424328759255873e-04
3.141702893543878161e-02 5.313691105995069219e-03 1.022228848445302755e-03 8.736891450403050461e-04
3.157411408011597670e-02 4.972801150299955425e-03 9.067799534592925568e-04 8.780575907655066223e-04
3.173198465051654815e-02 5.662838936013824508e-03 9.699309301383106981e-04 8.824478787193339125e-04
3.189064457376912520e-02 6.171162505483575138e-03 1.062368593945003372e-03 8.868601181129304092e-04
3.205009779663797742e-02 7.934932216509451436e-03 1.143768942030316468e-03 8.912944187034952098e-04
3.221034828562116537e-02 7.261562631984742368e-03 1.152326677717328395e-03 8.957508907970127129e-04
3.237140002704926023e-02 6.147510308385725070e-03 1.023193135679342477e-03 9.002296452509974930e-04
3.253325702718450757e-02 6.434615497917274551e-03 1.056431648678059438e-03 9.047307934772525102e-04
3.269592331232042820e-02 6.688676904639310680e-03 1.113333211359782311e-03 9.092544474446387056e-04
3.285940292888202274e-02 6.058118673745313369e-03 1.053182141191276282e-03 9.138007196818616167e-04
3.302369994352642724e-02 6.427956434837163099e-03 1.069857687904783063e-03 9.183697232802707881e-04
3.318881844324406138e-02 6.083287719790065814e-03 1.079269787047716167e-03 9.229615718966721919e-04
3.335476253546027642e-02 7.534401928536474738e-03 1.134139936770473846e-03 9.275763797561553930e-04
3.352153634813757888e-02 4.716075136414117977e-03 8.898358406937732301e-04 9.322142616549362187e-04
3.368914402987825685e-02 6.461119894462625038e-03 1.032931910824150864e-03 9.368753329632105963e-04
3.385758975002764459e-02 7.097289136180338388e-03 1.125895251045261206e-03 9.415597096280266037e-04
3.402687769877778268e-02 7.320484661765560251e-03 1.089424892685438235e-03 9.462675081761667134e-04
3.419701208727166097e-02 5.668066856094022311e-03 1.005312013268195963e-03 9.509988457170472738e-04
3.436799714770802372e-02 5.549910700900831211e-03 9.364347220973881633e-04 9.557538399456326278e-04
3.453983713344655621e-02 7.863140631039065853e-03 1.150311826988442785e-03 9.605326091453606158e-04
3.471253631911378618e-02 8.154533399159903315e-03 1.107661963901228818e-03 9.653352721910872687e-04
3.488609900070935299e-02 8.271688090824019443e-03 1.228653902238194436e-03 9.701619485520426682e-04
3.506052949571289434e-02 5.729533017578187365e-03 9.156869034068613371e-04 9.750127582948027449e-04
3.523583214319145340e-02 6.355249460154309936e-03 9.672912424567412133e-04 9.798878220862766893e-04
3.541201130390740637e-02 7.825170201771810413e-03 1.109611493703924244e-03 9.847872611967079144e-04
3.558907136042693820e-02 8.337425426574165618e-03 1.092628237087741152e-03 9.897111975026911743e-04
3.576701671722907344e-02 7.201103375797187137e-03 1.075659472895313046e-03 9.946597534902046431e-04
3.594585180081521364e-02 7.109670573625691443e-03 1.003506966721784150e-03 9.996330522576556566e-04
3.612558105981928530e-02 8.212446549556924255e-03 1.085666269328609216e-03 1.004631217518943799e-03
3.630620896511838058e-02 5.592974247820934469e-03 9.465095157815824837e-04 1.009654373606538522e-03
3.648774000994396693e-02 5.427503268381102253e-03 9.074329365831745224e-04 1.014702645474571067e-03
3.667017870999368656e-02 6.385199986094155372e-03 1.032971526432261214e-03 1.019776158701943746e-03
3.685352960354364854e-02 4.810847740309789206e-03 8.116707154413345523e-04 1.024875039495453310e-03
3.703779725156136626e-02 4.383706921067402271e-03 7.735112587650826588e-04 1.029999414692930578e-03
3.722298623781916671e-02 4.332822963060193287e-03 8.965518049875336511e-04 1.035149411766395034e-03
3.740910116900825200e-02 3.576220919235051539e-03 7.475240543809500001e-04 1.040325158825226772e-03
3.759614667485329520e-02 3.815526016662425853e-03 8.058049079906408167e-04 1.045526784619352960e-03
3.778412740822754967e-02 4.582410119084475222e-03 7.732571198443493558e-04 1.050754418542449494e-03
3.797304804526868693e-02 2.866082338323693544e-03 6.100788821752666565e-04 1.056008190635161726e-03
3.816291328549503009e-02 4.028119212365005065e-03 7.891457254853397659e-04 1.061288231588337341e-03
3.835372785192249501e-02 4.300861769329860675e-03 7.475515026458238880e-04 1.066594672746278743e-03
3.854549649118210741e-02 3.722140047438119922e-03 6.901700697513575089e-04 1.071927646110010192e-03
3.873822397363801268e-02 3.314565130417609657e-03 6.491107014306645795e-04 1.077287284340560118e-03
3.893191509350620028e-02 2.933584468062050421e-03 6.108642209354571287e-04 1.082673720762262950e-03
3.912657466897372788e-02 2.193274655416856470e-03 7.292456201716152357e-04 1.088087089366074171e-03
3.932220754231859072e-02 3.615462835842158783e-03 6.705454230802003609e-04 1.093527524812904243e-03
3.951881858003018083e-02 3.296313079393049360e-03 6.335922713642841127e-04 1.098995162436968787e-03
3.971641267293032906e-02 2.498150978826257657e-03 5.579547895021992306e-04 1.104490138249153517e-03
3.991499473629497863e-02 2.863507667426609584e-03 5.963940709207427851e-04 1.110012588940399118e-03
4.011456970997644145e-02 2.825147477812891324e-03 5.884294645586315943e-04 1.115562651885100868e-03
4.031514255852632067e-02 3.045853811101455807e-03 6.085136857242384387e-04 1.121140465144526265e-03
4.051671827131894665e-02 1.935231158429549791e-03 4.832929942091268843e-04 1.126746167470248691e-03
4.071930186267554153e-02 2.410516709435555141e-03 5.384516979702657974e-04 1.132379898307599945e-03
4.092289837198891111e-02 3.485412649617541849e-03 6.465569839286519410e-04 1.138041797799137743e-03
4.112751286384885852e-02 2.018727221864107923e-03 4.891183838739436747e-04 1.143732006788133592e-03
4.133315042816809726e-02 2.284787171400885167e-03 5.236397317485270118e-04 1.149450666822074115e-03
4.153981618030892775e-02 2.611312137146448459e-03 5.561747487671643651e-04 1.155197920156184272e-03
4.174751526121046885e-02 1.511254143304211666e-03 4.187259798169327757e-04 1.160973909756964897e-03
4.195625283751651391e-02 2.243033075824428946e-03 5.896796771289208221e-04 1.166778779305749532e-03
4.216603410170409461e-02 2.208476837662835379e-03 5.061348057171302650e-04 1.172612673202278388e-03
4.237686427221261376e-02 2.559492886024122577e-03 5.451207855732523484e-04 1.178475736568289660e-03
4.258874859357367204e-02 2.454042337145523767e-03 5.349523017817336057e-04 1.184368115251131000e-03
4.280169233654153305e-02 2.679661599474528894e-03 5.581443169425642087e-04 1.190289955827386397e-03
4.301570079822424064e-02 1.973696179069599037e-03 4.781700460832870184e-04 1.196241405606523426e-03
4.323077930221535387e-02 2.066413875397864024e-03 4.864945774438402155e-04 1.202222612634555685e-03
4.344693319872642429e-02 2.285739003973767669e-03 5.820767659133742290e-04 1.208233725697728436e-03
4.366416786472004929e-02 2.857588273402691861e-03 5.708324372964107378e-04 1.214274894326216811e-03
4.388248870404365398e-02 2.410690413867273407e-03 5.688143086493488692e-04 1.220346268797848103e-03
4.410190114756386282e-02 2.495351024263261792e-03 6.274296780497156441e-04 1.226448000141837054e-03
4.432241065330168317e-02 3.838404265371629740e-03 6.574123586515646239e-04 1.232580240142546303e-03
4.454402270656818152e-02 2.451902785472969814e-03 5.784908667909766404e-04 1.238743141343258761e-03
4.476674282010102007e-02 3.171769849765346261e-03 6.596362769271974392e-04 1.244936857049974916e-03
4.499057653420152070e-02 2.636601054425966473e-03 5.490115442907624911e-04 1.251161541335224676e-03
4.521552941687251997e-02 2.841458670282879378e-03 5.675084239842830003e-04 1.257417349041900457e-03
4.544160706395687643e-02 3.104402528515246354e-03 6.355928570144671330e-04 1.263704435787109783e-03
4.566881509927665783e-02 3.360457174054922239e-03 6.231302908344684387e-04 1.270022957966045240e-03
4.589715917477303619e-02 2.920010136254961534e-03 5.831744901092687046e-04 1.276373072755875460e-03
4.612664497064689756e-02 2.801829444980850816e-03 6.277317716942567519e-04 1.282754938119654757e-03
4.635727819550012480e-02 2.727843816344900727e-03 6.552160117447761818e-04 1.289168712810252705e-03
4.658906458647761595e-02 3.033083549619600919e-03 6.182744706240030216e-04 1.295614556374303670e-03
4.682200990941000340e-02 2.427323717757595440e-03 5.420109336730671336e-04 1.302092629156175211e-03
4.705611995895704613e-02 2.489031455991043158e-03 5.872085655347312203e-04 1.308603092301955989e-03
4.729140055875183379e-02 2.099669537512073667e-03 4.942042099573176316e-04 1.315146107763465796e-03
4.752785756154558061e-02 2.920346767027889867e-03 5.832480370283829336e-04 1.321721838302282719e-03
4.776549684935330747e-02 2.160552651267084578e-03 6.266355053519876393e-04 1.328330447493794152e-03
4.800432433360006523e-02 1.996717023168531179e-03 5.626096699041578013e-04 1.334972099731262987e-03
4.824434595526806702e-02 1.961361139529857293e-03 6.155710944612797055e-04 1.341646960229919174e-03
4.848556768504440340e-02 2.085564536486228526e-03 5.051923419244201035e-04 1.348355195031068635e-03
4.872799552346961799e-02 2.454192850797942086e-03 5.954885695099862907e-04 1.355096971006223856e-03
4.897163550108696306e-02 1.100641454565217140e-03 4.306540991138145275e-04 1.361872455861254860e-03
4.921649367859239066e-02 2.631504205202818501e-03 5.480665687708361411e-04 1.368681818140561005e-03
4.946257614698534866e-02 1.945734192366076589e-03 4.713847437305092921e-04 1.375525227231263591e-03
4.970988902772026374e-02 2.300717638348998093e-03 5.138836461197008459e-04 1.382402853367419721e-03
4.995843847285886402e-02 1.063184490079996988e-03 3.540202003621436807e-04 1.389314867634256758e-03
5.020823066522315387e-02 1.051381857373372922e-03 3.501057526234119125e-04 1.396261441972427826e-03
5.045927181854926308e-02 1.745800975165166758e-03 4.503074432610979080e-04 1.403242749182289847e-03
5.071156817764200381e-02 1.644054775942187067e-03 4.389947341257855579e-04 1.410258962928201106e-03
5.096512601853020463e-02 1.648383803955168073e-03 5.261034597667950440e-04 1.417310257742841794e-03
5.121995164862284955e-02 1.188884530162027638e-03 3.756345518587010050e-04 1.424396809031556023e-03
5.147605140686596636e-02 1.658919117007032771e-03 4.430097097276531801e-04 1.431518793076713789e-03
5.173343166390028530e-02 1.324949095850967750e-03 3.991768802904705100e-04 1.438676387042097000e-03
5.199209882221978579e-02 9.811123662832282703e-04 3.466061666111173805e-04 1.445869768977307412e-03
5.225205931633088163e-02 1.109243014576676229e-03 3.694789638067322475e-04 1.453099117822193856e-03
5.251331961291252903e-02 1.126276059757516049e-03 3.751675448085346927e-04 1.460364613411304626e-03
5.277588621097707711e-02 1.125014210627197026e-03 3.747472172691185309e-04 1.467666436478360899e-03
