1.450192116059288022e-02 4.924799277771034212e-01 1.309251069258638989e-01 4.032866445760960989e-04
1.457443076639584369e-02 6.510421913897718182e-01 1.382846630639616714e-01 4.053030777989765493e-04
1.464730292022782196e-02 7.022303574915854663e-01 1.399211265440669372e-01 4.073295931879714017e-04
1.472053943482895880e-02 4.218891246680791518e-01 1.085272576613709183e-01 4.093662411539111682e-04
1.479414213200310087e-02 6.556752121225890573e-01 1.281181287102163280e-01 4.114130723596806519e-04
1.486811284266311567e-02 3.390036715125793187e-01 9.368104722424813735e-02 4.134701377214790611e-04
1.494245340687642976e-02 4.573481323944857957e-01 1.074061203823262062e-01 4.155374884100864114e-04
1.501716567391080982e-02 4.054341410308445193e-01 9.797278990352120687e-02 4.176151758521367587e-04
1.509225150228036064e-02 3.970895076743078400e-01 9.595537500889561588e-02 4.197032517313973947e-04
1.516771275979176062e-02 4.784962898034331724e-01 1.040390152529508810e-01 4.218017679900543321e-04
1.524355132359071774e-02 3.074994292785148131e-01 8.188824436714446653e-02 4.239107768300045100e-04
1.531976908020867001e-02 3.333046872957939333e-01 8.575547344589917742e-02 4.260303307141545060e-04
1.539636792560971322e-02 3.815227097998175054e-01 9.220902432234071022e-02 4.281604823677252650e-04
1.547334976523776114e-02 4.060611530919245316e-01 9.283128951937125173e-02 4.303012847795638753e-04
1.555071651406394681e-02 1.853328201126195063e-01 6.155066658335923979e-02 4.324527912034616334e-04
1.562847009663426504e-02 1.792547512241849939e-01 5.954762508762536516e-02 4.346150551594788847e-04
1.570661244711743509e-02 3.028563645609581023e-01 7.793302444751554203e-02 4.367881304352762609e-04
1.578514550935301852e-02 4.355164846012606894e-01 9.253878475449406338e-02 4.389720710874525319e-04
1.586407123689978493e-02 2.968042731847515547e-01 7.637673671548630971e-02 4.411669314428898290e-04
1.594339159308428081e-02 2.253236712592259772e-01 6.482780419621488044e-02 4.433727661001041816e-04
1.602310855104970011e-02 2.972040997184171585e-01 7.405557834298216735e-02 4.455896299306046733e-04
1.610322409380494577e-02 1.972510606209879613e-01 7.369184383012956918e-02 4.478175780802575844e-04
1.618374021427396864e-02 1.933343596926163921e-01 5.810385531552638566e-02 4.500566659706588301e-04
1.626465891534533553e-02 1.565363494908153519e-01 5.201121878326921133e-02 4.523069493005120348e-04
1.634598220992206086e-02 2.514859967063391988e-01 6.472800432959066597e-02 4.545684840470145768e-04
1.642771212097167421e-02 1.629118041924631499e-01 5.135630966683288334e-02 4.568413264672497578e-04
1.650985068157653085e-02 1.602214080066703406e-01 5.050948846677805887e-02 4.591255330995859117e-04
1.659239993498441007e-02 2.322759089102309771e-01 5.979116283417143518e-02 4.614211607650837532e-04
1.667536193465932876e-02 1.644354954049309925e-01 4.943138450631170966e-02 4.637282665689090931e-04
1.675873874433262550e-02 2.274830776188507264e-01 5.856663988658017406e-02 4.660469079017536312e-04
1.684253243805428762e-02 2.150959237168892924e-01 5.537963865474142960e-02 4.683771424412623628e-04
1.692674510024455570e-02 1.253848474497908094e-01 4.167781503463120762e-02 4.707190281534686283e-04
1.701137882574577792e-02 1.615698267033356117e-01 4.651279195570177244e-02 4.730726232942359397e-04
1.709643571987450386e-02 1.445215772551203814e-01 4.345722436923175891e-02 4.754379864107070169e-04
1.718191789847387657e-02 1.630035913845580275e-01 4.693087912012055413e-02 4.778151763427605759e-04
1.726782748796624328e-02 1.052643010415712649e-01 3.711991126625897863e-02 4.802042522244742966e-04
1.735416662540607141e-02 1.270916991004771568e-01 4.008835025931513363e-02 4.826052734855965738e-04
1.744093745853309702e-02 1.229677111245451177e-01 3.878934823468505044e-02 4.850182998530244466e-04
1.752814214582576469e-02 1.149122687655214359e-01 3.821206623181253731e-02 4.874433913522896065e-04
1.761578285655489295e-02 1.376576227095158422e-01 3.964614141716633899e-02 4.898806083090510724e-04
1.770386177083766582e-02 1.265755065795497458e-01 3.807756837143078110e-02 4.923300113505962687e-04
1.779238107969184982e-02 1.149348881158860358e-01 3.626529909547894504e-02 4.947916614073490961e-04
1.788134298509030939e-02 8.841687103640610834e-02 3.119299528207082270e-02 4.972656197143859175e-04
1.797074970001575484e-02 1.202372812717432127e-01 3.617731626363582947e-02 4.997519478129576692e-04
1.806060344851583357e-02 1.076611737900730614e-01 3.397647225881309657e-02 5.022507075520223812e-04
1.815090646575841238e-02 6.545474824660453550e-02 2.666918555120343856e-02 5.047619610897825749e-04
1.824166099808720298e-02 7.117902633110489985e-02 2.685116048921759938e-02 5.072857708952314450e-04
1.833286930307763407e-02 5.991458846729092597e-02 2.441420655712956203e-02 5.098221997497073875e-04
1.842453364959302162e-02 4.849397593978023446e-02 2.164790227340174580e-02 5.123713107484559022e-04
1.851665631784098556e-02 1.159090229137126477e-01 3.340162353029457742e-02 5.149331673021982159e-04
1.860923959943018915e-02 3.788814641928108656e-02 1.891174818692737195e-02 5.175078331387091219e-04
1.870228579742733849e-02 6.555699181737936754e-02 2.473711965775816923e-02 5.200953723044026257e-04
1.879579722641447001e-02 4.429938153992257072e-02 1.977991448045413048e-02 5.226958491659245299e-04
1.888977621254653988e-02 4.387021558677479949e-02 1.958931718877654146e-02 5.253093284117540170e-04
1.898422509360927352e-02 7.081647217793211879e-02 2.500007095026282600e-02 5.279358750538128229e-04
1.907914621907731700e-02 1.703132288386180818e-02 1.202539979084950306e-02 5.305755544290818903e-04
1.917454195017270074e-02 5.850608531278447128e-02 2.208221079727858832e-02 5.332284322012271300e-04
1.927041465992356331e-02 5.051540231431356914e-02 2.059459807127535930e-02 5.358945743622333139e-04
1.936676673322317715e-02 7.405017591041782032e-02 2.465026648966376147e-02 5.385740472340443639e-04
1.946360056688929002e-02 2.334612577732909228e-02 1.346092547243473748e-02 5.412669174702144839e-04
1.956091856972373699e-02 2.372506423660557251e-02 1.368028187426485742e-02 5.439732520575655790e-04
1.965872316257235436e-02 3.095800756972646312e-02 1.545964814179244702e-02 5.466931183178533500e-04
1.975701677838521270e-02 3.043313920129230021e-02 1.519778601698106545e-02 5.494265839094424932e-04
1.985580186227713789e-02 2.930267019920085661e-02 1.463384558014090009e-02 5.521737168289897078e-04
1.995508087158852362e-02 3.710549277275773661e-02 1.657437718846003702e-02 5.549345854131346178e-04
2.005485627594646297e-02 2.069775782470399672e-02 1.193572852891054692e-02 5.577092583402002346e-04
2.015513055732619241e-02 2.861972648311451178e-02 1.429300945162390903e-02 5.604978046319011170e-04
2.025590621011282011e-02 3.403485025161639976e-02 1.520320227807322316e-02 5.633002936550605315e-04
2.035718574116338053e-02 2.077072078560220775e-02 1.197796465441612439e-02 5.661167951233357426e-04
2.045897166986919424e-02 4.758820635700436452e-02 1.796568466987612245e-02 5.689473790989524110e-04
2.056126652821854001e-02 3.244567843660587508e-02 1.449319924063957425e-02 5.717921159944471237e-04
2.066407286085962872e-02 2.517564419376360288e-02 1.257303244186788911e-02 5.746510765744192476e-04
2.076739322516392428e-02 1.877207146029613929e-02 1.082512473447802721e-02 5.775243319572912403e-04
2.087123019128974549e-02 1.848883469528514803e-02 1.066149068041317288e-02 5.804119536170777426e-04
2.097558634224619065e-02 2.460349242241987450e-02 1.228634836602451007e-02 5.833140133851630197e-04
2.108046427395741940e-02 2.993660985023079840e-02 1.337095088176643888e-02 5.862305834520888104e-04
2.118586659532720531e-02 1.171061097579884427e-02 8.269747141453341263e-03 5.891617363693492241e-04
2.129179592830383883e-02 3.439892840510977434e-02 1.402467831072295827e-02 5.921075450511959371e-04
2.139825490794535628e-02 2.812653279570072329e-02 1.256140397074858445e-02 5.950680827764518463e-04
2.150524618248508130e-02 1.689598707475931105e-02 9.741306028008772308e-03 5.980434231903340465e-04
2.161277241339750604e-02 3.850398259903759640e-02 1.453229625633254730e-02 6.010336403062856983e-04
2.172083627546448834e-02 3.232893242413292789e-02 1.317900058825584829e-02 6.040388085078170037e-04
2.182944045684180601e-02 1.062437663467960015e-02 7.501434457105486675e-03 6.070590025503559391e-04
2.193858765912601316e-02 3.600061387007086333e-02 1.358583166656845802e-02 6.100942975631076619e-04
2.204828059742164337e-02 9.984828574604455442e-03 7.048970712184506569e-03 6.131447690509232414e-04
2.215852200040874936e-02 2.474560279065671220e-02 1.104796006514606813e-02 6.162104928961777139e-04
2.226931461041078975e-02 3.954407327091524066e-02 1.395716508283479686e-02 6.192915453606585461e-04
2.238066118346284175e-02 2.376516515485066136e-02 1.060955419339632000e-02 6.223880030874617960e-04
2.249256448938015407e-02 9.502053444957164752e-03 6.706884995980147944e-03 6.254999431028990080e-04
2.260502731182705005e-02 3.682780732942959878e-02 1.299622315995242576e-02 6.286274428184134315e-04
2.271805244838618482e-02 1.817817059592462953e-02 9.071590672084114959e-03 6.317705800325054558e-04
2.283164271062811460e-02 4.068909080749360391e-02 1.353649734897988642e-02 6.349294329326679110e-04
2.294580092418125120e-02 2.214802258508333926e-02 9.885039331892999173e-03 6.381040800973312348e-04
2.306052992880215646e-02 3.957919425046600020e-02 1.316563681196201117e-02 6.412946004978178557e-04
2.317583257844616634e-02 1.717452951651528628e-02 8.569036562298132029e-03 6.445010735003068756e-04
2.329171174133839312e-02 2.533591100270628921e-02 1.032100048667105793e-02 6.477235788678082935e-04
2.340817030004507804e-02 2.486160118475077424e-02 1.012732057808356061e-02 6.509621967621472037e-04
2.352521115154530135e-02 2.890975615562542747e-02 1.090212390470201610e-02 6.542170077459578612e-04
2.364283720730302879e-02 1.606726079052615136e-02 8.015350454503016031e-03 6.574880927846876114e-04
2.376105139333953981e-02 2.419834699268541903e-02 9.855989044962857118e-03 6.607755332486110137e-04
2.387985665030623386e-02 2.696861195424630001e-02 1.016886563863369369e-02 6.640794109148539376e-04
2.399925593355776293e-02 3.526351197160629974e-02 1.172585033412193792e-02 6.673998079694281769e-04
2.411925221322554908e-02 3.080733282644304225e-02 1.086537396226998353e-02 6.707368070092751709e-04
2.423984847429167672e-02 2.994092794635530574e-02 1.055973842931470265e-02 6.740904910443215430e-04
2.436104771666313187e-02 1.510471093531787559e-02 7.533744023004850833e-03 6.774609434995430965e-04
2.448285295524644731e-02 2.231495962704314537e-02 9.087932309701654901e-03 6.808482482170408450e-04
2.460526722002267380e-02 3.015989019392791709e-02 1.063830264515945243e-02 6.842524894581258248e-04
2.472829355612278512e-02 3.565204560546185453e-02 1.185742884665934478e-02 6.876737519054163753e-04
2.485193502390339870e-02 3.082146927522752891e-02 1.087062971651556187e-02 6.911121206649434431e-04
2.497619469902290917e-02 2.177370872772994848e-02 1.102765966473938201e-02 6.945676812682680286e-04
2.510107567251802091e-02 3.308358114780634435e-02 1.043482186737997378e-02 6.980405196746092581e-04
2.522658105088061015e-02 1.990084802512680218e-02 8.103205839935635410e-03 7.015307222729823223e-04
2.535271395613501039e-02 1.648722822756198622e-02 7.354007797788043171e-03 7.050383758843471477e-04
2.547947752591567944e-02 2.206322697742663791e-02 8.317500670070894844e-03 7.085635677637686699e-04
2.560687491354525849e-02 1.257297980916034265e-02 6.270417878926274127e-03 7.121063856025876227e-04
2.573490928811298165e-02 1.866199442122474725e-02 7.599515998798008105e-03 7.156669175306004356e-04
2.586358383455354334e-02 1.825137986489001191e-02 7.432478792310992163e-03 7.192452521182533332e-04
2.599290175372630934e-02 2.715344625638660414e-02 9.028901884647494783e-03 7.228414783788445668e-04
2.612286626249493704e-02 1.505459380208214529e-02 6.716104925602446769e-03 7.264556857707386807e-04
2.625348059380740867e-02 2.066662679121131913e-02 7.792286407985075242e-03 7.300879641995922705e-04
2.638474799677644617e-02 1.749373528289421137e-02 7.124714445667684054e-03 7.337384040205902590e-04
2.651667173676032496e-02 2.662812885142265551e-02 8.855603416517570520e-03 7.374070960406931214e-04
2.664925509544412152e-02 1.181843754990884177e-02 5.895991117157638357e-03 7.410941315208964715e-04
2.678250137092134248e-02 1.180004661789459987e-02 5.887682546239510206e-03 7.447996021785009474e-04
2.691641387777594235e-02 1.600666151270780865e-02 7.143774297899659238e-03 7.485236001893932640e-04
2.705099594716482009e-02 1.223708658990640616e-02 6.106598217595429062e-03 7.522662181903401685e-04
2.718625092690064166e-02 1.631500897885992604e-02 6.646600553769360133e-03 7.560275492812918276e-04
2.732218218153514150e-02 5.362190620702027288e-03 3.783575933361258033e-03 7.598076870276981171e-04
2.745879309244281599e-02 1.561758140392237142e-02 6.362995121685362070e-03 7.636067254628366207e-04
2.759608705790502631e-02 2.604720661166977976e-03 2.599468686103527035e-03 7.674247590901507121e-04
2.773406749319454884e-02 1.037917046881341870e-02 5.179534297387319158e-03 7.712618828856014066e-04
2.787273783066051419e-02 7.498764542951231495e-03 4.321251603324892561e-03 7.751181923000291865e-04
2.801210151981381458e-02 7.684021714058997775e-03 4.428315377047921039e-03 7.789937832615292717e-04
2.815216202741288587e-02 2.510822699345323632e-03 2.506481371614043430e-03 7.828887521778369728e-04
2.829292283754994419e-02 1.777272675375857550e-02 6.706489908803394025e-03 7.868031959387259463e-04
2.843438745173769086e-02 1.523002573324118078e-02 6.207926898287430446e-03 7.907372119184195684e-04
2.857655938899637815e-02 4.983251441845516078e-03 3.518384146884542991e-03 7.946908979780116337e-04
2.871944218594135734e-02 7.364234712862164148e-03 4.245442043182124855e-03 7.986643524679015813e-04
2.886303939687106038e-02 7.458846467504451697e-03 4.300192558724527138e-03 8.026576742302409971e-04
2.900735459385541531e-02 2.427249944788426993e-03 2.424010794794163089e-03 8.066709626013921506e-04
2.915239136682468840e-02 1.439429759358324193e-02 5.868605323039684241e-03 8.107043174143990002e-04
2.929815332365880848e-02 9.477264490000875813e-03 4.732519298288898058e-03 8.147578390014708835e-04
2.944464409027709728e-02 9.558848298427053899e-03 4.773340096684481650e-03 8.188316281964781338e-04
2.959186731072847854e-02 1.171626446050415271e-02 5.233270949986634432e-03 8.229257863374603819e-04
2.973982664728212072e-02 6.919053252767803745e-03 3.989836527411962271e-03 8.270404152691476513e-04
2.988852578051852740e-02 4.635123753987523999e-03 3.273603744186699173e-03 8.311756173454932714e-04
3.003796840942111676e-02 4.619168350074443277e-03 3.262419075071020490e-03 8.353314954322206684e-04
3.018815825146821744e-02 9.042506826845065140e-03 4.516073354356714767e-03 8.395081529093816487e-04
3.033909904272555358e-02 1.127489471490110418e-02 5.036498411656648369e-03 8.437056936739284517e-04
3.049079453793918093e-02 4.548308371905365917e-03 3.212446319005812529e-03 8.479242221422980544e-04
3.064324851062887045e-02 4.473047282367924142e-03 3.159295067030709440e-03 8.521638432530093772e-04
3.079646475318201237e-02 4.515515787586230935e-03 3.189236537023259870e-03 8.564246624692743682e-04
3.095044707694791924e-02 4.450793068231082006e-03 3.143470828363704658e-03 8.607067857816206886e-04
3.110519931233265631e-02 8.821203255452783609e-03 4.405029760415572933e-03 8.650103197105287085e-04
3.126072530889431600e-02 2.210113707489228755e-03 2.206772777314177508e-03 8.693353713090811894e-04
3.141702893543878161e-02 8.647840850380538943e-03 4.318561727413574095e-03 8.736820481656264094e-04
3.157411408011597670e-02 8.639616008349695203e-03 4.314454402973903063e-03 8.780504584064546250e-04
3.173198465051654815e-02 6.518285813604469785e-03 3.758532903640827722e-03 8.824407106984866753e-04
3.189064457376912520e-02 1.504017625779972139e-02 5.677344132924258373e-03 8.868529142519789585e-04
3.205009779663797742e-02 4.308769832001884542e-03 3.042663917455253834e-03 8.912871788232390327e-04
3.221034828562116537e-02 1.090942260227370508e-02 4.872241372366229242e-03 8.957436147173552035e-04
3.237140002704926023e-02 8.901056134143525353e-03 4.444481870046328512e-03 9.002223327909416152e-04
3.253325702718450757e-02 2.266138579747252382e-03 2.263059947942546498e-03 9.047234444548963531e-04
3.269592331232042820e-02 1.455018037954555928e-02 5.932379692450803071e-03 9.092470616771708208e-04
3.285940292888202274e-02 9.565520151322774722e-03 4.776467389989539312e-03 9.137932969855564651e-04
3.302369994352642724e-02 2.325989663499504565e-03 2.322801555031980218e-03 9.183622634704840778e-04
3.318881844324406138e-02 2.244611351560008190e-03 2.241224399363507102e-03 9.229540747878365410e-04
3.335476253546027642e-02 2.227356883162603593e-03 2.223995966652637154e-03 9.275688451617755594e-04
3.352153634813757888e-02 4.393492860613711082e-03 3.101980863728189507e-03 9.322066893875844383e-04
3.368914402987825685e-02 6.476168282932282666e-03 3.732963021938612552e-03 9.368677228345221372e-04
3.385758975002764459e-02 6.390673428094544549e-03 3.683498794421491591e-03 9.415520614486946709e-04
3.402687769877778268e-02 1.060514069379676037e-02 4.734729148175294972e-03 9.462598217559381117e-04
3.419701208727166097e-02 6.258101644305756606e-03 3.606679193398053002e-03 9.509911208647175290e-04
3.436799714770802372e-02 4.137042267953449856e-03 2.920118590367443492e-03 9.557460764690412164e-04
3.453983713344655621e-02 6.101203247284953286e-03 3.516255256799806928e-03 9.605248068513861943e-04
3.471253631911378618e-02 3.934653908589698032e-03 2.777132097916985582e-03 9.653274308856430114e-04
3.488609900070935299e-02 1.961069579001590343e-03 1.957483006654954678e-03 9.701540680400711717e-04
3.506052949571289434e-02 1.339796442428763286e-02 5.054170342842030997e-03 9.750048383802714744e-04
3.523583214319145340e-02 5.781187850146172341e-03 3.331310800431542315e-03 9.798798625721726659e-04
3.541201130390740637e-02 5.729023036615642564e-03 3.301246490239782665e-03 9.847792618850332701e-04
3.558907136042693820e-02 9.368685339850803609e-03 4.181676276855411482e-03 9.897031581944583812e-04
3.576701671722907344e-02 0.000000000000000000e+00 0.000000000000000000e+00 9.946516739854306590e-04
3.594585180081521364e-02 5.558340452652655098e-03 3.202870773818364877e-03 9.996249323553578047e-04
3.612558105981928530e-02 5.633863405128272314e-03 3.246436365396321820e-03 1.004623057017134348e-03
3.630620896511838058e-02 -1.822095829819299134e-03 4.066354943907063944e-03 1.009646172302219912e-03
3.648774000994396693e-02 1.975774793460872980e-02 5.945766173737637023e-03 1.014694403163730928e-03
3.667017870999368656e-02 1.077356870015014692e-02 4.389946281763065609e-03 1.019767875179549690e-03
3.685352960354364854e-02 7.157691390177284459e-03 3.572195813600420339e-03 1.024866714555447075e-03
3.703779725156136626e-02 7.142308423573536479e-03 3.564592074699374398e-03 1.029991048128224345e-03
3.722298623781916671e-02 1.764620646596721642e-03 1.761486984375606026e-03 1.035141003368865355e-03
3.740910116900825200e-02 0.000000000000000000e+00 0.000000000000000000e+00 1.040316708385709363e-03
3.759614667485329520e-02 8.629209133252067898e-03 3.852565075707325461e-03 1.045518291927637934e-03
3.778412740822754967e-02 5.122198387391235959e-03 2.952295051144976454e-03 1.050745883387275937e-03
3.797304804526868693e-02 3.397091642162312995e-03 2.398181895867743368e-03 1.055999612804212279e-03
3.816291328549503009e-02 1.693127560922430899e-03 1.690461957509568902e-03 1.061279610868233209e-03
3.835372785192249501e-02 5.099440311340032971e-03 2.939738706352069183e-03 1.066586008922574061e-03
3.854549649118210741e-02 5.014087909931898464e-03 2.890638114311448823e-03 1.071918938967187035e-03
3.873822397363801268e-02 4.987194678201439801e-03 2.875449212098037891e-03 1.077278533662022865e-03
3.893191509350620028e-02 0.000000000000000000e+00 0.000000000000000000e+00 1.082664926330332861e-03
3.912657466897372788e-02 4.921097775815668797e-03 2.837339954578705498e-03 1.088078250961984402e-03
3.932220754231859072e-02 3.250033142426030433e-03 2.295282201964557109e-03 1.093518642216794205e-03
3.951881858003018083e-02 3.182019722768397122e-03 2.247248848151532814e-03 1.098986235427878077e-03
3.971641267293032906e-02 6.513312599895335064e-03 3.252834089230321937e-03 1.104481166605017365e-03
3.991499473629497863e-02 1.624084743545472836e-03 1.622211849793502633e-03 1.110003572438042312e-03
4.011456970997644145e-02 3.201596649666304823e-03 2.261260007443748922e-03 1.115553590300232337e-03
4.031514255852632067e-02 3.174877055701257403e-03 2.242555560743854370e-03 1.121131358251733438e-03
4.051671827131894665e-02 4.729558831297374713e-03 2.727709207645112946e-03 1.126737015042991860e-03
4.071930186267554153e-02 0.000000000000000000e+00 0.000000000000000000e+00 1.132370700118206846e-03
4.092289837198891111e-02 1.567595298864896342e-03 1.565977627087357165e-03 1.138032553618797699e-03
4.112751286384885852e-02 4.640311421904717154e-03 2.676394568333875530e-03 1.143722716386891660e-03
4.133315042816809726e-02 0.000000000000000000e+00 0.000000000000000000e+00 1.149441329968826095e-03
4.153981618030892775e-02 0.000000000000000000e+00 0.000000000000000000e+00 1.155188536618669774e-03
4.174751526121046885e-02 4.546531905550177735e-03 2.622307964951014862e-03 1.160964479301763216e-03
4.195625283751651391e-02 3.077509700945656526e-03 2.173944792783958409e-03 1.166769301698271626e-03
4.216603410170409461e-02 1.516596664496552881e-03 1.515026573959431678e-03 1.172603148206762978e-03
4.237686427221261376e-02 0.000000000000000000e+00 0.000000000000000000e+00 1.178466163947796720e-03
4.258874859357367204e-02 1.523686383099431742e-03 1.522108952775302112e-03 1.184358494767535691e-03
4.280169233654153305e-02 3.035044431911519767e-03 2.143781536816471902e-03 1.190280287241373205e-03
4.301570079822424064e-02 1.511229209437979981e-03 1.509596255157512508e-03 1.196231688677580098e-03
4.323077930221535387e-02 2.996805661277498426e-03 2.116608464283282684e-03 1.202212847120967586e-03
4.344693319872642429e-02 1.491154978816134876e-03 1.489428736629480176e-03 1.208223911356572262e-03
4.366416786472004929e-02 8.932578256022106339e-03 3.642439909536082220e-03 1.214265030913354955e-03
4.388248870404365398e-02 4.407755665414167523e-03 2.541670827237251136e-03 1.220336356067921926e-03
4.410190114756386282e-02 2.981757522409579381e-03 2.105812721205967651e-03 1.226438037848261251e-03
4.432241065330168317e-02 2.942838584502696381e-03 2.078155547298751824e-03 1.232570228037502616e-03
4.454402270656818152e-02 1.493252763287807776e-03 1.491282543252007856e-03 1.238733079177689904e-03
4.476674282010102007e-02 5.905298123242918272e-03 2.948579240327420074e-03 1.244926744573578289e-03
4.499057653420152070e-02 2.989148904265865811e-03 2.110734086712182100e-03 1.251151378296446078e-03
4.521552941687251997e-02 4.445165428934007290e-03 2.562880002520083553e-03 1.257407135187928009e-03
4.544160706395687643e-02 2.955837774757281555e-03 2.087108813541360859e-03 1.263694170863867428e-03
4.566881509927665783e-02 1.509555382312540014e-03 1.507400120958265425e-03 1.270012641718186669e-03
4.589715917477303619e-02 1.522536740681905247e-03 1.520362945255760096e-03 1.276362704926777393e-03
4.612664497064689756e-02 3.120757385791766200e-03 2.203706099532042485e-03 1.282744518451411301e-03
4.635727819550012480e-02 3.230997336723338224e-03 2.281551450048869417e-03 1.289158241043668199e-03
4.658906458647761595e-02 3.295188771157258820e-03 2.326808519853494975e-03 1.295604032248886183e-03
4.682200990941000340e-02 3.164788160718722161e-03 2.234729651894615948e-03 1.302082052410130685e-03
4.705611995895704613e-02 3.030919120440076289e-03 2.140201645928585354e-03 1.308592462672181081e-03
4.729140055875183379e-02 4.561972176467740669e-03 2.630152133944988965e-03 1.315135424985542029e-03
4.752785756154558061e-02 3.044415583031818105e-03 2.149699736864923820e-03 1.321711102110469322e-03
4.776549684935330747e-02 3.062727571366078479e-03 2.162630059766955729e-03 1.328319657621021771e-03
4.800432433360006523e-02 3.061358824661576140e-03 2.161970196541811943e-03 1.334961255909126532e-03
4.824434595526806702e-02 6.235353325889383090e-03 3.113734196092905315e-03 1.341636062188672181e-03
4.848556768504440340e-02 1.596098583085065479e-03 1.594080231162850036e-03 1.348344242499615458e-03
4.872799552346961799e-02 0.000000000000000000e+00 0.000000000000000000e+00 1.355085963712113380e-03
4.897163550108696306e-02 0.000000000000000000e+00 0.000000000000000000e+00 1.361861393530673777e-03
4.921649367859239066e-02 1.490246856176285443e-03 1.488588589033053777e-03 1.368670700498327095e-03
4.946257614698534866e-02 5.968832246680790682e-03 2.981095225980448776e-03 1.375514054000818564e-03
4.970988902772026374e-02 1.499317788726401909e-03 1.497649427941123495e-03 1.382391624270822277e-03
4.995843847285886402e-02 3.073280125096104331e-03 2.170827903406921493e-03 1.389303582392176521e-03
5.020823066522315387e-02 0.000000000000000000e+00 0.000000000000000000e+00 1.396250100304137097e-03
5.045927181854926308e-02 3.026802960124824141e-03 2.138105715825991317e-03 1.403231350805657753e-03
5.071156817764200381e-02 3.068053474951409204e-03 2.167573252998634091e-03 1.410247507559685793e-03
5.096512601853020463e-02 4.602669147281203930e-03 2.655063954378556693e-03 1.417298745097483924e-03
5.121995164862284955e-02 1.549626498421744977e-03 1.548292073199822230e-03 1.424385238822971182e-03
5.147605140686596636e-02 1.543517280931708995e-03 1.542318345179076499e-03 1.431507165017086199e-03
5.173343166390028530e-02 0.000000000000000000e+00 0.000000000000000000e+00 1.438664700842171278e-03
5.199209882221978579e-02 0.000000000000000000e+00 0.000000000000000000e+00 1.445858024346382067e-03
5.225205931633088163e-02 1.604616843413090785e-03 1.603514933550585471e-03 1.453087314468113917e-03
5.251331961291252903e-02 0.000000000000000000e+00 0.000000000000000000e+00 1.460352751040454268e-03
5.277588621097707711e-02 -4.241995744863974460e-03 4.482904019522559146e-03 1.467654514795656284e-03
