1.442977229909739312e-02 5.771920562303055613e-01 3.799156072508629023e-02 4.012867625701226548e-04
1.450192116059288022e-02 4.451636474835827251e-01 3.090581424517903006e-02 4.032931963829732946e-04
1.457443076639584369e-02 5.528917631566752089e-01 3.534615126981634214e-02 4.053096623648881082e-04
1.464730292022782196e-02 4.658664247404825653e-01 3.158678755325234483e-02 4.073362106767125165e-04
1.472053943482895880e-02 5.131931464629126971e-01 3.333922483260486763e-02 4.093728917300960379e-04
1.479414213200310087e-02 4.780820218403001309e-01 3.037551550340224574e-02 4.114197561887464392e-04
1.486811284266311567e-02 4.472478330964190230e-01 2.978013462751513685e-02 4.134768549696901749e-04
1.494245340687642976e-02 4.664805864835123161e-01 3.007012221945056657e-02 4.155442392445385727e-04
1.501716567391080982e-02 4.139998933681952042e-01 2.744213063250115769e-02 4.176219604407612287e-04
1.509225150228036064e-02 4.132047101024277636e-01 2.709098503244178682e-02 4.197100702429649327e-04
1.516771275979176062e-02 3.437631472383632647e-01 2.477485079771504783e-02 4.218086205941796942e-04
1.524355132359071774e-02 3.606532941991689722e-01 2.538923743467800392e-02 4.239176636971505696e-04
1.531976908020867001e-02 3.734754150868321299e-01 2.515101288580593245e-02 4.260372520156362653e-04
1.539636792560971322e-02 3.265605500888402180e-01 2.361064219409171952e-02 4.281674382757144626e-04
1.547334976523776114e-02 3.642813267848064029e-01 2.457061805697463922e-02 4.303082754670929980e-04
1.555071651406394681e-02 2.982949323931005092e-01 2.196020982478067221e-02 4.324598168444283614e-04
1.562847009663426504e-02 3.083724883217798252e-01 2.162433957626256134e-02 4.346221159286504823e-04
1.570661244711743509e-02 3.040229526208244049e-01 2.164424023073832637e-02 4.367952265082936970e-04
1.578514550935301852e-02 2.985921810823902178e-01 2.120341253593038475e-02 4.389792026408350333e-04
1.586407123689978493e-02 2.816284829042982607e-01 2.096954517663712769e-02 4.411740986540392713e-04
1.594339159308428081e-02 2.722809588626899924e-01 1.974054392275143358e-02 4.433799691473093722e-04
1.602310855104970011e-02 2.863044875674092826e-01 2.007882848728610725e-02 4.455968689930458505e-04
1.610322409380494577e-02 2.470139153711810587e-01 1.840325890103755926e-02 4.478248533380110256e-04
1.618374021427396864e-02 2.360217072361719126e-01 1.778474387252838851e-02 4.500639776047010254e-04
1.626465891534533553e-02 2.544968835417938946e-01 1.864260773524585232e-02 4.523142974927244582e-04
1.634598220992206086e-02 2.603228535560997980e-01 1.821420723702673120e-02 4.545758689801880225e-04
1.642771212097167421e-02 2.238811426470042887e-01 1.668201007382420775e-02 4.568487483250890566e-04
1.650985068157653085e-02 1.770374860702986497e-01 1.501107709971593804e-02 4.591329920667144306e-04
1.659239993498441007e-02 2.291186105818395491e-01 1.660135225718600491e-02 4.614286570270479488e-04
1.667536193465932876e-02 1.712330751069520984e-01 1.398646886492049130e-02 4.637358003121830655e-04
1.675873874433262550e-02 1.811785564023595529e-01 1.446451394739525775e-02 4.660544793137440028e-04
1.684253243805428762e-02 1.565260057442255381e-01 1.309826470516067647e-02 4.683847517103126691e-04
1.692674510024455570e-02 1.548591590053053912e-01 1.308717223447076680e-02 4.707266754688641430e-04
1.701137882574577792e-02 1.443188975612597624e-01 1.216372207689956665e-02 4.730803088462084451e-04
1.709643571987450386e-02 1.421343373433483215e-01 1.218908131900182240e-02 4.754457103904394114e-04
1.718191789847387657e-02 1.438247594593468903e-01 1.221120079526024152e-02 4.778229389423915906e-04
1.726782748796624328e-02 1.364072620570556116e-01 1.187068935155058749e-02 4.802120536371034826e-04
1.735416662540607141e-02 1.278427540021499220e-01 1.114161700179984622e-02 4.826131139052889101e-04
1.744093745853309702e-02 1.310880342481915428e-01 1.109132359995279940e-02 4.850261794748152188e-04
1.752814214582576469e-02 1.194165166623867569e-01 1.115703695448875751e-02 4.874513103721893944e-04
1.761578285655489295e-02 1.117571357088105732e-01 1.003831341072690397e-02 4.898885669240503034e-04
1.770386177083766582e-02 1.042505346286089207e-01 9.575414924704756317e-03 4.923380097586704763e-04
1.779238107969184982e-02 9.089334169048353396e-02 9.192816793212897630e-03 4.947996998074637989e-04
1.788134298509030939e-02 7.600960258496879118e-02 8.366396449882299718e-03 4.972736983065010642e-04
1.797074970001575484e-02 9.902509173130358278e-02 9.325485870109791187e-03 4.997600667980333852e-04
1.806060344851583357e-02 7.185816617724909150e-02 7.688539828192403856e-03 5.022588671320236302e-04
1.815090646575841238e-02 7.352254480567597950e-02 7.822159889963580665e-03 5.047701614676837131e-04
1.824166099808720298e-02 6.786800398463943562e-02 7.262259495603575615e-03 5.072940122750220753e-04
1.833286930307763407e-02 6.130616544450083472e-02 6.841465688753929457e-03 5.098304823363970220e-04
1.842453364959302162e-02 6.171794568914039381e-02 6.762244600841660867e-03 5.123796347480790575e-04
1.851665631784098556e-02 5.478469200417582230e-02 6.357469194766295247e-03 5.149415329218194008e-04
1.860923959943018915e-02 5.112545875565613351e-02 6.260078869340776099e-03 5.175162405864284750e-04
1.870228579742733849e-02 4.605130413244484799e-02 5.746920411958724058e-03 5.201038217893605778e-04
1.879579722641447001e-02 4.212869976944724065e-02 5.835992193261786698e-03 5.227043408983072246e-04
1.888977621254653988e-02 4.504691980807071228e-02 5.494942519004617117e-03 5.253178626027986235e-04
1.898422509360927352e-02 4.404005734684997980e-02 5.454363279022649870e-03 5.279444519158126318e-04
1.907914621907731700e-02 3.399755984810422932e-02 4.707803766805043928e-03 5.305841741753916261e-04
1.917454195017270074e-02 4.159807892354600023e-02 5.152369021071782733e-03 5.332370950462685891e-04
1.927041465992356331e-02 3.132834580983812067e-02 4.686289318784222710e-03 5.359032805214998096e-04
1.936676673322317715e-02 3.591043375915076163e-02 4.750091454984150738e-03 5.385827969241072316e-04
1.946360056688929002e-02 3.460636776045850072e-02 4.538067197363149056e-03 5.412757109087277434e-04
1.956091856972373699e-02 4.068881960743168241e-02 4.964634641707159519e-03 5.439820894632713556e-04
1.965872316257235436e-02 3.148293414179331728e-02 4.319111063274756572e-03 5.467019999105876202e-04
1.975701677838521270e-02 2.798041390369044104e-02 4.033665107185516185e-03 5.494355099101405062e-04
1.985580186227713789e-02 2.270302127657117600e-02 3.746809308119999384e-03 5.521826874596911898e-04
1.995508087158852362e-02 2.470112305526673754e-02 3.920416676799648795e-03 5.549436008969896262e-04
2.005485627594646297e-02 2.540399128619329552e-02 3.662406935329037307e-03 5.577183189014744708e-04
2.015513055732619241e-02 2.564481409447735491e-02 4.063490319585753158e-03 5.605069104959817814e-04
2.025590621011282011e-02 2.715277536107345638e-02 3.761043201394542908e-03 5.633094450484616355e-04
2.035718574116338053e-02 2.760548638953161035e-02 3.823720864313163645e-03 5.661259922737038553e-04
2.045897166986919424e-02 2.764569927983746497e-02 3.793005076682765941e-03 5.689566222350722971e-04
2.056126652821854001e-02 2.784617258506262572e-02 3.716757931464125669e-03 5.718014053462475979e-04
2.066407286085962872e-02 2.560468587325701387e-02 3.512913128903479790e-03 5.746604123729787041e-04
2.076739322516392428e-02 2.254017625517372794e-02 3.283880524507003240e-03 5.775337144348435077e-04
2.087123019128974549e-02 2.930624055030186387e-02 3.893103299691927713e-03 5.804213830070178298e-04
2.097558634224619065e-02 2.691036696539191725e-02 3.742582216452672566e-03 5.833234899220527542e-04
2.108046427395741940e-02 2.266618757006366031e-02 3.353643804426393454e-03 5.862401073716630179e-04
2.118586659532720531e-02 2.157114395399951923e-02 3.109455403253120684e-03 5.891713079085212582e-04
2.129179592830383883e-02 2.939931844773282371e-02 3.744086824175498884e-03 5.921171644480638591e-04
2.139825490794535628e-02 2.290349745276350560e-02 3.141740619205864605e-03 5.950777502703040629e-04
2.150524618248508130e-02 2.285065901457374732e-02 3.307069242388114508e-03 5.980531390216555984e-04
2.161277241339750604e-02 2.196028116358556687e-02 3.040983062910871965e-03 6.010434047167637897e-04
2.172083627546448834e-02 2.938526507496094786e-02 3.482274222811648084e-03 6.040486217403475072e-04
2.182944045684180601e-02 2.194938301105877829e-02 3.143725690230551092e-03 6.070688648490491423e-04
2.193858765912601316e-02 3.201928310406336464e-02 3.552161383497229926e-03 6.101042091732943387e-04
2.204828059742164337e-02 2.831041054664024809e-02 3.285720335440805561e-03 6.131547302191607237e-04
2.215852200040874936e-02 2.729269595273974697e-02 3.342220577553317584e-03 6.162205038702565051e-04
2.226931461041078975e-02 2.861267373828139254e-02 3.504098116406908180e-03 6.193016063896077420e-04
2.238066118346284175e-02 2.550140858234490812e-02 3.042650748280888683e-03 6.223981144215556989e-04
2.249256448938015407e-02 2.769672369782015184e-02 3.171320738430217622e-03 6.255101049936634145e-04
2.260502731182705005e-02 3.248117012621499350e-02 3.380058564639963278e-03 6.286376555186315961e-04
2.271805244838618482e-02 2.440442815908891797e-02 3.033509859199220657e-03 6.317808437962247042e-04
2.283164271062811460e-02 3.054045530723461729e-02 3.249217850456269634e-03 6.349397480152058201e-04
2.294580092418125120e-02 3.051714502947826257e-02 3.210339016255218947e-03 6.381144467552817045e-04
2.306052992880215646e-02 2.702894800003546871e-02 3.015646705087838240e-03 6.413050189890581558e-04
2.317583257844616634e-02 3.010557661249798830e-02 3.312402564169215999e-03 6.445115440840033924e-04
2.329171174133839312e-02 2.809454004069988214e-02 3.149908071897247145e-03 6.477341018044233600e-04
2.340817030004507804e-02 2.935555571738813346e-02 3.115000929834933589e-03 6.509727723134452800e-04
2.352521115154530135e-02 2.850267110541945467e-02 3.095962506897833016e-03 6.542276361750123644e-04
2.364283720730302879e-02 2.526189792605059575e-02 2.783322766824966338e-03 6.574987743558875298e-04
2.376105139333953981e-02 2.757480049794507060e-02 2.976522537954965405e-03 6.607862682276667609e-04
2.387985665030623386e-02 3.033026046557756733e-02 3.050256353749876068e-03 6.640901995688050508e-04
2.399925593355776293e-02 2.852095637835731085e-02 2.919076913145634243e-03 6.674106505666489546e-04
2.411925221322554908e-02 2.776902172058453439e-02 2.857142729622075879e-03 6.707477038194821538e-04
2.423984847429167672e-02 2.725814621230073995e-02 2.789764004254454127e-03 6.741014423385795857e-04
2.436104771666313187e-02 2.648018956783466590e-02 2.825149933132655670e-03 6.774719495502724148e-04
2.448285295524644731e-02 2.651786994872813372e-02 2.743061238543691507e-03 6.808593092980237379e-04
2.460526722002267380e-02 2.337068728386152566e-02 2.814246033056466267e-03 6.842636058445137216e-04
2.472829355612278512e-02 2.518637927458501277e-02 2.856341120839413217e-03 6.876849238737362327e-04
2.485193502390339870e-02 2.250737629137628329e-02 2.675233956672107370e-03 6.911233484931049009e-04
2.497619469902290917e-02 2.709229254978597415e-02 2.649939316220816053e-03 6.945789652355702400e-04
2.510107567251802091e-02 2.181837058508934515e-02 2.427115023225107256e-03 6.980518600617480456e-04
2.522658105088061015e-02 2.161950717656920679e-02 2.338827866901887868e-03 7.015421193620566829e-04
2.535271395613501039e-02 2.402703632899392400e-02 2.458681708930130199e-03 7.050498299588669505e-04
2.547947752591567944e-02 2.516925788454432711e-02 2.461651901988442300e-03 7.085750791086610533e-04
2.560687491354525849e-02 1.856316690880933928e-02 2.190742151114985405e-03 7.121179545042043667e-04
2.573490928811298165e-02 1.834361103969280038e-02 2.085162977130750224e-03 7.156785442767253343e-04
2.586358383455354334e-02 1.844538136936955952e-02 2.070082903662383202e-03 7.192569369981089171e-04
2.599290175372630934e-02 1.735055414744874833e-02 1.998543238641088422e-03 7.228532216830993668e-04
2.612286626249493704e-02 1.915410097646838214e-02 2.097297374992399249e-03 7.264674877915148175e-04
2.625348059380740867e-02 2.127364792309266450e-02 2.188882353012282667e-03 7.300998252304722854e-04
2.638474799677644617e-02 2.078264153048087204e-02 2.149905322359733657e-03 7.337503243566245942e-04
2.651667173676032496e-02 1.665948218142450019e-02 1.994188612871818870e-03 7.374190759784077101e-04
2.664925509544412152e-02 1.248383488846325357e-02 1.679551991009325647e-03 7.411061713582995682e-04
2.678250137092134248e-02 1.221028792179687343e-02 1.658125293324606234e-03 7.448117022150910422e-04
2.691641387777594235e-02 1.450550937172969367e-02 1.884636734128925482e-03 7.485357607261663472e-04
2.705099594716482009e-02 1.078163737088065621e-02 1.586562337669909740e-03 7.522784395297971030e-04
2.718625092690064166e-02 1.167474863285312449e-02 1.556912062179813738e-03 7.560398317274460468e-04
2.732218218153514150e-02 1.089397913376839722e-02 1.493223236117250221e-03 7.598200308860832142e-04
2.745879309244281599e-02 1.258321015691258975e-02 1.582138994762134938e-03 7.636191310405135045e-04
2.759608705790502631e-02 9.379960096346014187e-03 1.365493108870053989e-03 7.674372266957160639e-04
2.773406749319454884e-02 1.294795861827503954e-02 1.602886281862700478e-03 7.712744128291945103e-04
2.787273783066051419e-02 9.775679878304735157e-03 1.366304928236897328e-03 7.751307848933402774e-04
2.801210151981381458e-02 1.020472516925384834e-02 1.491768349775875668e-03 7.790064388178069088e-04
2.815216202741288587e-02 9.052866589831625940e-03 1.318213158602316113e-03 7.829014710118960621e-04
2.829292283754994419e-02 7.016655343317064128e-03 1.261076312448678989e-03 7.868159783669553299e-04
2.843438745173769086e-02 9.600949040392700584e-03 1.420133252007668928e-03 7.907500582587900480e-04
2.857655938899637815e-02 7.649620431641945481e-03 1.295102120716433393e-03 7.947038085500839934e-04
2.871944218594135734e-02 8.843970935430210331e-03 1.288104790519942026e-03 7.986773275928342854e-04
2.886303939687106038e-02 5.714559290211195484e-03 1.041835106741833107e-03 8.026707142307983218e-04
2.900735459385541531e-02 6.894726290205986305e-03 1.220237367480542408e-03 8.066840678019523156e-04
2.915239136682468840e-02 7.548069822310311990e-03 1.177237377236074658e-03 8.107174881409619747e-04
2.929815332365880848e-02 5.631242797984934052e-03 1.010090547378918180e-03 8.147710755816667347e-04
2.944464409027709728e-02 5.203678588723658141e-03 1.044195850688752446e-03 8.188449309595749416e-04
2.959186731072847854e-02 5.396672736380997773e-03 9.840893212430771187e-04 8.229391556143726954e-04
2.973982664728212072e-02 5.477285990715371859e-03 9.825609761522245342e-04 8.270538513924445122e-04
2.988852578051852740e-02 5.591075716328186909e-03 1.060538359665727298e-03 8.311891206494066708e-04
3.003796840942111676e-02 5.378528740151131832e-03 1.038896604773619078e-03 8.353450662526535698e-04
3.018815825146821744e-02 4.501829321154178498e-03 9.783467551521957128e-04 8.395217915839166614e-04
3.033909904272555358e-02 4.160795491431908306e-03 8.483434873348329620e-04 8.437194005418361797e-04
3.049079453793918093e-02 5.230280717061868562e-03 9.538181248440151657e-04 8.479379975445453356e-04
3.064324851062887045e-02 4.973897299345842078e-03 9.225704070929206238e-04 8.521776875322678493e-04
3.079646475318201237e-02 6.053205598117134684e-03 1.021987456472859103e-03 8.564385759699291419e-04
3.095044707694791924e-02 4.782990734225131199e-03 9.028332799153242303e-04 8.607207688497786960e-04
3.110519931233265631e-02 4.056887651217171674e-03 8.269711631047765594e-04 8.650243726940274854e-04
3.126072530889431600e-02 5.148433344489216669e-03 9.941029981891101076e-04 8.693494945574975485e-04
3.141702893543878161e-02 5.315057282948092675e-03 9.383898443863618061e-04 8.736962420302848975e-04
3.157411408011597670e-02 4.639289846962791133e-03 8.756568210794142505e-04 8.780647232404363046e-04
3.173198465051654815e-02 6.827362117653485059e-03 1.064894546284344190e-03 8.824550468566382325e-04
3.189064457376912520e-02 4.783314820408449825e-03 8.870997640357500573e-04 8.868673220909212675e-04
3.205009779663797742e-02 8.428746171676120350e-03 1.178673678105572218e-03 8.913016587013760468e-04
3.221034828562116537e-02 7.016732333732536749e-03 1.081245268344444748e-03 8.957581669948829536e-04
3.237140002704926023e-02 6.384830778654257584e-03 1.099069511731748383e-03 9.002369578298569921e-04
3.253325702718450757e-02 7.819254760328075982e-03 1.164070673245028425e-03 9.047381426190063232e-04
3.269592331232042820e-02 7.812900527161631414e-03 1.203992686004805128e-03 9.092618333321013163e-04
3.285940292888202274e-02 5.868554072040393400e-03 1.036037300096446243e-03 9.138081424987616001e-04
3.302369994352642724e-02 9.106806066398392269e-03 1.273460099017448451e-03 9.183771832112552552e-04
3.318881844324406138e-02 7.626446254863828225e-03 1.266923574647872350e-03 9.229690691273115602e-04
3.335476253546027642e-02 6.391181405175843516e-03 1.099997015495958377e-03 9.275839144729480486e-04
3.352153634813757888e-02 7.417411167836937547e-03 1.190159894939125289e-03 9.322218340453127449e-04
3.368914402987825685e-02 7.124028274641501512e-03 1.157847644898052971e-03 9.368829432155390859e-04
3.385758975002764459e-02 4.900074096097013950e-03 8.931338714941837323e-04 9.415673579316166707e-04
3.402687769877778268e-02 7.322345281480371199e-03 1.089701787706762875e-03 9.462751947212746971e-04
3.419701208727166097e-02 7.032574976165262108e-03 1.058341234066368470e-03 9.510065706948807925e-04
3.436799714770802372e-02 7.515001472326002414e-03 1.136403911246867699e-03 9.557616035483553494e-04
3.453983713344655621e-02 7.236072366318306928e-03 1.106880259534357520e-03 9.605404115660969196e-04
3.471253631911378618e-02 6.197155666367720750e-03 9.660630723203478135e-04 9.653431136239273413e-04
3.488609900070935299e-02 7.216238505868728670e-03 1.039586511920933707e-03 9.701698291920469487e-04
3.506052949571289434e-02 6.024162261742627145e-03 9.389983148688190850e-04 9.750206783380070208e-04
3.523583214319145340e-02 7.380468185698320707e-03 1.041735898870635273e-03 9.798957817296969752e-04
3.541201130390740637e-02 7.471188367600582921e-03 1.044149336804548736e-03 9.847952606383452226e-04
3.558907136042693820e-02 5.883260937485397871e-03 9.170226718600343798e-04 9.897192369415367189e-04
3.576701671722907344e-02 7.499896520697371324e-03 1.038019117605520425e-03 9.946678331262445022e-04
3.594585180081521364e-02 5.258149186880343821e-03 9.300888616141163474e-04 9.996411722918755426e-04
3.612558105981928530e-02 6.330068653646774186e-03 1.015317706193096794e-03 1.004639378153334914e-03
3.630620896511838058e-02 6.565335869270771951e-03 9.558108027602941906e-04 1.009662575044101458e-03
3.648774000994396693e-02 4.964739317358423526e-03 8.920420457880507683e-04 1.014710887919321883e-03
3.667017870999368656e-02 7.293658733189875738e-03 9.999662163706947177e-04 1.019784442358918517e-03
3.685352960354364854e-02 5.083622643357129170e-03 8.341895229702954787e-04 1.024883364570712899e-03
3.703779725156136626e-02 5.119683888863840043e-03 8.808578169062200505e-04 1.030007781393566489e-03
3.722298623781916671e-02 6.084099646917300909e-03 9.053534255523120475e-04 1.035157820300533970e-03
3.740910116900825200e-02 5.282808427637940632e-03 8.444241500651375942e-04 1.040333609402036485e-03
3.759614667485329520e-02 4.903040952603928901e-03 8.046900909576133439e-04 1.045535277449046591e-03
3.778412740822754967e-02 5.158531742851812235e-03 8.626563340159444085e-04 1.050762953836291641e-03
3.797304804526868693e-02 5.469478689330633213e-03 8.426110723222952339e-04 1.056016768605473003e-03
3.816291328549503009e-02 3.376801027311236193e-03 6.612025540936334461e-04 1.061296852448500444e-03
3.835372785192249501e-02 3.778962708125477819e-03 7.697410327682803867e-04 1.066603336710742573e-03
3.854549649118210741e-02 3.720827506463340786e-03 6.899266945734841170e-04 1.071936353394296361e-03
3.873822397363801268e-02 3.055242234293096323e-03 6.227565491872472450e-04 1.077296035161267717e-03
3.893191509350620028e-02 3.063913596742496703e-03 6.245696870669593731e-04 1.082682515337073971e-03
3.912657466897372788e-02 3.400073755900798536e-03 6.534621125035976370e-04 1.088095927913759146e-03
3.932220754231859072e-02 2.491427104853432845e-03 5.564119977828959479e-04 1.093536407553327879e-03
3.951881858003018083e-02 2.980194486478543459e-03 6.519243174866047293e-04 1.099004089591094305e-03
3.971641267293032906e-02 2.622314467238936065e-03 5.715626490172443126e-04 1.104499110039049809e-03
3.991499473629497863e-02 1.742209677146486658e-03 4.650881646509016400e-04 1.110021605589245081e-03
4.011456970997644145e-02 2.210811967723566238e-03 5.205205123816736669e-04 1.115571713617190827e-03
4.031514255852632067e-02 2.118388617311392236e-03 5.646925557695924502e-04 1.121149572185276694e-03
4.051671827131894665e-02 2.417894849275188229e-03 6.157903564139998332e-04 1.126755320046202982e-03
4.071930186267554153e-02 2.289438538439981814e-03 5.246912126703404122e-04 1.132389096646434050e-03
4.092289837198891111e-02 1.680896114064386491e-03 4.487747949278322011e-04 1.138051042129666025e-03
4.112751286384885852e-02 2.541061625759769363e-03 5.997121851107581770e-04 1.143741297340314248e-03
4.133315042816809726e-02 2.405512666649730052e-03 6.126719065584217182e-04 1.149460003827015679e-03
4.153981618030892775e-02 2.419490570317289757e-03 5.871807041128982753e-04 1.155207303846150606e-03
4.174751526121046885e-02 3.022880412022517158e-03 5.922408675475217309e-04 1.160983340365381259e-03
4.195625283751651391e-02 1.415640021339268154e-03 5.000022023317620638e-04 1.166788257067207998e-03
4.216603410170409461e-02 2.323599410617464920e-03 5.917906389723373052e-04 1.172622198352543926e-03
4.237686427221261376e-02 2.443458701213898927e-03 5.326543907705127631e-04 1.178485309344306630e-03
4.258874859357367204e-02 1.799229319525232291e-03 5.161685565682311815e-04 1.184377735891027931e-03
4.280169233654153305e-02 1.978494074268966757e-03 5.575453807669944343e-04 1.190299624570482920e-03
4.301570079822424064e-02 2.902033359483446526e-03 5.797759370051787809e-04 1.196251122693335264e-03
4.323077930221535387e-02 2.456375518387853701e-03 5.796400147281730812e-04 1.202232378306801810e-03
4.344693319872642429e-02 3.542066928640136541e-03 6.354375341306635078e-04 1.208243540198335620e-03
4.366416786472004929e-02 2.512150874272226549e-03 5.349472050626818140e-04 1.214284757899327001e-03
4.388248870404365398e-02 2.409698519412931984e-03 5.685802662539510234e-04 1.220356181688823840e-03
4.410190114756386282e-02 2.974345806974753714e-03 6.463317960530733835e-04 1.226457962597267762e-03
4.432241065330168317e-02 2.076377793002261423e-03 6.022742032348104646e-04 1.232590252410254144e-03
4.454402270656818152e-02 3.667087562778262224e-03 6.474003060627318146e-04 1.238753203672305139e-03
4.476674282010102007e-02 2.604401649087879043e-03 5.423276352645449612e-04 1.244946969690666552e-03
4.499057653420152070e-02 3.209095307471279256e-03 6.056260863290577855e-04 1.251171704539119677e-03
4.521552941687251997e-02 2.999163278364135998e-03 6.271534724097652547e-04 1.257427563061815036e-03
4.544160706395687643e-02 3.737528084526293461e-03 6.496980262804785385e-04 1.263714700877124116e-03
4.566881509927665783e-02 3.009310480926778286e-03 5.893317246768797150e-04 1.270033274381509539e-03
4.589715917477303619e-02 3.623354816880309127e-03 6.498558637349872514e-04 1.276383440753416912e-03
4.612664497064689756e-02 2.992600450089651087e-03 5.977057022536645323e-04 1.282765357957184023e-03
4.635727819550012480e-02 1.858997573191243638e-03 4.793379995807797831e-04 1.289179184746969565e-03
4.658906458647761595e-02 2.071402084876119553e-03 5.719238446442099404e-04 1.295625080670704176e-03
4.682200990941000340e-02 3.276359865319463174e-03 6.296584871773251279e-04 1.302103206074057759e-03
4.705611995895704613e-02 3.022990533742252357e-03 5.920323786717872176e-04 1.308613722104427822e-03
4.729140055875183379e-02 3.496456341553142323e-03 6.374665920020468292e-04 1.315156790714949947e-03
4.752785756154558061e-02 1.308395509032111558e-03 6.968227320461277538e-04 1.321732574668524514e-03
4.776549684935330747e-02 3.167742660746126517e-03 6.730261917176107167e-04 1.328341237541867063e-03
4.800432433360006523e-02 2.585172199441842979e-03 5.504635950402401220e-04 1.334982943729576222e-03
4.824434595526806702e-02 3.109230863848384471e-03 6.089992561559260482e-04 1.341657858448223970e-03
4.848556768504440340e-02 2.327576460742792914e-03 5.333171938013235710e-04 1.348366147740464975e-03
4.872799552346961799e-02 1.564426471872597257e-03 4.333753532767418482e-04 1.355107978479167192e-03
4.897163550108696306e-02 1.875867382685402493e-03 4.684064530947358715e-04 1.361883518371562836e-03
4.921649367859239066e-02 1.186835639292690633e-03 4.349296826822913087e-04 1.368692935963420612e-03
4.946257614698534866e-02 1.533756202092783965e-03 4.791045124093801168e-04 1.375536400643237456e-03
4.970988902772026374e-02 2.188992420768419954e-03 5.016304948474900041e-04 1.382414082646453478e-03
4.995843847285886402e-02 2.592594361030990842e-03 5.521505637844860599e-04 1.389326153059685558e-03
5.020823066522315387e-02 1.752570241682054964e-03 4.520534905944438705e-04 1.396272783824983920e-03
5.045927181854926308e-02 1.279641633692992159e-03 3.854357927252157639e-04 1.403254147744108660e-03
5.071156817764200381e-02 1.646403260635207269e-03 4.396075448623020941e-04 1.410270418482829045e-03
5.096512601853020463e-02 1.644343919075432446e-03 5.248140771499309413e-04 1.417321770575242969e-03
5.121995164862284955e-02 1.543614058524706793e-03 4.277528446111295100e-04 1.424408379428118970e-03
5.147605140686596636e-02 8.770769865435499397e-04 4.026495551581214458e-04 1.431530421325259705e-03
5.173343166390028530e-02 1.084725696234102848e-03 4.664290348200347976e-04 1.438688073431885605e-03
5.199209882221978579e-02 2.210092019915910807e-03 5.205190563298233960e-04 1.445881513799044966e-03
5.225205931633088163e-02 6.147793439933754277e-04 2.747439262622846279e-04 1.453110921368040102e-03
5.251331961291252903e-02 1.001163042188223410e-03 3.537215169046928061e-04 1.460376475974880161e-03
5.277588621097707711e-02 1.126460096808845363e-03 3.752288483650713011e-04 1.467678358354754112e-03
