1.442977229909739312e-02 5.450804352689391230e-01 3.602854046469344124e-02 4.012867625701226548e-04
1.450192116059288022e-02 5.888077134901950060e-01 3.588863623391935764e-02 4.032931963829732946e-04
1.457443076639584369e-02 5.276639680797088339e-01 3.459790680592918916e-02 4.053096623648881082e-04
1.464730292022782196e-02 4.742022424293660388e-01 3.193110813766289469e-02 4.073362106767125165e-04
1.472053943482895880e-02 5.208164591357296036e-01 3.336382762691074422e-02 4.093728917300960379e-04
1.479414213200310087e-02 4.819250221963095604e-01 3.055754964946215749e-02 4.114197561887464392e-04
1.486811284266311567e-02 4.850965962538502096e-01 3.107632971889224063e-02 4.134768549696901749e-04
1.494245340687642976e-02 4.075784154552773431e-01 2.896302685622609632e-02 4.155442392445385727e-04
1.501716567391080982e-02 3.696572853733817721e-01 2.598159333666281295e-02 4.176219604407612287e-04
1.509225150228036064e-02 4.435700257421388848e-01 2.812442896731986997e-02 4.197100702429649327e-04
1.516771275979176062e-02 3.573841612389480060e-01 2.493407714726133748e-02 4.218086205941796942e-04
1.524355132359071774e-02 3.759648723896290012e-01 2.514557340550604286e-02 4.239176636971505696e-04
1.531976908020867001e-02 3.681019233312817218e-01 2.501862921881880045e-02 4.260372520156362653e-04
1.539636792560971322e-02 3.727141703719150101e-01 2.527413861057584837e-02 4.281674382757144626e-04
1.547334976523776114e-02 3.453292438895314564e-01 2.374894258431741942e-02 4.303082754670929980e-04
1.555071651406394681e-02 3.121491208625128966e-01 2.282456381066230722e-02 4.324598168444283614e-04
1.562847009663426504e-02 2.835325054696543057e-01 2.077588301245976779e-02 4.346221159286504823e-04
1.570661244711743509e-02 2.849793372043643580e-01 2.099662113878799502e-02 4.367952265082936970e-04
1.578514550935301852e-02 3.073792124639203038e-01 2.155562571095619509e-02 4.389792026408350333e-04
1.586407123689978493e-02 2.787667797624584498e-01 2.080620482134326599e-02 4.411740986540392713e-04
1.594339159308428081e-02 2.681504340277418574e-01 2.015945847917849712e-02 4.433799691473093722e-04
1.602310855104970011e-02 2.603991488124385856e-01 1.918657206228005160e-02 4.455968689930458505e-04
1.610322409380494577e-02 2.513143468197774344e-01 1.881142996156405858e-02 4.478248533380110256e-04
1.618374021427396864e-02 2.491408517445737603e-01 1.830843284873293758e-02 4.500639776047010254e-04
1.626465891534533553e-02 2.354364353771783713e-01 1.798951329282882233e-02 4.523142974927244582e-04
1.634598220992206086e-02 2.090819181455678688e-01 1.656363946709707435e-02 4.545758689801880225e-04
1.642771212097167421e-02 2.122079425632547311e-01 1.627329300280498658e-02 4.568487483250890566e-04
1.650985068157653085e-02 2.036569038798504150e-01 1.580603553345257331e-02 4.591329920667144306e-04
1.659239993498441007e-02 1.831633593601360022e-01 1.471514490520465547e-02 4.614286570270479488e-04
1.667536193465932876e-02 1.938303421254356229e-01 1.491016800348692571e-02 4.637358003121830655e-04
1.675873874433262550e-02 1.753666507004783270e-01 1.445451534766285448e-02 4.660544793137440028e-04
1.684253243805428762e-02 1.449708807943360378e-01 1.291636605655005314e-02 4.683847517103126691e-04
1.692674510024455570e-02 1.447493664976552408e-01 1.242330233781241411e-02 4.707266754688641430e-04
1.701137882574577792e-02 1.432339828116251379e-01 1.232293851180322856e-02 4.730803088462084451e-04
1.709643571987450386e-02 1.522087117310575999e-01 1.254796637865536989e-02 4.754457103904394114e-04
1.718191789847387657e-02 1.454372750246070434e-01 1.230369170354258732e-02 4.778229389423915906e-04
1.726782748796624328e-02 1.405869763960863328e-01 1.189364572301336576e-02 4.802120536371034826e-04
1.735416662540607141e-02 1.263872621919740480e-01 1.109986515555032305e-02 4.826131139052889101e-04
1.744093745853309702e-02 1.391800032188414138e-01 1.168243336731938052e-02 4.850261794748152188e-04
1.752814214582576469e-02 1.240229778211352357e-01 1.102240741826174437e-02 4.874513103721893944e-04
1.761578285655489295e-02 1.007499379605701767e-01 9.567070042909660635e-03 4.898885669240503034e-04
1.770386177083766582e-02 7.893984611087676018e-02 8.348752561975142719e-03 4.923380097586704763e-04
1.779238107969184982e-02 7.920308777780551979e-02 8.550490195543424335e-03 4.947996998074637989e-04
1.788134298509030939e-02 7.477986975199493735e-02 7.954476720056297828e-03 4.972736983065010642e-04
1.797074970001575484e-02 8.677985597508267035e-02 8.532833498042534381e-03 4.997600667980333852e-04
1.806060344851583357e-02 8.458123645476622876e-02 8.357939243574905031e-03 5.022588671320236302e-04
1.815090646575841238e-02 8.723407284717742127e-02 8.537209401497334108e-03 5.047701614676837131e-04
1.824166099808720298e-02 8.536624149373850390e-02 8.160913839038245673e-03 5.072940122750220753e-04
1.833286930307763407e-02 6.693340826206878313e-02 7.162665637900387378e-03 5.098304823363970220e-04
1.842453364959302162e-02 6.345523388168940182e-02 6.870287101347349011e-03 5.123796347480790575e-04
1.851665631784098556e-02 5.054218471058573997e-02 6.382591507870197245e-03 5.149415329218194008e-04
1.860923959943018915e-02 6.197197984918183938e-02 6.710400465527626909e-03 5.175162405864284750e-04
1.870228579742733849e-02 6.212564213943699842e-02 6.688150522612060743e-03 5.201038217893605778e-04
1.879579722641447001e-02 5.757590384031292807e-02 6.409586894151248805e-03 5.227043408983072246e-04
1.888977621254653988e-02 4.522491218670014052e-02 5.758367315878829516e-03 5.253178626027986235e-04
1.898422509360927352e-02 4.489427202876622447e-02 5.517871472451149097e-03 5.279444519158126318e-04
1.907914621907731700e-02 5.579243868441647464e-02 6.042805011662449703e-03 5.305841741753916261e-04
1.917454195017270074e-02 3.662217094538963019e-02 4.843934222893370688e-03 5.332370950462685891e-04
1.927041465992356331e-02 3.470162184055744503e-02 4.923521226497338393e-03 5.359032805214998096e-04
1.936676673322317715e-02 4.199810528105733798e-02 5.305885459861246073e-03 5.385827969241072316e-04
1.946360056688929002e-02 4.013448027509511351e-02 4.896748564742346016e-03 5.412757109087277434e-04
1.956091856972373699e-02 3.048466942116484155e-02 4.556751444053203440e-03 5.439820894632713556e-04
1.965872316257235436e-02 3.578182878665543687e-02 4.613644063599595287e-03 5.467019999105876202e-04
1.975701677838521270e-02 2.750570030781639835e-02 4.007191435469567749e-03 5.494355099101405062e-04
1.985580186227713789e-02 3.181961973243788849e-02 4.385235447233156239e-03 5.521826874596911898e-04
1.995508087158852362e-02 2.399876381059776187e-02 3.698691636485763878e-03 5.549436008969896262e-04
2.005485627594646297e-02 2.231627926958134472e-02 3.439398092266786420e-03 5.577183189014744708e-04
2.015513055732619241e-02 2.365565143562255168e-02 3.603225477847989307e-03 5.605069104959817814e-04
2.025590621011282011e-02 3.250234289248905145e-02 4.123011902476731577e-03 5.633094450484616355e-04
2.035718574116338053e-02 2.824749114184205157e-02 3.875559446367471839e-03 5.661259922737038553e-04
2.045897166986919424e-02 3.142063817138629478e-02 4.051661548558870875e-03 5.689566222350722971e-04
2.056126652821854001e-02 2.346319308109882582e-02 3.418463915359038624e-03 5.718014053462475979e-04
2.066407286085962872e-02 2.861574930630673627e-02 3.721056415757856891e-03 5.746604123729787041e-04
2.076739322516392428e-02 3.033270784885747084e-02 4.164671600725383498e-03 5.775337144348435077e-04
2.087123019128974549e-02 2.106997061898022508e-02 3.500998887731593921e-03 5.804213830070178298e-04
2.097558634224619065e-02 1.895905591422565595e-02 2.993939097959235924e-03 5.833234899220527542e-04
2.108046427395741940e-02 1.888624316523436139e-02 2.945775253084588746e-03 5.862401073716630179e-04
2.118586659532720531e-02 2.300967731284603301e-02 3.217799628783240239e-03 5.891713079085212582e-04
2.129179592830383883e-02 2.907474737636075307e-02 3.574100346239477387e-03 5.921171644480638591e-04
2.139825490794535628e-02 2.255970540052552875e-02 3.124223594747399524e-03 5.950777502703040629e-04
2.150524618248508130e-02 2.614398287248233255e-02 3.473049954416191232e-03 5.980531390216555984e-04
2.161277241339750604e-02 2.967864496758105750e-02 3.542200417051560076e-03 6.010434047167637897e-04
2.172083627546448834e-02 2.908584550183190495e-02 3.471322637243115690e-03 6.040486217403475072e-04
2.182944045684180601e-02 2.530051719496224580e-02 3.208314054373694220e-03 6.070688648490491423e-04
2.193858765912601316e-02 2.897084336163600893e-02 3.385504591907032186e-03 6.101042091732943387e-04
2.204828059742164337e-02 2.496547054284121298e-02 3.091600302243607216e-03 6.131547302191607237e-04
2.215852200040874936e-02 2.435604279222837107e-02 3.039413855837074310e-03 6.162205038702565051e-04
2.226931461041078975e-02 2.895413944369250661e-02 3.315575436269600166e-03 6.193016063896077420e-04
2.238066118346284175e-02 2.267631126259508217e-02 2.874830087980276370e-03 6.223981144215556989e-04
2.249256448938015407e-02 2.487915756505678852e-02 3.011617141059083971e-03 6.255101049936634145e-04
2.260502731182705005e-02 2.303929296067882757e-02 2.852324176943538212e-03 6.286376555186315961e-04
2.271805244838618482e-02 2.310099471366200419e-02 2.964259517771263702e-03 6.317808437962247042e-04
2.283164271062811460e-02 2.613113757073464924e-02 3.011453657105815380e-03 6.349397480152058201e-04
2.294580092418125120e-02 2.314842989884944441e-02 2.801532399834245381e-03 6.381144467552817045e-04
2.306052992880215646e-02 2.747490037209493127e-02 3.046421069478535016e-03 6.413050189890581558e-04
2.317583257844616634e-02 2.513208928070414377e-02 2.876740812841566651e-03 6.445115440840033924e-04
2.329171174133839312e-02 2.989506671506108118e-02 3.110051044382607793e-03 6.477341018044233600e-04
2.340817030004507804e-02 3.157660840379750145e-02 3.166570180277655279e-03 6.509727723134452800e-04
2.352521115154530135e-02 2.638964313966862818e-02 2.890088966188070381e-03 6.542276361750123644e-04
2.364283720730302879e-02 3.031026617738250342e-02 3.054790687285472827e-03 6.574987743558875298e-04
2.376105139333953981e-02 2.910815993537520588e-02 2.995299672878165825e-03 6.607862682276667609e-04
2.387985665030623386e-02 2.943901870445832236e-02 3.208810709111162892e-03 6.640901995688050508e-04
2.399925593355776293e-02 2.742805408093574801e-02 2.961300371959183116e-03 6.674106505666489546e-04
2.411925221322554908e-02 2.669234321346456232e-02 2.806732135615565369e-03 6.707477038194821538e-04
2.423984847429167672e-02 2.707774647641389421e-02 2.786002754678015489e-03 6.741014423385795857e-04
2.436104771666313187e-02 2.908619060302974554e-02 2.901452046777102268e-03 6.774719495502724148e-04
2.448285295524644731e-02 2.375990894214199262e-02 2.601624030922972813e-03 6.808593092980237379e-04
2.460526722002267380e-02 2.671531374160489997e-02 2.778624455910315948e-03 6.842636058445137216e-04
2.472829355612278512e-02 2.065519465483231162e-02 2.652017508854531865e-03 6.876849238737362327e-04
2.485193502390339870e-02 2.259656911879200439e-02 2.585723920578143504e-03 6.911233484931049009e-04
2.497619469902290917e-02 2.285775204013145573e-02 2.496229723094945448e-03 6.945789652355702400e-04
2.510107567251802091e-02 1.844057167973406700e-02 2.222845865327325622e-03 6.980518600617480456e-04
2.522658105088061015e-02 2.553542806609097535e-02 2.546847400098536419e-03 7.015421193620566829e-04
2.535271395613501039e-02 2.462981156695225049e-02 2.494242815064641895e-03 7.050498299588669505e-04
2.547947752591567944e-02 2.453976484277857473e-02 2.435469005003631192e-03 7.085750791086610533e-04
2.560687491354525849e-02 1.679700113184624116e-02 2.070550125798035612e-03 7.121179545042043667e-04
2.573490928811298165e-02 2.080781488565979290e-02 2.225188511255396864e-03 7.156785442767253343e-04
2.586358383455354334e-02 2.297198769638163565e-02 2.314723892022803580e-03 7.192569369981089171e-04
2.599290175372630934e-02 1.834811121338688483e-02 2.059247435832900312e-03 7.228532216830993668e-04
2.612286626249493704e-02 1.955418189651401267e-02 2.247432132379543687e-03 7.264674877915148175e-04
2.625348059380740867e-02 1.554111475245679823e-02 2.008959412349391009e-03 7.300998252304722854e-04
2.638474799677644617e-02 1.592896991615250571e-02 1.963969228339006428e-03 7.337503243566245942e-04
2.651667173676032496e-02 1.344383460532056103e-02 1.832794545905488352e-03 7.374190759784077101e-04
2.664925509544412152e-02 1.914152629204731587e-02 2.083836873769303374e-03 7.411061713582995682e-04
2.678250137092134248e-02 1.657122576023137284e-02 1.935475576227199289e-03 7.448117022150910422e-04
2.691641387777594235e-02 1.357549841000572390e-02 1.826816915747100966e-03 7.485357607261663472e-04
2.705099594716482009e-02 1.350674600647290384e-02 1.930345282864790379e-03 7.522784395297971030e-04
2.718625092690064166e-02 1.402391355535861396e-02 1.709743289246050185e-03 7.560398317274460468e-04
2.732218218153514150e-02 1.279428823691916746e-02 1.621419959168068133e-03 7.598200308860832142e-04
2.745879309244281599e-02 1.082820855889062885e-02 1.470561487252043187e-03 7.636191310405135045e-04
2.759608705790502631e-02 1.061925680690648660e-02 1.455767626522604368e-03 7.674372266957160639e-04
2.773406749319454884e-02 1.379904365098699216e-02 1.657992387888607795e-03 7.712744128291945103e-04
2.787273783066051419e-02 1.481766703184096354e-02 1.685466207843366480e-03 7.751307848933402774e-04
2.801210151981381458e-02 9.850727611275910192e-03 1.390541878547340475e-03 7.790064388178069088e-04
2.815216202741288587e-02 1.140912203973478041e-02 1.482773020279567686e-03 7.829014710118960621e-04
2.829292283754994419e-02 8.805626019506662336e-03 1.310518222862500472e-03 7.868159783669553299e-04
2.843438745173769086e-02 7.804752915221063736e-03 1.232113617672670998e-03 7.907500582587900480e-04
2.857655938899637815e-02 7.103875556287914984e-03 1.166100752887387192e-03 7.947038085500839934e-04
2.871944218594135734e-02 8.878792611637634571e-03 1.293184450345547919e-03 7.986773275928342854e-04
2.886303939687106038e-02 7.917239469287686363e-03 1.288968108906410510e-03 8.026707142307983218e-04
2.900735459385541531e-02 8.605394366380773527e-03 1.267059190398302443e-03 8.066840678019523156e-04
2.915239136682468840e-02 7.836639347259977129e-03 1.259477898534364700e-03 8.107174881409619747e-04
2.929815332365880848e-02 4.194537510895019784e-03 9.808228589501533090e-04 8.147710755816667347e-04
2.944464409027709728e-02 6.806245270167520130e-03 1.117512902163682494e-03 8.188449309595749416e-04
2.959186731072847854e-02 7.043384324332437399e-03 1.126466159548797580e-03 8.229391556143726954e-04
2.973982664728212072e-02 5.924702947260981900e-03 1.085812519908434031e-03 8.270538513924445122e-04
2.988852578051852740e-02 6.256705617523000175e-03 1.056310218964187034e-03 8.311891206494066708e-04
3.003796840942111676e-02 5.684054593410425849e-03 1.003636185201870574e-03 8.353450662526535698e-04
3.018815825146821744e-02 6.327454236578265376e-03 1.105805504757474385e-03 8.395217915839166614e-04
3.033909904272555358e-02 5.221532973868360170e-03 9.522227098443862515e-04 8.437194005418361797e-04
3.049079453793918093e-02 6.546173319763106367e-03 1.127080090152900258e-03 8.479379975445453356e-04
3.064324851062887045e-02 5.751183628200744018e-03 1.054084105043473539e-03 8.521776875322678493e-04
3.079646475318201237e-02 5.972896205310676554e-03 1.076940037254612995e-03 8.564385759699291419e-04
3.095044707694791924e-02 4.973377872274007544e-03 9.224429046998459513e-04 8.607207688497786960e-04
3.110519931233265631e-02 4.752142337878790049e-03 8.967978786664561764e-04 8.650243726940274854e-04
3.126072530889431600e-02 3.978591219696377482e-03 9.834843238898053480e-04 8.693494945574975485e-04
3.141702893543878161e-02 6.170220178887041163e-03 1.013061082916221628e-03 8.736962420302848975e-04
3.157411408011597670e-02 5.822017027242533393e-03 9.828808979875309007e-04 8.780647232404363046e-04
3.173198465051654815e-02 6.753996456863454144e-03 1.114547301411906088e-03 8.824550468566382325e-04
3.189064457376912520e-02 4.206079843846450769e-03 8.991612266074418963e-04 8.868673220909212675e-04
3.205009779663797742e-02 4.645824311638398901e-03 8.767978156826774496e-04 8.913016587013760468e-04
3.221034828562116537e-02 4.696288107202992862e-03 9.766755481792714893e-04 8.957581669948829536e-04
3.237140002704926023e-02 6.855667278998937852e-03 1.082503577032202687e-03 9.002369578298569921e-04
3.253325702718450757e-02 6.280162008616325259e-03 1.045293051873445733e-03 9.047381426190063232e-04
3.269592331232042820e-02 6.536465910627264550e-03 1.103430985081501692e-03 9.092618333321013163e-04
3.285940292888202274e-02 6.886004381024264480e-03 1.185366890534758329e-03 9.138081424987616001e-04
3.302369994352642724e-02 8.425694757884844358e-03 1.227329387826363999e-03 9.183771832112552552e-04
3.318881844324406138e-02 5.690831479127244318e-03 9.892057679050142611e-04 9.229690691273115602e-04
3.335476253546027642e-02 6.690924064204326754e-03 1.149137364199684028e-03 9.275839144729480486e-04
3.352153634813757888e-02 8.123861337315147618e-03 1.170725510457675759e-03 9.322218340453127449e-04
3.368914402987825685e-02 7.983813215660214707e-03 1.220287631115194414e-03 9.368829432155390859e-04
3.385758975002764459e-02 6.723185409600254334e-03 1.048235246748961333e-03 9.415673579316166707e-04
3.402687769877778268e-02 6.371097463473264153e-03 1.094005770194955230e-03 9.462751947212746971e-04
3.419701208727166097e-02 8.729085934328867022e-03 1.225775606379306054e-03 9.510065706948807925e-04
3.436799714770802372e-02 7.003503603898353531e-03 1.053936767291705325e-03 9.557616035483553494e-04
3.453983713344655621e-02 5.636392671377696111e-03 9.376930526506339295e-04 9.605404115660969196e-04
3.471253631911378618e-02 7.283862479216062120e-03 1.049412238461302138e-03 9.653431136239273413e-04
3.488609900070935299e-02 6.640858553998536633e-03 1.127312291441902835e-03 9.701698291920469487e-04
3.506052949571289434e-02 6.933022569740125360e-03 1.009331357789075524e-03 9.750206783380070208e-04
3.523583214319145340e-02 5.779501603428963304e-03 9.236700090061931686e-04 9.798957817296969752e-04
3.541201130390740637e-02 8.000743759741704708e-03 1.123285142343961830e-03 9.847952606383452226e-04
3.558907136042693820e-02 7.491179673969935136e-03 1.036816981864067998e-03 9.897192369415367189e-04
3.576701671722907344e-02 6.429050681586042336e-03 1.007059125817712187e-03 9.946678331262445022e-04
3.594585180081521364e-02 5.849615394486831071e-03 9.117869393269829913e-04 9.996411722918755426e-04
3.612558105981928530e-02 5.257376493977183179e-03 9.180744088506483840e-04 1.004639378153334914e-03
3.630620896511838058e-02 7.572957198859874700e-03 1.028566056803632400e-03 1.009662575044101458e-03
3.648774000994396693e-02 5.676619145476320162e-03 8.848396211844956633e-04 1.014710887919321883e-03
3.667017870999368656e-02 4.614650816662004169e-03 8.451335803231745797e-04 1.019784442358918517e-03
3.685352960354364854e-02 6.538255302832762100e-03 9.886265644720624527e-04 1.024883364570712899e-03
3.703779725156136626e-02 6.514167506212984252e-03 9.849972905921953147e-04 1.030007781393566489e-03
3.722298623781916671e-02 6.108129978209040148e-03 9.089292944589229001e-04 1.035157820300533970e-03
3.740910116900825200e-02 4.623603279655430325e-03 7.915429245292164269e-04 1.040333609402036485e-03
3.759614667485329520e-02 5.587596526214032647e-03 8.607249434040405373e-04 1.045535277449046591e-03
3.778412740822754967e-02 4.863439986717553801e-03 7.981907558403478296e-04 1.050762953836291641e-03
3.797304804526868693e-02 4.706583399740366103e-03 7.831826338293139010e-04 1.056016768605473003e-03
3.816291328549503009e-02 3.129358484073777643e-03 6.377719592190459657e-04 1.061296852448500444e-03
3.835372785192249501e-02 3.532240004629491528e-03 6.787475174361932290e-04 1.066603336710742573e-03
3.854549649118210741e-02 3.220278996712500324e-03 6.431109520057313143e-04 1.071936353394296361e-03
3.873822397363801268e-02 3.322853265598344711e-03 6.507393015773115224e-04 1.077296035161267717e-03
3.893191509350620028e-02 4.614022676400662652e-03 7.679597962696226368e-04 1.082682515337073971e-03
3.912657466897372788e-02 3.539838272677359437e-03 6.680730144058172901e-04 1.088095927913759146e-03
3.932220754231859072e-02 2.876457601199338375e-03 6.726550988999811711e-04 1.093536407553327879e-03
3.951881858003018083e-02 3.188159791163976218e-03 6.244773709271258383e-04 1.099004089591094305e-03
3.971641267293032906e-02 3.134068532028508759e-03 6.260826597533696936e-04 1.104499110039049809e-03
3.991499473629497863e-02 2.998441495010105949e-03 6.113484895633273250e-04 1.110021605589245081e-03
4.011456970997644145e-02 2.342938921457279541e-03 5.369061821323612479e-04 1.115571713617190827e-03
4.031514255852632067e-02 2.200092004056439492e-03 5.180073104773402510e-04 1.121149572185276694e-03
4.051671827131894665e-02 1.213745093301825916e-03 3.834076866938838273e-04 1.126755320046202982e-03
4.071930186267554153e-02 1.935563048320602464e-03 4.833914149970675337e-04 1.132389096646434050e-03
4.092289837198891111e-02 2.169688036115237015e-03 5.108726392468983593e-04 1.138051042129666025e-03
4.112751286384885852e-02 1.668945176289730447e-03 4.455937730639797888e-04 1.143741297340314248e-03
4.133315042816809726e-02 2.173512334830444460e-03 5.117872910820868036e-04 1.149460003827015679e-03
4.153981618030892775e-02 1.786064233023772121e-03 4.606968681063349402e-04 1.155207303846150606e-03
4.174751526121046885e-02 1.984305295928266710e-03 4.807819008681561723e-04 1.160983340365381259e-03
4.195625283751651391e-02 2.179221428024553150e-03 5.619752181543584413e-04 1.166788257067207998e-03
4.216603410170409461e-02 1.446321688569028813e-03 4.741584936795347751e-04 1.172622198352543926e-03
4.237686427221261376e-02 1.869035897259245646e-03 4.667752353098474560e-04 1.178485309344306630e-03
4.258874859357367204e-02 2.345902150155156941e-03 5.240023573836057567e-04 1.184377735891027931e-03
4.280169233654153305e-02 2.921041941551215555e-03 5.835771262021416730e-04 1.190299624570482920e-03
4.301570079822424064e-02 2.796975115774905443e-03 5.703077367792418239e-04 1.196251122693335264e-03
4.323077930221535387e-02 2.235602921782011560e-03 5.586985299288620187e-04 1.202232378306801810e-03
4.344693319872642429e-02 1.376538196954314903e-03 4.861163404268587732e-04 1.208243540198335620e-03
4.366416786472004929e-02 1.834208469862208101e-03 4.580030668924294336e-04 1.214284757899327001e-03
4.388248870404365398e-02 2.758358533626504346e-03 6.637586232636705696e-04 1.220356181688823840e-03
4.410190114756386282e-02 2.182145295658012314e-03 4.999991709228017315e-04 1.226457962597267762e-03
4.432241065330168317e-02 2.764362714812616459e-03 6.046485340019722545e-04 1.232590252410254144e-03
4.454402270656818152e-02 2.070883932847539591e-03 4.874680031337469670e-04 1.238753203672305139e-03
4.476674282010102007e-02 1.818932813455602674e-03 4.541214946310121858e-04 1.244946969690666552e-03
4.499057653420152070e-02 2.531390912008499219e-03 5.389504629732222137e-04 1.251171704539119677e-03
4.521552941687251997e-02 3.535654572492865667e-03 6.341470192416445717e-04 1.257427563061815036e-03
4.544160706395687643e-02 1.591914077035488061e-03 4.248494898238637453e-04 1.263714700877124116e-03
4.566881509927665783e-02 2.440197040769655299e-03 6.029301192223717777e-04 1.270033274381509539e-03
4.589715917477303619e-02 4.341817794709567670e-03 7.127765172357424439e-04 1.276383440753416912e-03
4.612664497064689756e-02 2.403536244677542504e-03 5.367157548519800765e-04 1.282765357957184023e-03
4.635727819550012480e-02 2.115185383851836496e-03 5.958982348869936232e-04 1.289179184746969565e-03
4.658906458647761595e-02 2.789706606810586024e-03 5.939498846660573985e-04 1.295625080670704176e-03
4.682200990941000340e-02 3.167474540061008051e-03 6.203286006587209640e-04 1.302103206074057759e-03
4.705611995895704613e-02 4.085483259075748698e-03 6.896119201600598228e-04 1.308613722104427822e-03
4.729140055875183379e-02 2.808206036557855424e-03 5.724187278681917108e-04 1.315156790714949947e-03
4.752785756154558061e-02 2.111083828070187650e-03 4.968875240083450717e-04 1.321732574668524514e-03
4.776549684935330747e-02 2.120169516416873113e-03 4.990260299044602717e-04 1.328341237541867063e-03
4.800432433360006523e-02 1.462885615582373410e-03 4.794718325199031988e-04 1.334982943729576222e-03
4.824434595526806702e-02 1.800871946561538681e-03 4.643951424643032546e-04 1.341657858448223970e-03
4.848556768504440340e-02 1.967826791070625449e-03 4.913410132499252021e-04 1.348366147740464975e-03
4.872799552346961799e-02 1.377300188025632529e-03 4.760025508811864254e-04 1.355107978479167192e-03
4.897163550108696306e-02 2.118686045234673479e-03 4.987823563890801627e-04 1.361883518371562836e-03
4.921649367859239066e-02 2.062179294816434208e-03 5.606090742228111642e-04 1.368692935963420612e-03
4.946257614698534866e-02 1.608760968255175351e-03 5.133280011408013904e-04 1.375536400643237456e-03
4.970988902772026374e-02 1.387982065762372605e-03 4.002300596908202747e-04 1.382414082646453478e-03
4.995843847285886402e-02 1.419654467364106411e-03 4.093902879478464839e-04 1.389326153059685558e-03
5.020823066522315387e-02 1.266834497532043011e-03 5.123893476974644918e-04 1.396272783824983920e-03
5.045927181854926308e-02 1.284695826453941718e-03 3.869581461264415853e-04 1.403254147744108660e-03
5.071156817764200381e-02 1.770952870165964574e-03 4.568319882520419854e-04 1.410270418482829045e-03
5.096512601853020463e-02 1.532921533213599816e-03 4.247898253496493713e-04 1.417321770575242969e-03
5.121995164862284955e-02 8.344596946877984572e-04 3.151245230129905693e-04 1.424408379428118970e-03
5.147605140686596636e-02 1.784879125010471659e-03 4.604802845717685298e-04 1.431530421325259705e-03
5.173343166390028530e-02 6.050055726138438587e-04 4.010035722762771843e-04 1.438688073431885605e-03
5.199209882221978579e-02 9.861427586204717446e-04 3.483832974141642209e-04 1.445881513799044966e-03
5.225205931633088163e-02 1.234504059188898991e-03 3.900952877195725844e-04 1.453110921368040102e-03
5.251331961291252903e-02 1.306652528679789343e-03 4.790811952128449288e-04 1.460376475974880161e-03
5.277588621097707711e-02 1.005252683899762441e-03 3.551664306774135124e-04 1.467678358354754112e-03
