1.442977229909739312e-02 5.684246871728545480e-01 3.686275556514533730e-02 4.012867625701226548e-04
1.450192116059288022e-02 5.179031454778080246e-01 3.364313223642982631e-02 4.032931963829732946e-04
1.457443076639584369e-02 4.897169768822447478e-01 3.328240061693216179e-02 4.053096623648881082e-04
1.464730292022782196e-02 4.737132707590843705e-01 3.259833680806814571e-02 4.073362106767125165e-04
1.472053943482895880e-02 4.356379203501759001e-01 3.135614827781978836e-02 4.093728917300960379e-04
1.479414213200310087e-02 4.027256905422304523e-01 2.789325788115646493e-02 4.114197561887464392e-04
1.486811284266311567e-02 4.497334954138403340e-01 2.987904671033204257e-02 4.134768549696901749e-04
1.494245340687642976e-02 4.111054859765789216e-01 2.891728401907033355e-02 4.155442392445385727e-04
1.501716567391080982e-02 4.144503723806876594e-01 2.747199326794106874e-02 4.176219604407612287e-04
1.509225150228036064e-02 4.637915647676688624e-01 2.871756508412721259e-02 4.197100702429649327e-04
1.516771275979176062e-02 3.703406919556475052e-01 2.534595533632592532e-02 4.218086205941796942e-04
1.524355132359071774e-02 3.799577241831777474e-01 2.524273866358906632e-02 4.239176636971505696e-04
1.531976908020867001e-02 3.448589569568971114e-01 2.453757191252850522e-02 4.260372520156362653e-04
1.539636792560971322e-02 3.585753805136288608e-01 2.500044982408446484e-02 4.281674382757144626e-04
1.547334976523776114e-02 3.246681062189143985e-01 2.334029267740170624e-02 4.303082754670929980e-04
1.555071651406394681e-02 2.607017681867666581e-01 2.022234608211890411e-02 4.324598168444283614e-04
1.562847009663426504e-02 2.491062191285058902e-01 1.944584161281908904e-02 4.346221159286504823e-04
1.570661244711743509e-02 3.183295370659140477e-01 2.248167604687664051e-02 4.367952265082936970e-04
1.578514550935301852e-02 3.201598402235133478e-01 2.196790214095151531e-02 4.389792026408350333e-04
1.586407123689978493e-02 2.666955528616007376e-01 2.043537008190015117e-02 4.411740986540392713e-04
1.594339159308428081e-02 2.774812176481054604e-01 2.045864108256004524e-02 4.433799691473093722e-04
1.602310855104970011e-02 2.554009917645178041e-01 1.897442808910157833e-02 4.455968689930458505e-04
1.610322409380494577e-02 2.762943152440617278e-01 1.947416732292450367e-02 4.478248533380110256e-04
1.618374021427396864e-02 2.173780867644638792e-01 1.707709644703078733e-02 4.500639776047010254e-04
1.626465891534533553e-02 2.147573695518593673e-01 1.687160023095190739e-02 4.523142974927244582e-04
1.634598220992206086e-02 1.938523506923899298e-01 1.603547693484419154e-02 4.545758689801880225e-04
1.642771212097167421e-02 2.070958728960043127e-01 1.625375529196378122e-02 4.568487483250890566e-04
1.650985068157653085e-02 1.649224741531983007e-01 1.420334675557647329e-02 4.591329920667144306e-04
1.659239993498441007e-02 1.897566856368100852e-01 1.495631105334999274e-02 4.614286570270479488e-04
1.667536193465932876e-02 1.645169383991892109e-01 1.400170231528495221e-02 4.637358003121830655e-04
1.675873874433262550e-02 1.783529135724545578e-01 1.455245687111932952e-02 4.660544793137440028e-04
1.684253243805428762e-02 1.589032825874271138e-01 1.320453979413075546e-02 4.683847517103126691e-04
1.692674510024455570e-02 1.490406706702277762e-01 1.277457937186399564e-02 4.707266754688641430e-04
1.701137882574577792e-02 1.372527006655974990e-01 1.186864531048840814e-02 4.730803088462084451e-04
1.709643571987450386e-02 1.332067960783906158e-01 1.156303280471416076e-02 4.754457103904394114e-04
1.718191789847387657e-02 1.366768441225257313e-01 1.191035802788476157e-02 4.778229389423915906e-04
1.726782748796624328e-02 1.371604341968664376e-01 1.173105153553576085e-02 4.802120536371034826e-04
1.735416662540607141e-02 1.082465231781414849e-01 1.063589856729343572e-02 4.826131139052889101e-04
1.744093745853309702e-02 1.227341204622190152e-01 1.098291810109125466e-02 4.850261794748152188e-04
1.752814214582576469e-02 1.069816669646765778e-01 1.050012839081715735e-02 4.874513103721893944e-04
1.761578285655489295e-02 9.132932638760703214e-02 8.934820029239022229e-03 4.898885669240503034e-04
1.770386177083766582e-02 9.551976478644380597e-02 9.170667177751189170e-03 4.923380097586704763e-04
1.779238107969184982e-02 1.042433881745828406e-01 9.575233697890952328e-03 4.947996998074637989e-04
1.788134298509030939e-02 9.405582763505795918e-02 8.908262857548114241e-03 4.972736983065010642e-04
1.797074970001575484e-02 8.401073565009999078e-02 8.383615088263345061e-03 4.997600667980333852e-04
1.806060344851583357e-02 7.111046577383250966e-02 7.652594989512529616e-03 5.022588671320236302e-04
1.815090646575841238e-02 9.534878370241683943e-02 8.912733911825253263e-03 5.047701614676837131e-04
1.824166099808720298e-02 6.403712134148029089e-02 7.058155147004510112e-03 5.072940122750220753e-04
1.833286930307763407e-02 5.063301676352650188e-02 6.220851853665458966e-03 5.098304823363970220e-04
1.842453364959302162e-02 5.880805148259608817e-02 6.850688835426480341e-03 5.123796347480790575e-04
1.851665631784098556e-02 5.929121316622136539e-02 6.617380889474807140e-03 5.149415329218194008e-04
1.860923959943018915e-02 5.816028524320982634e-02 6.491486206630873307e-03 5.175162405864284750e-04
1.870228579742733849e-02 4.538085992187983198e-02 5.708036608342278995e-03 5.201038217893605778e-04
1.879579722641447001e-02 4.557572142807696236e-02 5.559155986620713599e-03 5.227043408983072246e-04
1.888977621254653988e-02 4.307693462609490931e-02 5.376369962439294693e-03 5.253178626027986235e-04
1.898422509360927352e-02 4.476619296614939292e-02 5.502137132570587147e-03 5.279444519158126318e-04
1.907914621907731700e-02 4.385193302006375887e-02 5.349648499774171083e-03 5.305841741753916261e-04
1.917454195017270074e-02 3.587760852668671341e-02 4.787603110387968382e-03 5.332370950462685891e-04
1.927041465992356331e-02 3.239910194269565030e-02 4.575695802010283988e-03 5.359032805214998096e-04
1.936676673322317715e-02 3.090413576877003299e-02 4.408958797430018867e-03 5.385827969241072316e-04
1.946360056688929002e-02 4.001986395686997489e-02 4.882778265222197447e-03 5.412757109087277434e-04
1.956091856972373699e-02 3.465353960300413677e-02 4.584158545671876243e-03 5.439820894632713556e-04
1.965872316257235436e-02 2.735454819642443858e-02 4.282825350732637031e-03 5.467019999105876202e-04
1.975701677838521270e-02 3.466347020258458977e-02 4.646690715275366909e-03 5.494355099101405062e-04
1.985580186227713789e-02 2.700318696257880680e-02 3.892959668510717793e-03 5.521826874596911898e-04
1.995508087158852362e-02 2.791873702765814910e-02 3.983656221718313330e-03 5.549436008969896262e-04
2.005485627594646297e-02 2.384226941169655806e-02 3.549977376906326195e-03 5.577183189014744708e-04
2.015513055732619241e-02 2.687950225604619076e-02 3.835437049586672142e-03 5.605069104959817814e-04
2.025590621011282011e-02 2.373226384692130042e-02 3.675738141827071797e-03 5.633094450484616355e-04
2.035718574116338053e-02 3.135569668196827586e-02 4.077396536754212750e-03 5.661259922737038553e-04
2.045897166986919424e-02 2.663141665229987534e-02 3.724799894659973267e-03 5.689566222350722971e-04
2.056126652821854001e-02 2.508884328746582154e-02 3.672653051941760904e-03 5.718014053462475979e-04
2.066407286085962872e-02 2.127964796604527725e-02 3.204247434660526233e-03 5.746604123729787041e-04
2.076739322516392428e-02 2.496516556859199043e-02 3.457897679989632451e-03 5.775337144348435077e-04
2.087123019128974549e-02 2.034768914206890392e-02 3.308371495491735370e-03 5.804213830070178298e-04
2.097558634224619065e-02 2.788490435558112907e-02 3.625763750426405207e-03 5.833234899220527542e-04
2.108046427395741940e-02 2.112908645145243625e-02 3.111339628519046562e-03 5.862401073716630179e-04
2.118586659532720531e-02 2.474385634211655194e-02 3.332097184678707667e-03 5.891713079085212582e-04
2.129179592830383883e-02 1.888856912475968611e-02 2.876659218645921407e-03 5.921171644480638591e-04
2.139825490794535628e-02 3.028242665182287810e-02 3.614523230531719276e-03 5.950777502703040629e-04
2.150524618248508130e-02 3.021296052312538727e-02 3.606108370905018734e-03 5.980531390216555984e-04
2.161277241339750604e-02 2.452071936844704703e-02 3.215125059564862258e-03 6.010434047167637897e-04
2.172083627546448834e-02 2.610294228696978872e-02 3.283817830656391833e-03 6.040486217403475072e-04
2.182944045684180601e-02 3.173882853421503697e-02 3.588292929857855949e-03 6.070688648490491423e-04
2.193858765912601316e-02 2.690951769080940359e-02 3.258186918628779970e-03 6.101042091732943387e-04
2.204828059742164337e-02 2.834122060097161305e-02 3.289296165677736868e-03 6.131547302191607237e-04
2.215852200040874936e-02 2.959952712382387177e-02 3.345870396225749614e-03 6.162205038702565051e-04
2.226931461041078975e-02 2.773190588749912047e-02 3.240213664143076506e-03 6.193016063896077420e-04
2.238066118346284175e-02 2.552887308263880953e-02 3.173797275542735233e-03 6.223981144215556989e-04
2.249256448938015407e-02 2.480824841925227328e-02 3.003033602874388436e-03 6.255101049936634145e-04
2.260502731182705005e-02 2.650803195148358771e-02 3.290502778576565035e-03 6.286376555186315961e-04
2.271805244838618482e-02 3.559963036644184925e-02 3.518126338095390552e-03 6.317808437962247042e-04
2.283164271062811460e-02 2.272156225760205844e-02 2.891922829560076343e-03 6.349397480152058201e-04
2.294580092418125120e-02 3.102558364538886629e-02 3.311616746375847711e-03 6.381144467552817045e-04
2.306052992880215646e-02 2.144375303108747577e-02 2.774294954111368536e-03 6.413050189890581558e-04
2.317583257844616634e-02 2.374136202138400417e-02 2.792026023415228493e-03 6.445115440840033924e-04
2.329171174133839312e-02 2.831922653660442699e-02 3.093761376005847111e-03 6.477341018044233600e-04
2.340817030004507804e-02 2.767005171155542328e-02 2.959998965744749938e-03 6.509727723134452800e-04
2.352521115154530135e-02 3.106995748926771189e-02 3.131446684308078054e-03 6.542276361750123644e-04
2.364283720730302879e-02 2.602952909774965129e-02 2.895656182872518702e-03 6.574987743558875298e-04
2.376105139333953981e-02 2.655550327370780408e-02 2.856869320909214294e-03 6.607862682276667609e-04
2.387985665030623386e-02 3.018535893316807994e-02 3.104164397488081047e-03 6.640901995688050508e-04
2.399925593355776293e-02 2.404384016126730889e-02 2.681646845500285439e-03 6.674106505666489546e-04
2.411925221322554908e-02 2.791750353121893666e-02 2.928805830067012124e-03 6.707477038194821538e-04
2.423984847429167672e-02 2.843676541762978766e-02 2.850989395430201124e-03 6.741014423385795857e-04
2.436104771666313187e-02 2.842322499705086589e-02 2.950478737564416962e-03 6.774719495502724148e-04
2.448285295524644731e-02 2.597567852622649498e-02 2.716350606866574976e-03 6.808593092980237379e-04
2.460526722002267380e-02 2.374393174087748026e-02 2.615810241197274490e-03 6.842636058445137216e-04
2.472829355612278512e-02 2.551757005989321175e-02 2.777967138773292880e-03 6.876849238737362327e-04
2.485193502390339870e-02 2.727577950187569725e-02 2.836806559706935189e-03 6.911233484931049009e-04
2.497619469902290917e-02 2.529626622459142660e-02 2.561990101789162269e-03 6.945789652355702400e-04
2.510107567251802091e-02 2.260404964807501832e-02 2.389812553484261734e-03 6.980518600617480456e-04
2.522658105088061015e-02 2.072648985880861869e-02 2.349079544695313604e-03 7.015421193620566829e-04
2.535271395613501039e-02 2.304056070656810076e-02 2.408989561277107526e-03 7.050498299588669505e-04
2.547947752591567944e-02 2.820086533565645259e-02 2.653285472090544193e-03 7.085750791086610533e-04
2.560687491354525849e-02 2.147946935664926671e-02 2.271013404218910625e-03 7.121179545042043667e-04
2.573490928811298165e-02 2.289479401979526221e-02 2.330784724980052795e-03 7.156785442767253343e-04
2.586358383455354334e-02 2.103659472543684822e-02 2.211911964232605218e-03 7.192569369981089171e-04
2.599290175372630934e-02 2.176968265784122447e-02 2.239850983859595617e-03 7.228532216830993668e-04
2.612286626249493704e-02 2.310232102320198752e-02 2.304587150094104114e-03 7.264674877915148175e-04
2.625348059380740867e-02 1.753587567040053308e-02 2.041124394411905109e-03 7.300998252304722854e-04
2.638474799677644617e-02 1.865772486701434626e-02 2.088358363869500731e-03 7.337503243566245942e-04
2.651667173676032496e-02 1.567785159839548900e-02 1.882968948659056313e-03 7.374190759784077101e-04
2.664925509544412152e-02 2.067755106443108087e-02 2.162744455451212633e-03 7.411061713582995682e-04
2.678250137092134248e-02 1.697755946927902160e-02 1.956267434517469563e-03 7.448117022150910422e-04
2.691641387777594235e-02 1.378285059995879025e-02 1.838090428538227163e-03 7.485357607261663472e-04
2.705099594716482009e-02 1.407830995280307494e-02 1.902490869419551063e-03 7.522784395297971030e-04
2.718625092690064166e-02 1.294017776367255984e-02 1.640010503480443874e-03 7.560398317274460468e-04
2.732218218153514150e-02 1.152301188785322290e-02 1.536564048535979951e-03 7.598200308860832142e-04
2.745879309244281599e-02 1.339670784437658156e-02 1.633368387783508272e-03 7.636191310405135045e-04
2.759608705790502631e-02 9.589971945269283940e-03 1.381445886777898100e-03 7.674372266957160639e-04
2.773406749319454884e-02 1.076847214649155962e-02 1.541679280435269200e-03 7.712744128291945103e-04
2.787273783066051419e-02 1.017011511130033914e-02 1.471162682491239989e-03 7.751307848933402774e-04
2.801210151981381458e-02 1.218003256088593528e-02 1.544025123467042664e-03 7.790064388178069088e-04
2.815216202741288587e-02 1.021966159354002410e-02 1.478546892127880104e-03 7.829014710118960621e-04
2.829292283754994419e-02 9.951353531174053982e-03 1.391182933925029465e-03 7.868159783669553299e-04
2.843438745173769086e-02 8.444021458602048169e-03 1.339683215365123888e-03 7.907500582587900480e-04
2.857655938899637815e-02 8.883136765476319294e-03 1.359240332893385224e-03 7.947038085500839934e-04
2.871944218594135734e-02 8.740474682296849041e-03 1.337439057424435595e-03 7.986773275928342854e-04
2.886303939687106038e-02 6.483548866578271383e-03 1.110325217250473584e-03 8.026707142307983218e-04
2.900735459385541531e-02 7.461738674244287883e-03 1.178180270185825778e-03 8.066840678019523156e-04
2.915239136682468840e-02 6.266187015799330046e-03 1.073208129154086272e-03 8.107174881409619747e-04
2.929815332365880848e-02 6.182884643727623759e-03 1.058985332213408827e-03 8.147710755816667347e-04
2.944464409027709728e-02 7.153764026205643514e-03 1.144053330840881727e-03 8.188449309595749416e-04
2.959186731072847854e-02 6.483055084533523998e-03 1.079189042304200871e-03 8.229391556143726954e-04
2.973982664728212072e-02 6.544549203001038054e-03 1.074614915969566466e-03 8.270538513924445122e-04
2.988852578051852740e-02 3.743323868738579127e-03 9.251236159175240401e-04 8.311891206494066708e-04
3.003796840942111676e-02 4.605048328743564096e-03 1.000764398306495983e-03 8.353450662526535698e-04
3.018815825146821744e-02 6.760092953538659154e-03 1.081241013702312652e-03 8.395217915839166614e-04
3.033909904272555358e-02 5.970293531672294512e-03 1.076482282297970940e-03 8.437194005418361797e-04
3.049079453793918093e-02 6.283168988634864512e-03 1.045992654743581546e-03 8.479379975445453356e-04
3.064324851062887045e-02 4.635909648036305730e-03 8.911581548084304737e-04 8.521776875322678493e-04
3.079646475318201237e-02 5.194126893441250968e-03 9.472079203545805647e-04 8.564385759699291419e-04
3.095044707694791924e-02 7.524308055135027137e-03 1.132993110856506591e-03 8.607207688497786960e-04
3.110519931233265631e-02 5.923472037552049950e-03 9.998117603858016050e-04 8.650243726940274854e-04
3.126072530889431600e-02 5.662658363065422445e-03 1.037479902082936133e-03 8.693494945574975485e-04
3.141702893543878161e-02 6.485260477016302830e-03 1.037120525566060172e-03 8.736962420302848975e-04
3.157411408011597670e-02 6.303031172912110583e-03 1.021219509598857763e-03 8.780647232404363046e-04
3.173198465051654815e-02 5.001067533616155268e-03 9.119009801253170552e-04 8.824550468566382325e-04
3.189064457376912520e-02 5.283923076307482300e-03 9.328727700055050587e-04 8.868673220909212675e-04
3.205009779663797742e-02 5.956178207203100504e-03 1.070792993647835117e-03 8.913016587013760468e-04
3.221034828562116537e-02 7.358878434206695893e-03 1.107895431072110316e-03 8.957581669948829536e-04
3.237140002704926023e-02 8.886965944893068445e-03 1.299791744830962326e-03 9.002369578298569921e-04
3.253325702718450757e-02 7.131950347747285576e-03 1.112338610959943052e-03 9.047381426190063232e-04
3.269592331232042820e-02 5.400492727930755396e-03 1.001545263500604752e-03 9.092618333321013163e-04
3.285940292888202274e-02 8.445080919465434988e-03 1.243506156371766789e-03 9.138081424987616001e-04
3.302369994352642724e-02 6.435329611915540857e-03 1.071084866474072972e-03 9.183771832112552552e-04
3.318881844324406138e-02 5.846397997122847537e-03 1.001205396666561380e-03 9.229690691273115602e-04
3.335476253546027642e-02 7.424575963893773924e-03 1.178004759097990486e-03 9.275839144729480486e-04
3.352153634813757888e-02 6.244298999197111025e-03 1.024933974156943053e-03 9.322218340453127449e-04
3.368914402987825685e-02 6.800070554231799416e-03 1.060272967441057293e-03 9.368829432155390859e-04
3.385758975002764459e-02 6.704096749729221080e-03 1.045253347076557709e-03 9.415673579316166707e-04
3.402687769877778268e-02 7.330314147053117180e-03 1.090887703793317698e-03 9.462751947212746971e-04
3.419701208727166097e-02 5.600157455817250836e-03 9.449413204244569648e-04 9.510065706948807925e-04
3.436799714770802372e-02 8.888145153001953194e-03 1.185612213640707289e-03 9.557616035483553494e-04
3.453983713344655621e-02 7.649914872301393290e-03 1.155713561574328758e-03 9.605404115660969196e-04
3.471253631911378618e-02 7.474942920393729158e-03 1.105366303698893712e-03 9.653431136239273413e-04
3.488609900070935299e-02 7.585145488843282428e-03 1.109539959385149113e-03 9.701698291920469487e-04
3.506052949571289434e-02 7.795806611782762213e-03 1.127642081395808160e-03 9.750206783380070208e-04
3.523583214319145340e-02 5.763026392349366624e-03 9.893529058345716144e-04 9.798957817296969752e-04
3.541201130390740637e-02 6.892705946215653412e-03 1.003457169862068989e-03 9.847952606383452226e-04
3.558907136042693820e-02 7.383612824532250971e-03 1.068664587994310562e-03 9.897192369415367189e-04
3.576701671722907344e-02 8.085601584572636377e-03 1.078375661831853117e-03 9.946678331262445022e-04
3.594585180081521364e-02 5.690709367839428580e-03 9.630336501970352845e-04 9.996411722918755426e-04
3.612558105981928530e-02 5.760870573059119655e-03 9.091160744577272707e-04 1.004639378153334914e-03
3.630620896511838058e-02 6.013145837786572877e-03 9.152305745696418145e-04 1.009662575044101458e-03
3.648774000994396693e-02 5.246261437147748882e-03 8.494246545084361546e-04 1.014710887919321883e-03
3.667017870999368656e-02 5.510644589323185176e-03 8.696610090824613256e-04 1.019784442358918517e-03
3.685352960354364854e-02 7.152326114830031417e-03 9.900062261110585682e-04 1.024883364570712899e-03
3.703779725156136626e-02 3.700003123119973737e-03 7.107536913169768119e-04 1.030007781393566489e-03
3.722298623781916671e-02 3.789781916357519691e-03 7.878140671048897495e-04 1.035157820300533970e-03
3.740910116900825200e-02 4.474933419146537306e-03 7.776025824484870778e-04 1.040333609402036485e-03
3.759614667485329520e-02 5.226758107961609889e-03 8.740657641600721754e-04 1.045535277449046591e-03
3.778412740822754967e-02 4.325299733815049855e-03 7.516631033702896123e-04 1.050762953836291641e-03
3.797304804526868693e-02 3.519884489632218918e-03 6.763236747183732364e-04 1.056016768605473003e-03
3.816291328549503009e-02 4.290604128630077022e-03 7.457224235880303065e-04 1.061296852448500444e-03
3.835372785192249501e-02 4.304740527890768900e-03 7.482329987915665309e-04 1.066603336710742573e-03
3.854549649118210741e-02 2.697324623693782460e-03 5.877409893372703177e-04 1.071936353394296361e-03
3.873822397363801268e-02 4.332867826837495835e-03 7.420264601725250989e-04 1.077296035161267717e-03
3.893191509350620028e-02 2.811644033001926574e-03 5.986307268793798807e-04 1.082682515337073971e-03
3.912657466897372788e-02 2.899502050294100030e-03 6.037736348602782202e-04 1.088095927913759146e-03
3.932220754231859072e-02 3.616500840094413229e-03 6.707379375689494780e-04 1.093536407553327879e-03
3.951881858003018083e-02 3.179073081258764616e-03 6.226975213952074635e-04 1.099004089591094305e-03
3.971641267293032906e-02 3.300220963600741277e-03 6.902436175337900524e-04 1.104499110039049809e-03
3.991499473629497863e-02 3.986527345726605456e-03 7.039124460171007538e-04 1.110021605589245081e-03
4.011456970997644145e-02 2.582219187910528898e-03 5.628526161083561435e-04 1.115571713617190827e-03
4.031514255852632067e-02 3.168853174069976436e-03 6.207929017813149878e-04 1.121149572185276694e-03
4.051671827131894665e-02 3.025686077262091777e-03 6.044901414506520347e-04 1.126755320046202982e-03
4.071930186267554153e-02 2.895069626551868228e-03 5.903437841480322149e-04 1.132389096646434050e-03
4.092289837198891111e-02 1.923114769692512490e-03 5.631812179015883209e-04 1.138051042129666025e-03
4.112751286384885852e-02 3.328390069446901869e-03 6.283699436282109843e-04 1.143741297340314248e-03
4.133315042816809726e-02 1.685691400417700745e-03 4.500675419487548744e-04 1.149460003827015679e-03
4.153981618030892775e-02 3.443214754403668004e-03 6.387471793084643999e-04 1.155207303846150606e-03
4.174751526121046885e-02 3.305508982347667157e-03 6.634776224776082944e-04 1.160983340365381259e-03
4.195625283751651391e-02 2.598164532517521427e-03 5.533748145069744854e-04 1.166788257067207998e-03
4.216603410170409461e-02 1.744596127706431535e-03 4.499864430763797691e-04 1.172622198352543926e-03
4.237686427221261376e-02 2.329636098130559614e-03 5.203831730168354723e-04 1.178485309344306630e-03
4.258874859357367204e-02 2.690036902996603523e-03 5.603219412863629997e-04 1.184377735891027931e-03
4.280169233654153305e-02 2.679699231149620508e-03 5.581521552053879485e-04 1.190299624570482920e-03
4.301570079822424064e-02 2.091730075749419736e-03 4.924906590101887005e-04 1.196251122693335264e-03
4.323077930221535387e-02 2.527994070334995628e-03 5.383462075288413190e-04 1.202232378306801810e-03
4.344693319872642429e-02 2.745229733710584548e-03 6.257848242013523471e-04 1.208243540198335620e-03
4.366416786472004929e-02 2.057603303520506334e-03 5.593437153074952168e-04 1.214284757899327001e-03
4.388248870404365398e-02 2.479956147897518191e-03 5.280743603341522862e-04 1.220356181688823840e-03
4.410190114756386282e-02 2.519493113188829656e-03 5.364932422135972436e-04 1.226457962597267762e-03
4.432241065330168317e-02 2.824217108046141438e-03 6.281555998165445562e-04 1.232590252410254144e-03
4.454402270656818152e-02 1.950260417392975319e-03 4.723835372974849803e-04 1.238753203672305139e-03
4.476674282010102007e-02 4.080844006220812198e-03 6.792332599890775827e-04 1.244946969690666552e-03
4.499057653420152070e-02 1.721029150252566036e-03 4.437553166713690276e-04 1.251171704539119677e-03
4.521552941687251997e-02 2.615751013458561883e-03 5.446700026260136926e-04 1.257427563061815036e-03
4.544160706395687643e-02 4.308482293378091549e-03 6.979393155800144456e-04 1.263714700877124116e-03
4.566881509927665783e-02 1.946593705065421346e-03 5.799029873837500439e-04 1.270033274381509539e-03
4.589715917477303619e-02 3.440154805122842916e-03 6.768999371408152650e-04 1.276383440753416912e-03
4.612664497064689756e-02 2.684288122583029183e-03 6.167424089287236585e-04 1.282765357957184023e-03
4.635727819550012480e-02 2.233224851261783519e-03 5.256599211408008324e-04 1.289179184746969565e-03
4.658906458647761595e-02 2.781786570962704267e-03 5.922603456150009717e-04 1.295625080670704176e-03
4.682200990941000340e-02 2.915489340987973809e-03 5.942937777851015936e-04 1.302103206074057759e-03
4.705611995895704613e-02 1.978721823977570328e-03 4.792428347514308506e-04 1.308613722104427822e-03
4.729140055875183379e-02 2.100136020860226584e-03 4.943144169514024789e-04 1.315156790714949947e-03
4.752785756154558061e-02 2.268794366733676605e-03 5.668523015820355624e-04 1.321732574668524514e-03
4.776549684935330747e-02 3.406093066685473777e-03 6.938752570833634338e-04 1.328341237541867063e-03
4.800432433360006523e-02 2.705621337565826054e-03 5.634476384335268713e-04 1.334982943729576222e-03
4.824434595526806702e-02 3.112614621624913529e-03 6.763592907833731495e-04 1.341657858448223970e-03
4.848556768504440340e-02 2.330126639987863558e-03 6.124269500018509563e-04 1.348366147740464975e-03
4.872799552346961799e-02 1.782977662712520537e-03 5.785738892260398935e-04 1.355107978479167192e-03
4.897163550108696306e-02 1.525800963532666964e-03 5.109896001453947479e-04 1.361883518371562836e-03
4.921649367859239066e-02 2.033489929004091840e-03 5.831834942809477991e-04 1.368692935963420612e-03
4.946257614698534866e-02 1.604175770152533763e-03 4.282569372414133453e-04 1.375536400643237456e-03
4.970988902772026374e-02 2.306710198343037317e-03 5.152221322305472256e-04 1.382414082646453478e-03
4.995843847285886402e-02 2.477409078317573642e-03 5.400392031128151658e-04 1.389326153059685558e-03
5.020823066522315387e-02 1.286616872664044300e-03 3.875367768679254150e-04 1.396272783824983920e-03
5.045927181854926308e-02 1.281034260203787892e-03 3.858552602456727745e-04 1.403254147744108660e-03
5.071156817764200381e-02 1.059571795146414244e-03 3.528567376425886912e-04 1.410270418482829045e-03
5.096512601853020463e-02 1.410971527672993204e-03 4.069616488114737398e-04 1.417321770575242969e-03
5.121995164862284955e-02 1.307556431654508227e-03 3.939036052284366216e-04 1.424408379428118970e-03
5.147605140686596636e-02 8.305535528554063539e-04 4.274531191437186016e-04 1.431530421325259705e-03
5.173343166390028530e-02 1.689187417352387005e-03 5.391719979538674027e-04 1.438688073431885605e-03
5.199209882221978579e-02 1.352081652865659957e-03 4.073512996572933062e-04 1.445881513799044966e-03
5.225205931633088163e-02 1.477200403378932381e-03 4.261125915692483691e-04 1.453110921368040102e-03
5.251331961291252903e-02 1.378097327853833060e-03 4.152266421342213775e-04 1.460376475974880161e-03
5.277588621097707711e-02 1.378282909359099077e-03 4.152825586363477917e-04 1.467678358354754112e-03
