1.442977229909739312e-02 5.908623779437176537e-01 3.709365154845922080e-02 4.012835029382323475e-04
1.450192116059288022e-02 5.072124882917178335e-01 3.346152248069139690e-02 4.032899204529234965e-04
1.457443076639584369e-02 5.788252296864393465e-01 3.619444725930193868e-02 4.053063700551880698e-04
1.464730292022782196e-02 4.714926740296773722e-01 3.209343943924145015e-02 4.073329019054639909e-04
1.472053943482895880e-02 4.678640035186877322e-01 3.192209071604801968e-02 4.093695664149912751e-04
1.479414213200310087e-02 3.413734635946473195e-01 2.650046920120094004e-02 4.114164142470661261e-04
1.486811284266311567e-02 4.241703912800948162e-01 2.903153056135362314e-02 4.134734963183014293e-04
1.494245340687642976e-02 4.420837735032430160e-01 2.954706215274386510e-02 4.155408637998929378e-04
1.501716567391080982e-02 3.867128003767251188e-01 2.652859956395642316e-02 4.176185681188923421e-04
1.509225150228036064e-02 4.086503205049760168e-01 2.696810634105034979e-02 4.197066609594866829e-04
1.516771275979176062e-02 4.146812757961106377e-01 2.684245793117960924e-02 4.218051942642840526e-04
1.524355132359071774e-02 3.871807782058765968e-01 2.570468027442357126e-02 4.239142202356054761e-04
1.531976908020867001e-02 3.768250863618098356e-01 2.526151245124442016e-02 4.260337913367834599e-04
1.539636792560971322e-02 3.185927955162853875e-01 2.371914048600076014e-02 4.281639602934673712e-04
1.547334976523776114e-02 3.124511503924133904e-01 2.259030028953864025e-02 4.303047800949346725e-04
1.555071651406394681e-02 2.955051721474565851e-01 2.153191634336455718e-02 4.324563039954092570e-04
1.562847009663426504e-02 3.183341729328411640e-01 2.219590156441250683e-02 4.346185855153862892e-04
1.570661244711743509e-02 2.559287859061514792e-01 1.985798312786756989e-02 4.367916784429631718e-04
1.578514550935301852e-02 3.064432858952202965e-01 2.225029857784656742e-02 4.389756368351778850e-04
1.586407123689978493e-02 2.679252180690612772e-01 2.012905368999174868e-02 4.411705150193537760e-04
1.594339159308428081e-02 2.626826791168851427e-01 1.940739370328917537e-02 4.433763675944504758e-04
1.602310855104970011e-02 2.641135717776628145e-01 1.930266740453740956e-02 4.455932494324226748e-04
1.610322409380494577e-02 2.230063623998907729e-01 1.772097314777462684e-02 4.478212156795847000e-04
1.618374021427396864e-02 2.253892079594357334e-01 1.769504713441271554e-02 4.500603217579825731e-04
1.626465891534533553e-02 2.402742281302872596e-01 1.814737263171101525e-02 4.523106233667724104e-04
1.634598220992206086e-02 2.230015573219712721e-01 1.708332435271186361e-02 4.545721764836062502e-04
1.642771212097167421e-02 1.978633202492550425e-01 1.598765842579813468e-02 4.568450373660243313e-04
1.650985068157653085e-02 1.832268112577332686e-01 1.496443400456140202e-02 4.591292625528544183e-04
1.659239993498441007e-02 1.745411563726321780e-01 1.435238456837079242e-02 4.614249088656186080e-04
1.667536193465932876e-02 1.744809174057433687e-01 1.411045453994196758e-02 4.637320334099465872e-04
1.675873874433262550e-02 1.830117437253697965e-01 1.456425908158727120e-02 4.660506935769963169e-04
1.684253243805428762e-02 1.453514041890056618e-01 1.261545297108262846e-02 4.683809470448812760e-04
1.692674510024455570e-02 1.540527977895250755e-01 1.280196915081711559e-02 4.707228517801056197e-04
1.701137882574577792e-02 1.426197853273958593e-01 1.210729165163915849e-02 4.730764660390061145e-04
1.709643571987450386e-02 1.383909875557257918e-01 1.204727552764880798e-02 4.754418483692010654e-04
1.718191789847387657e-02 1.509818288375109063e-01 1.250558476273344946e-02 4.778190576110471046e-04
1.726782748796624328e-02 1.324185193019076501e-01 1.153957659486491358e-02 4.802081528991022138e-04
1.735416662540607141e-02 1.171592413065634525e-01 1.066824314204072553e-02 4.826091936635976912e-04
1.744093745853309702e-02 1.142553448828109164e-01 1.036122992581626524e-02 4.850222396319155398e-04
1.752814214582576469e-02 1.156924441543673021e-01 1.062494055326161820e-02 4.874473508300751793e-04
1.761578285655489295e-02 1.135535107483843370e-01 9.974622205278603840e-03 4.898845875842255254e-04
1.770386177083766582e-02 1.149959373402917456e-01 1.006310486964247415e-02 4.923340105221466097e-04
1.779238107969184982e-02 1.041070017523856167e-01 9.562694923824294896e-03 4.947956805747571627e-04
1.788134298509030939e-02 9.410455961593555685e-02 8.912884334589510002e-03 4.972696589776309795e-04
1.797074970001575484e-02 7.058051142993884697e-02 7.684961919255627917e-03 4.997560072725190303e-04
1.806060344851583357e-02 7.605858135683900290e-02 7.913648068700193661e-03 5.022547873088815474e-04
1.815090646575841238e-02 7.280348117834120614e-02 7.790055982848122056e-03 5.047660612454259654e-04
1.824166099808720298e-02 8.151672085058034312e-02 8.119867990375175329e-03 5.072898915516531023e-04
1.833286930307763407e-02 6.211060721923351152e-02 7.138881219732379560e-03 5.098263410094112545e-04
1.842453364959302162e-02 6.626242523590715472e-02 7.243635425933403135e-03 5.123754727144582072e-04
1.851665631784098556e-02 7.208226420325995754e-02 7.744775039398912701e-03 5.149373500780305086e-04
1.860923959943018915e-02 5.880717328651118708e-02 6.760329379316687252e-03 5.175120368284206584e-04
1.870228579742733849e-02 6.940979180198710019e-02 7.208416174821271651e-03 5.200995970125626457e-04
1.879579722641447001e-02 5.172115991574510740e-02 5.923444313840525548e-03 5.227000949976252919e-04
1.888977621254653988e-02 3.838237601890613637e-02 5.076094919204524741e-03 5.253135954726134010e-04
1.898422509360927352e-02 4.890006712542974143e-02 5.754333661284524899e-03 5.279401634499764984e-04
1.907914621907731700e-02 4.473850600440375247e-02 5.788979007036896759e-03 5.305798642672263522e-04
1.917454195017270074e-02 3.529013196333566360e-02 4.751842652387381141e-03 5.332327635885623007e-04
1.927041465992356331e-02 3.882246946937348286e-02 5.005099759125354424e-03 5.358989274065051453e-04
1.936676673322317715e-02 3.093385862413824960e-02 4.413204254176428601e-03 5.385784220435375479e-04
1.946360056688929002e-02 4.063359524414481005e-02 4.921101559963832889e-03 5.412713141537551630e-04
1.956091856972373699e-02 3.767052420777096400e-02 4.778103467228560219e-03 5.439776707245239486e-04
1.965872316257235436e-02 4.281210675991769382e-02 5.039154258909687642e-03 5.466975590781464767e-04
1.975701677838521270e-02 3.035758751618448242e-02 4.440626212049046326e-03 5.494310468735371343e-04
1.985580186227713789e-02 2.700160141522361598e-02 4.128831430506396498e-03 5.521782021079048048e-04
1.995508087158852362e-02 3.137279034389108684e-02 4.449789624312956368e-03 5.549390931184443321e-04
2.005485627594646297e-02 2.858960700243383737e-02 3.885950753965427412e-03 5.577137885840364410e-04
2.015513055732619241e-02 2.909884204272312688e-02 3.992355878453149147e-03 5.605023575269565484e-04
2.025590621011282011e-02 2.719277417175799960e-02 3.766586360921673343e-03 5.633048693145912720e-04
2.035718574116338053e-02 2.657101310597896962e-02 3.972139727982491528e-03 5.661213936611641552e-04
2.045897166986919424e-02 2.664172400841011146e-02 3.726241307919105940e-03 5.689520006294698480e-04
2.056126652821854001e-02 2.640421802485502442e-02 3.622664838684876154e-03 5.717967606326171794e-04
2.066407286085962872e-02 2.513238145598155684e-02 3.481114874881942062e-03 5.746557444357801433e-04
2.076739322516392428e-02 2.470634185348245804e-02 3.578543823024311898e-03 5.775290231579589687e-04
2.087123019128974549e-02 2.033466029397512295e-02 3.306256969471842687e-03 5.804166682737488866e-04
2.097558634224619065e-02 1.937694081633247259e-02 3.022383290555487670e-03 5.833187516151174630e-04
2.108046427395741940e-02 2.296124132861240494e-02 3.243067116762469136e-03 5.862353453731929901e-04
2.118586659532720531e-02 2.296118464585609337e-02 3.211010762247194002e-03 5.891665221000589496e-04
2.129179592830383883e-02 2.286295026328326666e-02 3.166310859687982999e-03 5.921123547105592091e-04
2.139825490794535628e-02 2.679623505070406406e-02 3.398509589929462997e-03 5.950729164841118924e-04
2.150524618248508130e-02 2.245585630443224304e-02 3.109727889267247577e-03 5.980482810665324655e-04
2.161277241339750604e-02 2.114591578123279844e-02 2.986204864658339401e-03 6.010385224718650622e-04
2.172083627546448834e-02 2.857485177952398189e-02 3.434961188389025130e-03 6.040437150842242189e-04
2.182944045684180601e-02 2.013512321778992281e-02 2.978434988726647286e-03 6.070639336596452820e-04
2.193858765912601316e-02 2.925884143412860183e-02 3.396001192405289238e-03 6.100992533279433810e-04
2.204828059742164337e-02 2.144040480266663426e-02 2.860481911536190500e-03 6.131497495945831353e-04
2.215852200040874936e-02 2.925788162461724629e-02 3.328670445241307518e-03 6.162154983425559502e-04
2.226931461041078975e-02 2.469279118497423944e-02 3.057521426799256637e-03 6.192965758342686968e-04
2.238066118346284175e-02 2.660668051188392128e-02 3.108624142419319329e-03 6.223930587134399823e-04
2.249256448938015407e-02 2.591508658429455061e-02 3.070025927294519914e-03 6.255050240070071524e-04
2.260502731182705005e-02 2.664973496129345240e-02 3.146703417759989189e-03 6.286325491270420771e-04
2.271805244838618482e-02 2.122991498841265978e-02 2.897445292028293703e-03 6.317757118726772354e-04
2.283164271062811460e-02 3.159779628411525654e-02 3.413060925081239354e-03 6.349345904320405831e-04
2.294580092418125120e-02 2.277002740177435161e-02 2.776222279729866071e-03 6.381092633842007193e-04
2.306052992880215646e-02 2.448832504600691531e-02 2.953369374363092568e-03 6.412998097011215950e-04
2.317583257844616634e-02 3.327659347218064889e-02 3.304126594740244144e-03 6.445063087496271954e-04
2.329171174133839312e-02 2.595511952665707084e-02 2.895595041631146820e-03 6.477288402933752218e-04
2.340817030004507804e-02 2.798120085825241479e-02 3.076017564848947464e-03 6.509674844948419407e-04
2.352521115154530135e-02 2.729995640588533598e-02 2.937170425271897790e-03 6.542223219173160312e-04
2.364283720730302879e-02 2.477720462441883667e-02 2.827358590640217592e-03 6.574934335269027328e-04
2.376105139333953981e-02 1.918046831694921947e-02 2.430277476668961031e-03 6.607809006945371006e-04
2.387985665030623386e-02 2.733604902210530832e-02 2.900183248096263773e-03 6.640848051980096202e-04
2.399925593355776293e-02 2.599859020645881730e-02 2.856589098850784419e-03 6.674052292239996288e-04
2.411925221322554908e-02 2.307419394464775217e-02 2.606244679376965023e-03 6.707422553701195781e-04
2.423984847429167672e-02 2.613990042139097483e-02 2.822157761246068836e-03 6.740959666469701402e-04
2.436104771666313187e-02 2.440358560336452695e-02 2.749312689014571810e-03 6.774664464802049616e-04
2.448285295524644731e-02 2.850004805180276352e-02 2.843054561237737948e-03 6.808537787126059350e-04
2.460526722002267380e-02 2.011388283395287163e-02 2.578938642030770365e-03 6.842580476061688784e-04
2.472829355612278512e-02 2.158047169958084502e-02 2.555401658641680371e-03 6.876793378441996242e-04
2.485193502390339870e-02 2.232099764215924112e-02 2.731655444092685736e-03 6.911177345334206228e-04
2.497619469902290917e-02 2.047250987463847260e-02 2.366705576541902958e-03 6.945733232060875232e-04
2.510107567251802091e-02 1.981354635072320874e-02 2.237625970735255664e-03 6.980461898221178947e-04
2.522658105088061015e-02 1.921260569945499111e-02 2.266854665507734862e-03 7.015364207712284066e-04
2.535271395613501039e-02 2.136573663542238807e-02 2.376069661340499475e-03 7.050441028750844760e-04
2.547947752591567944e-02 2.004881469552630482e-02 2.305356529036373028e-03 7.085693233894597813e-04
2.560687491354525849e-02 2.244857760145464037e-02 2.321872606294506786e-03 7.121121700064070520e-04
2.573490928811298165e-02 2.030038322412084512e-02 2.196317503593908475e-03 7.156727308564390499e-04
2.586358383455354334e-02 1.844576033394790260e-02 2.070125433116595890e-03 7.192510945107211508e-04
2.599290175372630934e-02 1.739182782533741853e-02 2.003297394704410886e-03 7.228473499832746606e-04
2.612286626249493704e-02 1.571225723790734691e-02 1.900732322267736831e-03 7.264615867331909727e-04
2.625348059380740867e-02 1.359593607605379638e-02 1.836429194530047335e-03 7.300938946668567844e-04
2.638474799677644617e-02 1.567381149674738905e-02 1.947354976935667661e-03 7.337443641401911317e-04
2.651667173676032496e-02 1.635343431142710635e-02 1.922755360439312895e-03 7.374130859608919644e-04
2.664925509544412152e-02 1.862249866091272854e-02 2.051907702366320002e-03 7.411001513906962735e-04
2.678250137092134248e-02 1.584064851479755412e-02 1.889404657688386084e-03 7.448056521476497608e-04
2.691641387777594235e-02 1.106918581861764984e-02 1.646746168286612657e-03 7.485296804083878914e-04
2.705099594716482009e-02 1.266861981361747276e-02 1.720615235219906045e-03 7.522723288104297404e-04
2.718625092690064166e-02 1.200358851664894318e-02 1.637351067281015392e-03 7.560336904544818137e-04
2.732218218153514150e-02 1.130770120300743711e-02 1.602343519182312806e-03 7.598138589067541214e-04
2.745879309244281599e-02 1.020101807610701225e-02 1.425548126989031493e-03 7.636129282012878508e-04
2.759608705790502631e-02 1.281171303124071896e-02 1.598280934806761396e-03 7.674309928422942077e-04
2.773406749319454884e-02 1.102390955398096367e-02 1.532714632297054250e-03 7.712681478065056169e-04
2.787273783066051419e-02 9.599333547341286701e-03 1.355007542652583328e-03 7.751244885455379824e-04
2.801210151981381458e-02 9.053459473019604201e-03 1.332407900578879778e-03 7.790001109882655232e-04
2.815216202741288587e-02 8.750338115763155872e-03 1.354512695301458326e-03 7.828951115432069945e-04
2.829292283754994419e-02 1.072303124241793908e-02 1.443539145767796681e-03 7.868095871009228581e-04
2.843438745173769086e-02 7.865061441683408178e-03 1.297522623871935621e-03 7.907436350364273076e-04
2.857655938899637815e-02 7.284427104175733581e-03 1.179903677731721163e-03 7.946973532116093997e-04
2.871944218594135734e-02 6.029967141424366801e-03 1.064373986995395972e-03 7.986708399776674136e-04
2.886303939687106038e-02 6.094780606089035026e-03 1.075870403542592609e-03 8.026641941775556786e-04
2.900735459385541531e-02 9.703636461781522601e-03 1.343792297802118806e-03 8.066775151484434359e-04
2.915239136682468840e-02 7.012720896577509348e-03 1.136095441472674984e-03 8.107109027241855186e-04
2.929815332365880848e-02 8.898214904160518801e-03 1.269529137982649105e-03 8.147644572378063676e-04
2.944464409027709728e-02 4.770272141717661792e-03 9.343401365121854285e-04 8.188382795239952140e-04
2.959186731072847854e-02 7.390134737488851698e-03 1.152735041709395270e-03 8.229324709216151402e-04
2.973982664728212072e-02 6.013101014152482000e-03 1.029994071129599177e-03 8.270471332762231991e-04
2.988852578051852740e-02 6.057190232400613134e-03 1.206843598771834610e-03 8.311823689426041948e-04
3.003796840942111676e-02 5.677299146169107434e-03 1.002448212513010846e-03 8.353382807873171480e-04
3.018815825146821744e-02 5.715596074101606666e-03 9.938176480585639815e-04 8.395149721912535798e-04
3.033909904272555358e-02 6.940063027379692918e-03 1.096060189577014723e-03 8.437125470522096726e-04
3.049079453793918093e-02 4.540051020425611532e-03 8.893548883770580841e-04 8.479311097874706830e-04
3.064324851062887045e-02 5.394822175789866676e-03 1.106335782494351607e-03 8.521707653364079312e-04
3.079646475318201237e-02 7.443735210379434294e-03 1.133840368300166948e-03 8.564316191630898852e-04
3.095044707694791924e-02 6.157263771260336471e-03 1.024999246101264330e-03 8.607137772589052794e-04
3.110519931233265631e-02 6.439200913004997084e-03 1.043124722632645870e-03 8.650173461451996773e-04
3.126072530889431600e-02 4.236241119168257692e-03 8.459674877552092551e-04 8.693424328759255873e-04
3.141702893543878161e-02 4.819604659728820954e-03 8.938017114313372927e-04 8.736891450403050461e-04
3.157411408011597670e-02 8.627277337583881892e-03 1.194905436447074023e-03 8.780575907655066223e-04
3.173198465051654815e-02 5.334537599346202315e-03 9.418188588045998911e-04 8.824478787193339125e-04
3.189064457376912520e-02 4.954624928228945450e-03 9.896475518367602812e-04 8.868601181129304092e-04
3.205009779663797742e-02 4.467415278510855625e-03 8.585985197630025163e-04 8.912944187034952098e-04
3.221034828562116537e-02 6.531242514970087877e-03 1.044425164629042037e-03 8.957508907970127129e-04
3.237140002704926023e-02 7.759668977577222244e-03 1.201607402010746893e-03 9.002296452509974930e-04
3.253325702718450757e-02 5.918228426012824180e-03 1.013610854546793429e-03 9.047307934772525102e-04
3.269592331232042820e-02 5.764876238329001874e-03 1.129705778413137062e-03 9.092544474446387056e-04
3.285940292888202274e-02 5.328583135921498466e-03 1.085596713796485547e-03 9.138007196818616167e-04
3.302369994352642724e-02 5.540164944505574646e-03 9.936791657166644826e-04 9.183697232802707881e-04
3.318881844324406138e-02 7.567910751782105927e-03 1.214459786328460876e-03 9.229615718966721919e-04
3.335476253546027642e-02 4.627542852275935703e-03 8.892272447173944902e-04 9.275763797561553930e-04
3.352153634813757888e-02 7.248976541711344909e-03 1.178199308347047548e-03 9.322142616549362187e-04
3.368914402987825685e-02 7.130208437188654061e-03 1.085585907349330241e-03 9.368753329632105963e-04
3.385758975002764459e-02 7.594626569826397160e-03 1.228906491904524804e-03 9.415597096280266037e-04
3.402687769877778268e-02 8.792485448861513120e-03 1.194478938587976991e-03 9.462675081761667134e-04
3.419701208727166097e-02 7.596426331515523239e-03 1.213747332859827204e-03 9.509988457170472738e-04
3.436799714770802372e-02 7.142019669283706899e-03 1.131407758496302514e-03 9.557538399456326278e-04
3.453983713344655621e-02 6.558557147724683629e-03 1.010170154555337834e-03 9.605326091453606158e-04
3.471253631911378618e-02 8.071182924650928403e-03 1.144620004640282572e-03 9.653352721910872687e-04
3.488609900070935299e-02 6.623154908293313846e-03 9.965771076590199465e-04 9.701619485520426682e-04
3.506052949571289434e-02 8.087380678658287469e-03 1.146225842134882943e-03 9.750127582948027449e-04
3.523583214319145340e-02 6.360970353994715130e-03 1.033503220665857401e-03 9.798878220862766893e-04
3.541201130390740637e-02 6.512175300211018626e-03 1.020094647584145198e-03 9.847872611967079144e-04
3.558907136042693820e-02 7.193913142332700010e-03 1.015393364695438196e-03 9.897111975026911743e-04
3.576701671722907344e-02 5.189459406544848566e-03 8.632222361609930743e-04 9.946597534902046431e-04
3.594585180081521364e-02 7.116055036259559194e-03 1.004408988382173452e-03 9.996330522576556566e-04
3.612558105981928530e-02 6.345136276189589780e-03 9.547195824589072011e-04 1.004631217518943799e-03
3.630620896511838058e-02 6.353713722071995494e-03 9.833338946461382853e-04 1.009654373606538522e-03
3.648774000994396693e-02 6.618135983298772951e-03 9.534146051243174921e-04 1.014702645474571067e-03
3.667017870999368656e-02 5.096256214731903662e-03 8.362280300926875146e-04 1.019776158701943746e-03
3.685352960354364854e-02 5.090329190024824209e-03 8.352900238074583176e-04 1.024875039495453310e-03
3.703779725156136626e-02 6.032966613024808716e-03 9.078343995404445071e-04 1.029999414692930578e-03
3.722298623781916671e-02 5.827469360743140273e-03 8.871026128280233179e-04 1.035149411766395034e-03
3.740910116900825200e-02 6.372485376524471105e-03 9.278718655139793145e-04 1.040325158825226772e-03
3.759614667485329520e-02 6.099726188039868158e-03 8.978327029485020250e-04 1.045526784619352960e-03
3.778412740822754967e-02 5.634883528687707581e-03 8.578566282385608312e-04 1.050754418542449494e-03
3.797304804526868693e-02 4.302976074891444631e-03 7.478619132106614428e-04 1.056008190635161726e-03
3.816291328549503009e-02 4.812080926978740125e-03 7.898557550123061531e-04 1.061288231588337341e-03
3.835372785192249501e-02 3.313316983604797181e-03 7.081461968479567642e-04 1.066594672746278743e-03
3.854549649118210741e-02 2.826233043743190104e-03 6.016709446730056235e-04 1.071927646110010192e-03
3.873822397363801268e-02 3.572538948771109089e-03 6.742008029720364263e-04 1.077287284340560118e-03
3.893191509350620028e-02 4.085181128988543166e-03 7.211844234055353898e-04 1.082673720762262950e-03
3.912657466897372788e-02 3.784893326391399263e-03 6.900969863442980813e-04 1.088087089366074171e-03
3.932220754231859072e-02 3.618715818670819283e-03 6.711487407869936965e-04 1.093527524812904243e-03
3.951881858003018083e-02 2.688301333963264306e-03 5.724399117672862363e-04 1.098995162436968787e-03
3.971641267293032906e-02 3.000511186485576524e-03 6.117621212248339517e-04 1.104490138249153517e-03
3.991499473629497863e-02 2.243022327236679925e-03 5.280757548398329207e-04 1.110012588940399118e-03
4.011456970997644145e-02 3.196531197475092553e-03 6.261935816065807535e-04 1.115562651885100868e-03
4.031514255852632067e-02 2.194987890898193132e-03 5.168055571325267002e-04 1.121140465144526265e-03
4.051671827131894665e-02 2.300199254337782773e-03 5.271352924149159307e-04 1.126746167470248691e-03
4.071930186267554153e-02 2.412685551937891141e-03 5.389361654387724411e-04 1.132379898307599945e-03
4.092289837198891111e-02 3.127664280775652780e-03 6.127524539157557220e-04 1.138041797799137743e-03
4.112751286384885852e-02 2.020536965746304835e-03 4.895576658418571842e-04 1.143732006788133592e-03
4.133315042816809726e-02 2.046122585601308375e-03 4.957592532060963028e-04 1.149450666822074115e-03
4.153981618030892775e-02 2.257253423389797911e-03 5.173295929281053430e-04 1.155197920156184272e-03
4.174751526121046885e-02 2.559808107558526544e-03 5.452054012286226955e-04 1.160973909756964897e-03
4.195625283751651391e-02 1.890569453735215346e-03 4.721681893784457828e-04 1.166778779305749532e-03
4.216603410170409461e-02 2.443144306612654061e-03 5.325858552605263786e-04 1.172612673202278388e-03
4.237686427221261376e-02 3.376912604078191691e-03 6.264277358140403788e-04 1.178475736568289660e-03
4.258874859357367204e-02 1.286605302220820762e-03 4.817531133452470542e-04 1.184368115251131000e-03
4.280169233654153305e-02 2.798684455167626314e-03 5.706617806566836957e-04 1.190289955827386397e-03
4.301570079822424064e-02 2.905071048632117386e-03 6.462885592814484811e-04 1.196241405606523426e-03
4.323077930221535387e-02 2.068273114217009361e-03 4.869322969222352046e-04 1.202222612634555685e-03
4.344693319872642429e-02 3.317303589210812698e-03 6.152946906095676420e-04 1.208233725697728436e-03
4.366416786472004929e-02 3.203404683261106087e-03 6.046582852750147620e-04 1.214274894326216811e-03
4.388248870404365398e-02 2.255008796877325163e-03 5.036115282604792511e-04 1.220346268797848103e-03
4.410190114756386282e-02 2.635078555138289404e-03 5.487721581198805754e-04 1.226448000141837054e-03
4.432241065330168317e-02 2.598903831527605082e-03 5.411939088754357755e-04 1.232580240142546303e-03
4.454402270656818152e-02 2.408237671021691909e-03 5.248271659252624162e-04 1.238743141343258761e-03
4.476674282010102007e-02 3.061261896176014057e-03 5.883499456554963473e-04 1.244936857049974916e-03
4.499057653420152070e-02 2.753711284644121040e-03 5.613241879450668256e-04 1.251161541335224676e-03
4.521552941687251997e-02 3.299057689136499806e-03 6.117752238344003994e-04 1.257417349041900457e-03
4.544160706395687643e-02 3.333979137776116840e-03 6.560107351120735919e-04 1.263704435787109783e-03
4.566881509927665783e-02 3.363480717645324532e-03 6.236909471675960775e-04 1.270022957966045240e-03
4.589715917477303619e-02 1.636665004574064690e-03 4.367988886223795795e-04 1.276373072755875460e-03
4.612664497064689756e-02 2.037348557865448738e-03 4.934572582449634880e-04 1.282754938119654757e-03
4.635727819550012480e-02 2.233880321965420624e-03 5.258142068501065868e-04 1.289168712810252705e-03
4.658906458647761595e-02 1.897360530134300886e-03 5.788634844134099827e-04 1.295614556374303670e-03
4.682200990941000340e-02 2.672458450449557380e-03 6.418930037818596336e-04 1.302092629156175211e-03
4.705611995895704613e-02 2.793948719426004972e-03 5.695189191835328679e-04 1.308603092301955989e-03
4.729140055875183379e-02 3.619367734897062112e-03 7.091905363671921481e-04 1.315146107763465796e-03
4.752785756154558061e-02 2.455298432927903885e-03 5.350366173595584585e-04 1.321721838302282719e-03
4.776549684935330747e-02 2.585593749716980517e-03 6.210198618102614988e-04 1.328330447493794152e-03
4.800432433360006523e-02 1.410762537723582325e-03 4.067370743082336713e-04 1.334972099731262987e-03
4.824434595526806702e-02 2.322234246679203817e-03 5.802864153822962206e-04 1.341646960229919174e-03
4.848556768504440340e-02 1.964714782773257454e-03 4.905575755846618277e-04 1.348355195031068635e-03
4.872799552346961799e-02 1.685765385670041352e-03 5.378545200267322241e-04 1.355096971006223856e-03
4.897163550108696306e-02 2.695481935676820751e-03 5.613752185106018902e-04 1.361872455861254860e-03
4.921649367859239066e-02 2.290360252786129234e-03 5.115386640122717831e-04 1.368681818140561005e-03
4.946257614698534866e-02 1.237225669816468350e-03 5.735238142086087829e-04 1.375525227231263591e-03
4.970988902772026374e-02 2.187648305541693011e-03 5.013224767833171546e-04 1.382402853367419721e-03
4.995843847285886402e-02 5.912316480552014123e-04 2.641179101741835452e-04 1.389314867634256758e-03
5.020823066522315387e-02 1.636954401470620130e-03 4.370514721937685020e-04 1.396261441972427826e-03
5.045927181854926308e-02 1.630880295496734637e-03 4.354297428493575286e-04 1.403242749182289847e-03
5.071156817764200381e-02 1.763097598629321389e-03 4.548148485635511852e-04 1.410258962928201106e-03
5.096512601853020463e-02 1.885562198479755983e-03 4.709846238465349526e-04 1.417310257742841794e-03
5.121995164862284955e-02 1.308949641119750394e-03 3.943233119585172041e-04 1.424396809031556023e-03
5.147605140686596636e-02 4.744004859154816642e-04 3.747425368386544334e-04 1.431518793076713789e-03
5.173343166390028530e-02 1.205582916234561926e-03 3.809426636766677127e-04 1.438676387042097000e-03
5.199209882221978579e-02 1.227493892540483435e-03 3.878661407996989970e-04 1.445869768977307412e-03
5.225205931633088163e-02 1.480269521001954238e-03 4.270139402320584560e-04 1.453099117822193856e-03
5.251331961291252903e-02 1.252543797045622270e-03 3.958171284007588517e-04 1.460364613411304626e-03
5.277588621097707711e-02 1.501368577163209473e-03 4.331101508160384284e-04 1.467666436478360899e-03
