1.442977229909739312e-02 5.978023752550215564e-01 3.730808970925394291e-02 4.012704649402173062e-04
1.450192116059288022e-02 4.984629726945045136e-01 3.317611891754281700e-02 4.032768172649183846e-04
1.457443076639584369e-02 5.141149724560003520e-01 3.460793129648002259e-02 4.052932013512429541e-04
1.464730292022782196e-02 4.723408642723500583e-01 3.173330832282588582e-02 4.073196673579991653e-04
1.472053943482895880e-02 4.884721089674374239e-01 3.280694073146309814e-02 4.093562656947890752e-04
1.479414213200310087e-02 3.648857523308027817e-01 2.651815243177997258e-02 4.114030470232629601e-04
1.486811284266311567e-02 4.486226704985923908e-01 3.019986477870262656e-02 4.134600622583792674e-04
1.494245340687642976e-02 4.677728794346501795e-01 3.076066985366215228e-02 4.155273625696710715e-04
1.501716567391080982e-02 4.159718588251208327e-01 2.751205493557627377e-02 4.176049993825194161e-04
1.509225150228036064e-02 4.046474808658124256e-01 2.732332220036793116e-02 4.196930243794319126e-04
1.516771275979176062e-02 3.886567692775887428e-01 2.599368840968015529e-02 4.217914895013289843e-04
1.524355132359071774e-02 3.309718194463613927e-01 2.378229769665738888e-02 4.239004469488355845e-04
1.531976908020867001e-02 3.455460482530874899e-01 2.445277339616882400e-02 4.260199491835797454e-04
1.539636792560971322e-02 3.576233339611809003e-01 2.499531614047103417e-02 4.281500489294976322e-04
1.547334976523776114e-02 3.008925293274122836e-01 2.216669649687968285e-02 4.302907991741451027e-04
1.555071651406394681e-02 2.743360952168872324e-01 2.100577714820294969e-02 4.324422531700157718e-04
1.562847009663426504e-02 2.747354232231661864e-01 2.040891343106203751e-02 4.346044644358657981e-04
1.570661244711743509e-02 3.160325761772584952e-01 2.237564087964296136e-02 4.367774867580450672e-04
1.578514550935301852e-02 3.096706443217222549e-01 2.223597926499927893e-02 4.389613741918352058e-04
1.586407123689978493e-02 2.747996496018761392e-01 2.035839336999454782e-02 4.411561810627944260e-04
1.594339159308428081e-02 2.789059539558640943e-01 2.001022990677000721e-02 4.433619619681082786e-04
1.602310855104970011e-02 2.794286272652025116e-01 1.994530459363662994e-02 4.455787717779488089e-04
1.610322409380494577e-02 2.628060470301865625e-01 1.913968497351202502e-02 4.478066656368384288e-04
1.618374021427396864e-02 2.112286921705573695e-01 1.743437207212930259e-02 4.500456989650225711e-04
1.626465891534533553e-02 2.691601100645080180e-01 1.892513320050770095e-02 4.522959274598476018e-04
1.634598220992206086e-02 2.385256749471843796e-01 1.765797480239266262e-02 4.545574070971468103e-04
1.642771212097167421e-02 2.159390718138499698e-01 1.636685166575855069e-02 4.568301941326326329e-04
1.650985068157653085e-02 2.199722630227435582e-01 1.639108541709155195e-02 4.591143451032957622e-04
1.659239993498441007e-02 2.218340471474516407e-01 1.637902974859663935e-02 4.614099168288121155e-04
1.667536193465932876e-02 1.958535143149029434e-01 1.514082172380729931e-02 4.637169664129560929e-04
1.675873874433262550e-02 2.247244075361796434e-01 1.612993728388978365e-02 4.660355512450208818e-04
1.684253243805428762e-02 1.586856891095018707e-01 1.318646779417238096e-02 4.683657290012459718e-04
1.692674510024455570e-02 1.570290858394118583e-01 1.291541575365305443e-02 4.707075576462520965e-04
1.701137882574577792e-02 1.726547025423630644e-01 1.389225188222526983e-02 4.730610954344833304e-04
1.709643571987450386e-02 1.615317274588043139e-01 1.273599584748542901e-02 4.754264009116556918e-04
1.718191789847387657e-02 1.720765310810014048e-01 1.336123859845988505e-02 4.778035329162139849e-04
1.726782748796624328e-02 1.560388666837602412e-01 1.254151994971189864e-02 4.801925505807949851e-04
1.735416662540607141e-02 1.264903014004382376e-01 1.106607013592824512e-02 4.825935133336988641e-04
1.744093745853309702e-02 1.257166296491202817e-01 1.087409355056619988e-02 4.850064809003672281e-04
1.752814214582576469e-02 1.135288998169783070e-01 1.051568761453584334e-02 4.874315133048691255e-04
1.761578285655489295e-02 1.093773587513445084e-01 9.799562311939133755e-03 4.898686708713934513e-04
1.770386177083766582e-02 1.129179318076870969e-01 9.958106227605527730e-03 4.923180142257504045e-04
1.779238107969184982e-02 1.077118127039651402e-01 9.730288760949301965e-03 4.947796042968790166e-04
1.788134298509030939e-02 8.836579927883460306e-02 8.646398392573454231e-03 4.972535023183633548e-04
1.797074970001575484e-02 1.072338521609315087e-01 9.458517377576877369e-03 4.997397698299550122e-04
1.806060344851583357e-02 9.034858081583606315e-02 8.636381559257904142e-03 5.022384686791048691e-04
1.815090646575841238e-02 8.456540184759911427e-02 8.643921900654738880e-03 5.047496610225003831e-04
1.824166099808720298e-02 8.888351404969470348e-02 8.308724736656149246e-03 5.072734093276127457e-04
1.833286930307763407e-02 8.190219923513100686e-02 7.903063636301619135e-03 5.098097763742507607e-04
1.842453364959302162e-02 7.763637611953207174e-02 7.599202958706771302e-03 5.123588252561219868e-04
1.851665631784098556e-02 7.715152281950046764e-02 7.552112565751808830e-03 5.149206193824025545e-04
1.860923959943018915e-02 6.842262229742131219e-02 7.045283257054596633e-03 5.174952224793144626e-04
1.870228579742733849e-02 6.310348280498467854e-02 6.715771703657457542e-03 5.200826985917110078e-04
1.879579722641447001e-02 5.861826642272655735e-02 6.310979321266355080e-03 5.226831120846694772e-04
1.888977621254653988e-02 6.270304723254686852e-02 6.492056437747648415e-03 5.252965276450927319e-04
1.898422509360927352e-02 4.673503805472748601e-02 5.617858922977814716e-03 5.279230102833182715e-04
1.907914621907731700e-02 5.041144868191328038e-02 5.736643847848919148e-03 5.305626253347347793e-04
1.917454195017270074e-02 5.807396925390184705e-02 6.238151356644600944e-03 5.332154384614083177e-04
1.927041465992356331e-02 3.494448435381251189e-02 4.748820405322881980e-03 5.358815156537153528e-04
1.936676673322317715e-02 4.292214244102244419e-02 5.198107687450374825e-03 5.385609232319838032e-04
1.946360056688929002e-02 3.699930761191787959e-02 4.692751256801288781e-03 5.412537278481436296e-04
1.956091856972373699e-02 3.589412049523966336e-02 4.667116083641761719e-03 5.439599964873843624e-04
1.965872316257235436e-02 3.145428519190475447e-02 4.315180710693058280e-03 5.466797964698213042e-04
1.975701677838521270e-02 3.620785264585266172e-02 4.809854545105426635e-03 5.494131954521702969e-04
1.985580186227713789e-02 2.982382056008500010e-02 4.091742545299673246e-03 5.521602614294310535e-04
1.995508087158852362e-02 2.849801555453165477e-02 4.260132316714505124e-03 5.549210627365782971e-04
2.005485627594646297e-02 2.454383467859714771e-02 3.756759040342136455e-03 5.576956680502610309e-04
2.015513055732619241e-02 2.550091224704150589e-02 3.903307612990650384e-03 5.604841463905123247e-04
2.025590621011282011e-02 2.770523573905483289e-02 3.801194516141046930e-03 5.632865671224647399e-04
2.035718574116338053e-02 2.766686251202784760e-02 3.832222271448930320e-03 5.661029999580769216e-04
2.045897166986919424e-02 2.370401259188664039e-02 3.671346406886480049e-03 5.689335149578672373e-04
2.056126652821854001e-02 2.540762651462307245e-02 3.553626590405936647e-03 5.717781825326566326e-04
2.066407286085962872e-02 2.079206387791119812e-02 3.167015616475513454e-03 5.746370734453197255e-04
2.076739322516392428e-02 2.115619817244118045e-02 3.185602058517528114e-03 5.775102588125463100e-04
2.087123019128974549e-02 2.380971491858733385e-02 3.485227801421069728e-03 5.803978101066090394e-04
2.097558634224619065e-02 2.384922626440416291e-02 3.490898514579296799e-03 5.832997991571420597e-04
2.108046427395741940e-02 2.889297981867469667e-02 3.635528513136577350e-03 5.862162981529276664e-04
2.118586659532720531e-02 1.845976627449443311e-02 2.879165815942054309e-03 5.891473796436922858e-04
2.129179592830383883e-02 1.674574288820130166e-02 2.919249075144484881e-03 5.920931165419106952e-04
2.139825490794535628e-02 2.390048642514402272e-02 3.324943270044545662e-03 5.950535821246202188e-04
2.150524618248508130e-02 2.332446491011099660e-02 3.341088513303660298e-03 5.980288500352432717e-04
2.161277241339750604e-02 2.412445196964761382e-02 3.190789224073044706e-03 6.010189942854194441e-04
2.172083627546448834e-02 2.150877255288459466e-02 2.978350739027867383e-03 6.040240892568463690e-04
2.182944045684180601e-02 1.971433764091778257e-02 3.112271926046147105e-03 6.070442097031304544e-04
2.193858765912601316e-02 1.740930275670152239e-02 2.620483052051276757e-03 6.100794307516460742e-04
2.204828059742164337e-02 2.490673667781416467e-02 3.223538753276859910e-03 6.131298279054042981e-04
2.215852200040874936e-02 2.468233736573765755e-02 3.056353626666925317e-03 6.161954770449312724e-04
2.226931461041078975e-02 2.193639864476494214e-02 3.080773153359485893e-03 6.192764544301558160e-04
2.238066118346284175e-02 1.987410038159016790e-02 2.790794080359017704e-03 6.223728367023065571e-04
2.249256448938015407e-02 2.148467694026150870e-02 2.930569364263128397e-03 6.254847008858180693e-04
2.260502731182705005e-02 1.839590901481508514e-02 2.546278878787676652e-03 6.286121243902469818e-04
2.271805244838618482e-02 2.093853135233578883e-02 2.697944130829755746e-03 6.317551850121981734e-04
2.283164271062811460e-02 2.535095206204647858e-02 2.961283761413785205e-03 6.349139609372592054e-04
2.294580092418125120e-02 2.309282794884385398e-02 2.794797080552884581e-03 6.380885307419453811e-04
2.306052992880215646e-02 2.163863185594551777e-02 2.699206382563129614e-03 6.412789733956551037e-04
2.317583257844616634e-02 2.355308343592332418e-02 2.972806635627575026e-03 6.444853682626332583e-04
2.329171174133839312e-02 2.541050866391568117e-02 2.938640315745165432e-03 6.477077951039464116e-04
2.340817030004507804e-02 2.579022574254001901e-02 2.859261259081678948e-03 6.509463340794659257e-04
2.352521115154530135e-02 2.280871650755326996e-02 2.681950497561123598e-03 6.542010657498632158e-04
2.364283720730302879e-02 2.742691454649623731e-02 2.900587781998060534e-03 6.574720710786124880e-04
2.376105139333953981e-02 2.633102398741136302e-02 2.849360829132006976e-03 6.607594314340054040e-04
2.387985665030623386e-02 2.395966375833985876e-02 2.655835904748602479e-03 6.640632285911753953e-04
2.399925593355776293e-02 2.104693994198536186e-02 2.509465605005542846e-03 6.673835447341311920e-04
2.411925221322554908e-02 2.991219439307159222e-02 2.969086204119618030e-03 6.707204624578017374e-04
2.423984847429167672e-02 2.211765783232885751e-02 2.514355564194109636e-03 6.740740647700907504e-04
2.436104771666313187e-02 2.580025444841517121e-02 2.728082652787089737e-03 6.774444350939411554e-04
2.448285295524644731e-02 2.406898430463063135e-02 2.677166596244505512e-03 6.808316572694108953e-04
2.460526722002267380e-02 2.416631205902073504e-02 2.704936709751613617e-03 6.842358155557577443e-04
2.472829355612278512e-02 2.568989832506426638e-02 2.953255970121721787e-03 6.876569946335364799e-04
2.485193502390339870e-02 2.455192754948908040e-02 2.783901681252388786e-03 6.910952796067041867e-04
2.497619469902290917e-02 2.402902582948868160e-02 2.498879994132795906e-03 6.945507560047374865e-04
2.510107567251802091e-02 2.568043387740995623e-02 2.548673884305808265e-03 6.980235097847611522e-04
2.522658105088061015e-02 2.136996439862825364e-02 2.325547942697966854e-03 7.015136273336848539e-04
2.535271395613501039e-02 2.634738639517847716e-02 2.576816606142447869e-03 7.050211954703532397e-04
2.547947752591567944e-02 2.468609189683441951e-02 2.437952013222815378e-03 7.085463014477047993e-04
2.560687491354525849e-02 2.220482146939169177e-02 2.309102759655674679e-03 7.120890329549434128e-04
2.573490928811298165e-02 2.291616192652561751e-02 2.332953288092061948e-03 7.156494781197180301e-04
2.586358383455354334e-02 2.266363720846360785e-02 2.295394828760544213e-03 7.192277255103164462e-04
2.599290175372630934e-02 2.131135454449996011e-02 2.216397275387030612e-03 7.228238641378680746e-04
2.612286626249493704e-02 2.184685430272136422e-02 2.291947152742524266e-03 7.264379834585572371e-04
2.625348059380740867e-02 2.149133075862939141e-02 2.199611011513220686e-03 7.300701733758500076e-04
2.638474799677644617e-02 1.823093783457189337e-02 2.066711246250509289e-03 7.337205242427291855e-04
2.651667173676032496e-02 2.361452937372601063e-02 2.310183303868457248e-03 7.373891268639428233e-04
2.664925509544412152e-02 2.448978468608434267e-02 2.415685790078522018e-03 7.410760724982624024e-04
2.678250137092134248e-02 1.684270497631334962e-02 2.002316650097729200e-03 7.447814528607536949e-04
2.691641387777594235e-02 1.772045516284128167e-02 2.084136230271078135e-03 7.485053601250572742e-04
2.705099594716482009e-02 1.903086162030622960e-02 2.110412255160567466e-03 7.522478869256824701e-04
2.718625092690064166e-02 1.879955113050644708e-02 1.977574038015936491e-03 7.560091263603108645e-04
2.732218218153514150e-02 1.502959419804307702e-02 1.755344567874464511e-03 7.597891719921122562e-04
2.745879309244281599e-02 1.237631371911765768e-02 1.642772912131075557e-03 7.635881178520727676e-04
2.759608705790502631e-02 1.501085371587548845e-02 1.729868135747835789e-03 7.674060584413330355e-04
2.773406749319454884e-02 1.633040330405373039e-02 1.799898762494622859e-03 7.712430887335396286e-04
2.787273783066051419e-02 1.670927610022224230e-02 1.788059548061001142e-03 7.750993041772071988e-04
2.801210151981381458e-02 1.553768949357358514e-02 1.872764286056036133e-03 7.789748006980931009e-04
2.815216202741288587e-02 1.261113621078361648e-02 1.605479302372090624e-03 7.828696747015836130e-04
2.829292283754994419e-02 1.059691969192014076e-02 1.488234918862086417e-03 7.867840230750914330e-04
2.843438745173769086e-02 1.002512739576575003e-02 1.451541634473786863e-03 7.907179431904668354e-04
2.857655938899637815e-02 9.451312275106576316e-03 1.398071402928999056e-03 7.946715329064191289e-04
2.871944218594135734e-02 1.036789717440051578e-02 1.395918122658302250e-03 7.986448905709511237e-04
2.886303939687106038e-02 1.113749085422971290e-02 1.506259377848884152e-03 8.026381150238057422e-04
2.900735459385541531e-02 9.775178124818427114e-03 1.401046013375249234e-03 8.066513055989247725e-04
2.915239136682468840e-02 6.334674138469021179e-03 1.227604538250946830e-03 8.106845621269193319e-04
2.929815332365880848e-02 8.908134838810111492e-03 1.270943283452482262e-03 8.147379849375537735e-04
2.944464409027709728e-02 7.700267307203227489e-03 1.186653946235607200e-03 8.188116748622414117e-04
2.959186731072847854e-02 5.472830223973440197e-03 1.057047058891150831e-03 8.229057332365524984e-04
2.973982664728212072e-02 5.845811429714445687e-03 1.016392479501791648e-03 8.270202619027352100e-04
2.988852578051852740e-02 7.827329151564258597e-03 1.178601645265904552e-03 8.311553632122487770e-04
3.003796840942111676e-02 7.448721325992519599e-03 1.148028949430686136e-03 8.353111400283099505e-04
3.018815825146821744e-02 4.688873330955936787e-03 9.964691294928945328e-04 8.394876957284513929e-04
3.033909904272555358e-02 4.746500402301023075e-03 1.060441932382975806e-03 8.436851342070935149e-04
3.049079453793918093e-02 5.927443754713556529e-03 1.015381243768017153e-03 8.479035598781289960e-04
3.064324851062887045e-02 6.017759024011906308e-03 1.016020515174426847e-03 8.521430776775194491e-04
3.079646475318201237e-02 6.759452747468894067e-03 1.081120668922048479e-03 8.564037930659069379e-04
3.095044707694791924e-02 5.366012024303735105e-03 1.017864353232969185e-03 8.606858120312364455e-04
3.110519931233265631e-02 3.555237766334825179e-03 8.784173481215420531e-04 8.649892410913925453e-04
3.126072530889431600e-02 3.053659615123026968e-03 7.186664598522402372e-04 8.693141872968494083e-04
3.141702893543878161e-02 3.484765040487013826e-03 7.594364718671965187e-04 8.736607582333334949e-04
3.157411408011597670e-02 5.975904844768741703e-03 9.947498196163115196e-04 8.780290620245001249e-04
3.173198465051654815e-02 5.006922162413280329e-03 9.129707424008705243e-04 8.824192073346224076e-04
3.189064457376912520e-02 4.782847157487530622e-03 8.870130325683015437e-04 8.868313033712953500e-04
3.205009779663797742e-02 4.629455875745635933e-03 8.737086310742252704e-04 8.912654598881520002e-04
3.221034828562116537e-02 4.859967678627691128e-03 9.012586476159101679e-04 8.957217871875927098e-04
3.237140002704926023e-02 3.756743284136929151e-03 7.998522622295390662e-04 9.002003961235304419e-04
3.253325702718450757e-02 4.523476554973885656e-03 8.859424215082223374e-04 9.047013981041481141e-04
3.269592331232042820e-02 3.164570701774484674e-03 7.665253696107500979e-04 9.092249050946687354e-04
3.285940292888202274e-02 6.794947291131077545e-03 1.115593378693113336e-03 9.137710296201419138e-04
3.302369994352642724e-02 6.250959372981717069e-03 1.055156773826035387e-03 9.183398847682425073e-04
3.318881844324406138e-02 2.754836135255462302e-03 6.876936338465082293e-04 9.229315841920836955e-04
3.335476253546027642e-02 5.476260103571771974e-03 9.666144271366016675e-04 9.275462421130440359e-04
3.352153634813757888e-02 6.250640194052290745e-03 1.025987070671351923e-03 9.321839733236092669e-04
3.368914402987825685e-02 4.966521678564757986e-03 9.052903772091769807e-04 9.368448931902270118e-04
3.385758975002764459e-02 4.414722943252987267e-03 8.482028357346068932e-04 9.415291176561780715e-04
3.402687769877778268e-02 6.680132952228085529e-03 1.041494289983631956e-03 9.462367632444589928e-04
3.419701208727166097e-02 5.446965022339848514e-03 1.011446278075146072e-03 9.509679470606808996e-04
3.436799714770802372e-02 7.303019252383042420e-03 1.074852986032344589e-03 9.557227867959844792e-04
3.453983713344655621e-02 4.834241239556854794e-03 8.666793236723485542e-04 9.605014007299641837e-04
3.471253631911378618e-02 5.818260669987648272e-03 9.866605487178754883e-04 9.653039077336138989e-04
3.488609900070935299e-02 8.119243523507171587e-03 1.102792348186107559e-03 9.701304272722819375e-04
3.506052949571289434e-02 4.704429642397911331e-03 8.300267085483003116e-04 9.749810794086431623e-04
3.523583214319145340e-02 6.199591144295037680e-03 9.547669006640404320e-04 9.798559848056861803e-04
3.541201130390740637e-02 7.928350596785031790e-03 1.135070222465905249e-03 9.847552647297146307e-04
3.558907136042693820e-02 6.900347077906291045e-03 9.940409784244630485e-04 9.896790410533630022e-04
3.576701671722907344e-02 9.097831055272516398e-03 1.143982411761437432e-03 9.946274362586297966e-04
3.594585180081521364e-02 9.118282791629794826e-03 1.137574508573411820e-03 9.996005734399229445e-04
3.612558105981928530e-02 6.817137339578117385e-03 1.030721584692344739e-03 1.004598576307122243e-03
3.630620896511838058e-02 6.070057385910394149e-03 9.626908646685776103e-04 1.009621569188657838e-03
3.648774000994396693e-02 6.904708197608923868e-03 9.746014660360191985e-04 1.014669677034601069e-03
3.667017870999368656e-02 7.158647363250574339e-03 9.908397079346526089e-04 1.019743025419773963e-03
3.685352960354364854e-02 7.706994821613047560e-03 1.027976871885568190e-03 1.024841740546872815e-03
3.703779725156136626e-02 8.365042711783773899e-03 1.120409984864864737e-03 1.029965949249607177e-03
3.722298623781916671e-02 5.683971179260334343e-03 8.754983041927402775e-04 1.035115778995854881e-03
3.740910116900825200e-02 6.914799547804261273e-03 9.665461499907953766e-04 1.040291357890833985e-03
3.759614667485329520e-02 7.031489503536762775e-03 9.642139147612422377e-04 1.045492814680288153e-03
3.778412740822754967e-02 4.715633263937514530e-03 7.846080626216535292e-04 1.050720278753689181e-03
3.797304804526868693e-02 5.874471701544085878e-03 8.743219633789404846e-04 1.055973880147457718e-03
3.816291328549503009e-02 7.522114876343905313e-03 9.861470807962769390e-04 1.061253749548195062e-03
3.835372785192249501e-02 6.018604625419752760e-03 8.860536670796207446e-04 1.066560018295935764e-03
3.854549649118210741e-02 5.126571872876068206e-03 8.093930421556760251e-04 1.071892818387415415e-03
3.873822397363801268e-02 4.469499406213981764e-03 7.543985965626784709e-04 1.077252282479352306e-03
3.893191509350620028e-02 4.347403936207921635e-03 7.445614489073148871e-04 1.082638543891749046e-03
3.912657466897372788e-02 4.785135738123105428e-03 7.752077089844205222e-04 1.088051736611207613e-03
3.932220754231859072e-02 4.359173392276425793e-03 7.359247723656768374e-04 1.093491995294263493e-03
3.951881858003018083e-02 5.504738926930569966e-03 8.725143961538152793e-04 1.098959455270734787e-03
3.971641267293032906e-02 5.129180355017947876e-03 8.001084416832709078e-04 1.104454252547088433e-03
3.991499473629497863e-02 3.412077202981354286e-03 6.987722803024155665e-04 1.109976523809823789e-03
4.011456970997644145e-02 3.936495564708733692e-03 6.951057523199695659e-04 1.115526406428872476e-03
4.031514255852632067e-02 2.362975702155410435e-03 5.905769160220120323e-04 1.121104038461016861e-03
4.051671827131894665e-02 3.636925689493678785e-03 6.632956211498527424e-04 1.126709558653321780e-03
4.071930186267554153e-02 2.288862041712177997e-03 5.245590917241566616e-04 1.132343106446588371e-03
4.092289837198891111e-02 1.805528601613073198e-03 4.657044039745843059e-04 1.138004821978821132e-03
4.112751286384885852e-02 3.565178976189845982e-03 6.502535707568949221e-04 1.143694846088715153e-03
4.133315042816809726e-02 2.286530996033216134e-03 6.011144065330822949e-04 1.149413320319158738e-03
4.153981618030892775e-02 2.611425995598896412e-03 5.561989479664229599e-04 1.155160386920754245e-03
4.174751526121046885e-02 2.326502987003172158e-03 5.196999754081366250e-04 1.160936188855357784e-03
4.195625283751651391e-02 2.175609530443576439e-03 5.610437859975502504e-04 1.166740869799634322e-03
4.216603410170409461e-02 1.557918479664820600e-03 4.866899082593653973e-04 1.172574574148632512e-03
4.237686427221261376e-02 3.494341393884508543e-03 6.373160589371627350e-04 1.178437447019375570e-03
4.258874859357367204e-02 1.519792826629206119e-03 4.210709677175765962e-04 1.184329634254472317e-03
4.280169233654153305e-02 2.100199076798311276e-03 4.944867770090050248e-04 1.190251282425744492e-03
4.301570079822424064e-02 1.739548082096347564e-03 4.486571303479183152e-04 1.196202538837873352e-03
4.323077930221535387e-02 1.494554776799704139e-03 4.140350498187900328e-04 1.202183551532062323e-03
4.344693319872642429e-02 1.376058746496407973e-03 3.967740849702550815e-04 1.208194469289722642e-03
4.366416786472004929e-02 1.941057245732333292e-03 4.702107465650450131e-04 1.214235441636170917e-03
4.388248870404365398e-02 2.484360840324807262e-03 5.290122822258823496e-04 1.220306618844352060e-03
4.410190114756386282e-02 2.745494860566405262e-03 5.597285185208160244e-04 1.226408151938573497e-03
4.432241065330168317e-02 2.937514586954738296e-03 5.753339030378169707e-04 1.232540192698266266e-03
4.454402270656818152e-02 2.521257356690273076e-03 5.368246462977016445e-04 1.238702893661757388e-03
4.476674282010102007e-02 6.574546642666933248e-04 4.253754942717229690e-04 1.244896408130066095e-03
4.499057653420152070e-02 2.178452481688725358e-03 4.990824100368711864e-04 1.251120890170716315e-03
4.521552941687251997e-02 2.506391146177087536e-03 5.336278415614239060e-04 1.257376494621569767e-03
4.544160706395687643e-02 1.474290273149390321e-03 4.083138615587265344e-04 1.263663377094677255e-03
4.566881509927665783e-02 1.665979666507914556e-03 4.977092198466630518e-04 1.269981693980150577e-03
4.589715917477303619e-02 2.458252944421785314e-03 5.356757334325937345e-04 1.276331602450051341e-03
4.612664497064689756e-02 3.719146208011575409e-03 6.670694812802339339e-04 1.282713260462301462e-03
4.635727819550012480e-02 2.280268408432801694e-03 5.878227103426215266e-04 1.289126826764612748e-03
4.658906458647761595e-02 1.821060576901642990e-03 5.440720585686937769e-04 1.295572460898435562e-03
4.682200990941000340e-02 2.960002445205103458e-03 6.474059565378270133e-04 1.302050323202927655e-03
4.705611995895704613e-02 4.124302939203321715e-03 7.317635678779512267e-04 1.308560574818942073e-03
4.729140055875183379e-02 3.386422503948213932e-03 6.279621493120503837e-04 1.315103377693036977e-03
4.752785756154558061e-02 2.917505172526778812e-03 6.488455632244900491e-04 1.321678894581501717e-03
4.776549684935330747e-02 3.414851806152173659e-03 6.332303611728649787e-04 1.328287289054409142e-03
4.800432433360006523e-02 3.645079777059871597e-03 6.538388097384681278e-04 1.334928725499680930e-03
4.824434595526806702e-02 2.989579086009512901e-03 5.971597235770445197e-04 1.341603369127179583e-03
4.848556768504440340e-02 2.377403313843609242e-03 6.654450485154402234e-04 1.348311385972815165e-03
4.872799552346961799e-02 1.810115742153421995e-03 4.668113906981835224e-04 1.355052942902679148e-03
4.897163550108696306e-02 3.095593562188434476e-03 7.081476701059573851e-04 1.361828207617192359e-03
4.921649367859239066e-02 2.742223363778592982e-03 5.590947077518885599e-04 1.368637348655278281e-03
4.946257614698534866e-02 2.632845689823914981e-03 6.157622230511840267e-04 1.375480535398554589e-03
4.970988902772026374e-02 2.887304898291956703e-03 5.768184144424393436e-04 1.382357938075547002e-03
4.995843847285886402e-02 2.757437719822250152e-03 6.179912824857868503e-04 1.389269727765924615e-03
5.020823066522315387e-02 3.636973546430806361e-03 6.525583032200294028e-04 1.396216076404754088e-03
5.045927181854926308e-02 1.394112720210431309e-03 4.020381722543932734e-04 1.403197156786777696e-03
5.071156817764200381e-02 1.884540363638577453e-03 4.707070842550998093e-04 1.410213142570711535e-03
5.096512601853020463e-02 2.986262485541858833e-03 6.386638500152631804e-04 1.417264208283564768e-03
5.121995164862284955e-02 2.141673776871734231e-03 5.043626573264347723e-04 1.424350529324982509e-03
5.147605140686596636e-02 1.540021981850796988e-03 4.267851597574969999e-04 1.431472281971607344e-03
5.173343166390028530e-02 1.013542140538460949e-03 4.272871896358314422e-04 1.438629643381465154e-03
5.199209882221978579e-02 1.722215495491962378e-03 4.599239272848214591e-04 1.445822791598372391e-03
5.225205931633088163e-02 1.843970257397645413e-03 4.757698318808153905e-04 1.453051905556364178e-03
5.251331961291252903e-02 6.264548016389697533e-04 2.799667158658943771e-04 1.460317165084145828e-03
5.277588621097707711e-02 1.375915502624670090e-03 4.145692488171424483e-04 1.467618750909566259e-03
