1.442977229909739312e-02 6.306389873277067348e-01 3.832031876713446611e-02 4.012835029382323475e-04
1.450192116059288022e-02 4.703013273039572395e-01 3.181316767782758903e-02 4.032899204529234965e-04
1.457443076639584369e-02 5.295328780941367386e-01 3.492399901794802225e-02 4.053063700551880698e-04
1.464730292022782196e-02 5.426627993417250106e-01 3.438728501729564763e-02 4.073329019054639909e-04
1.472053943482895880e-02 4.777009638285592552e-01 3.237856370446378501e-02 4.093695664149912751e-04
1.479414213200310087e-02 4.518723517017128599e-01 2.987708349684752365e-02 4.114164142470661261e-04
1.486811284266311567e-02 4.661255958558667145e-01 3.043203236469920955e-02 4.134734963183014293e-04
1.494245340687642976e-02 4.139107640367157281e-01 2.832886774849821196e-02 4.155408637998929378e-04
1.501716567391080982e-02 4.178141716669688255e-01 2.793359855849780402e-02 4.176185681188923421e-04
1.509225150228036064e-02 4.050113450792780512e-01 2.684596294383586115e-02 4.197066609594866829e-04
1.516771275979176062e-02 3.435973806610488901e-01 2.468885664178550529e-02 4.218051942642840526e-04
1.524355132359071774e-02 4.252695748850509050e-01 2.669699926523810135e-02 4.239142202356054761e-04
1.531976908020867001e-02 3.614318290070762107e-01 2.473841515006805145e-02 4.260337913367834599e-04
1.539636792560971322e-02 3.598760908063514119e-01 2.516229059129318144e-02 4.281639602934673712e-04
1.547334976523776114e-02 3.156986639376023751e-01 2.270592330522759952e-02 4.303047800949346725e-04
1.555071651406394681e-02 3.096904687301023640e-01 2.237608057649249221e-02 4.324563039954092570e-04
1.562847009663426504e-02 2.611721941228119515e-01 1.990528376135732719e-02 4.346185855153862892e-04
1.570661244711743509e-02 3.210315824792225325e-01 2.223968467172908817e-02 4.367916784429631718e-04
1.578514550935301852e-02 2.975970595408753971e-01 2.150835732374806880e-02 4.389756368351778850e-04
1.586407123689978493e-02 2.806754983021655381e-01 2.083221089504560739e-02 4.411705150193537760e-04
1.594339159308428081e-02 2.626482629204644481e-01 1.940484540299730956e-02 4.433763675944504758e-04
1.602310855104970011e-02 2.518671925314395765e-01 1.906825407378339235e-02 4.455932494324226748e-04
1.610322409380494577e-02 2.500530890925500294e-01 1.852651697599638075e-02 4.478212156795847000e-04
1.618374021427396864e-02 2.024192872789402631e-01 1.647464567848875433e-02 4.500603217579825731e-04
1.626465891534533553e-02 2.327685631820500256e-01 1.777836985089504065e-02 4.523106233667724104e-04
1.634598220992206086e-02 2.584631322754316618e-01 1.844300950944537110e-02 4.545721764836062502e-04
1.642771212097167421e-02 2.203757578329882671e-01 1.684004625883436801e-02 4.568450373660243313e-04
1.650985068157653085e-02 2.041054287384751476e-01 1.579305081879495143e-02 4.591292625528544183e-04
1.659239993498441007e-02 1.626464880604716334e-01 1.415386374020074362e-02 4.614249088656186080e-04
1.667536193465932876e-02 1.721627828582364961e-01 1.401547906372635488e-02 4.637320334099465872e-04
1.675873874433262550e-02 1.724985732307564579e-01 1.442251809400716886e-02 4.660506935769963169e-04
1.684253243805428762e-02 1.453316721774526865e-01 1.317464688253157205e-02 4.683809470448812760e-04
1.692674510024455570e-02 1.690081776474844089e-01 1.340812660020382525e-02 4.707228517801056197e-04
1.701137882574577792e-02 1.498347706137691249e-01 1.240895529739984016e-02 4.730764660390061145e-04
1.709643571987450386e-02 1.323123488058580433e-01 1.152919361181355996e-02 4.754418483692010654e-04
1.718191789847387657e-02 1.436728400851111087e-01 1.219832041432875221e-02 4.778190576110471046e-04
1.726782748796624328e-02 1.111764119554218833e-01 1.085736631331115330e-02 4.802081528991022138e-04
1.735416662540607141e-02 1.345199764452679747e-01 1.177063201105975343e-02 4.826091936635976912e-04
1.744093745853309702e-02 1.089536287420726363e-01 1.029804727392835857e-02 4.850222396319155398e-04
1.752814214582576469e-02 1.107765058390210305e-01 1.039606611742398962e-02 4.874473508300751793e-04
1.761578285655489295e-02 1.006880815251546407e-01 9.561211403791510660e-03 4.898845875842255254e-04
1.770386177083766582e-02 1.114431723259706741e-01 9.905782105046660735e-03 4.923340105221466097e-04
1.779238107969184982e-02 9.879970490834992514e-02 9.315139749562670671e-03 4.947956805747571627e-04
1.788134298509030939e-02 8.137716469476589942e-02 8.542811249413823776e-03 4.972696589776309795e-04
1.797074970001575484e-02 7.006705294601466016e-02 8.109429696279724445e-03 4.997560072725190303e-04
1.806060344851583357e-02 9.506005658563516925e-02 8.846545512324416327e-03 5.022547873088815474e-04
1.815090646575841238e-02 7.028417664960377731e-02 7.653579949888658814e-03 5.047660612454259654e-04
1.824166099808720298e-02 6.714167072193795438e-02 7.226161953053219719e-03 5.072898915516531023e-04
1.833286930307763407e-02 7.743668648516878472e-02 7.690855056854929532e-03 5.098263410094112545e-04
1.842453364959302162e-02 6.104286085985093785e-02 6.728928560360413792e-03 5.123754727144582072e-04
1.851665631784098556e-02 6.018415889286645587e-02 6.918276494053405938e-03 5.149373500780305086e-04
1.860923959943018915e-02 6.388031445684713705e-02 6.798147094581418262e-03 5.175120368284206584e-04
1.870228579742733849e-02 5.975366638835676036e-02 6.548001717515512625e-03 5.200995970125626457e-04
1.879579722641447001e-02 4.559028555340446931e-02 5.560932475665969488e-03 5.227000949976252919e-04
1.888977621254653988e-02 4.914990765935952494e-02 5.975150575604369976e-03 5.253135954726134010e-04
1.898422509360927352e-02 4.101620652578540083e-02 5.448191232200071468e-03 5.279401634499764984e-04
1.907914621907731700e-02 3.989364399963735847e-02 5.100474473764901248e-03 5.305798642672263522e-04
1.917454195017270074e-02 4.298376993615365960e-02 5.243958453507870966e-03 5.332327635885623007e-04
1.927041465992356331e-02 4.748627674625222062e-02 5.689802093536165672e-03 5.358989274065051453e-04
1.936676673322317715e-02 3.408592817023584076e-02 4.632293060039952177e-03 5.385784220435375479e-04
1.946360056688929002e-02 3.047200092805646410e-02 4.504963464140355339e-03 5.412713141537551630e-04
1.956091856972373699e-02 3.037547678484711286e-02 4.290299004791083351e-03 5.439776707245239486e-04
1.965872316257235436e-02 2.972671734526624240e-02 4.198740418742355311e-03 5.466975590781464767e-04
1.975701677838521270e-02 2.743502796272144842e-02 3.996891837125939560e-03 5.494310468735371343e-04
1.985580186227713789e-02 3.172245434247587814e-02 4.371844551227271024e-03 5.521782021079048048e-04
1.995508087158852362e-02 2.817478236431599989e-02 4.396369742128061926e-03 5.549390931184443321e-04
2.005485627594646297e-02 2.435087036114887138e-02 3.586095153102067130e-03 5.577137885840364410e-04
2.015513055732619241e-02 2.744814408595804694e-02 3.877209648924027745e-03 5.605023575269565484e-04
2.025590621011282011e-02 2.896698679219811973e-02 4.030571799033551283e-03 5.633048693145912720e-04
2.035718574116338053e-02 2.337941455604512081e-02 3.520462181629488603e-03 5.661213936611641552e-04
2.045897166986919424e-02 2.768285078682150568e-02 3.798102285964543960e-03 5.689520006294698480e-04
2.056126652821854001e-02 2.440824022902173679e-02 3.482820835937993059e-03 5.717967606326171794e-04
2.066407286085962872e-02 3.237781280947775453e-02 3.950906878640710225e-03 5.746557444357801433e-04
2.076739322516392428e-02 2.306900503455640294e-02 3.325738715030508719e-03 5.775290231579589687e-04
2.087123019128974549e-02 2.222307674734497196e-02 3.237639614924039694e-03 5.804166682737488866e-04
2.097558634224619065e-02 2.315475990678208043e-02 3.303684296551862368e-03 5.833187516151174630e-04
2.108046427395741940e-02 2.479485906913065502e-02 3.369849607716653758e-03 5.862353453731929901e-04
2.118586659532720531e-02 2.160758348711160765e-02 3.114720814043401339e-03 5.891665221000589496e-04
2.129179592830383883e-02 1.978283531547738588e-02 2.945120551720455636e-03 5.921123547105592091e-04
2.139825490794535628e-02 2.333566686237293838e-02 3.171269201440363519e-03 5.950729164841118924e-04
2.150524618248508130e-02 2.176204276562787587e-02 3.517792062731851885e-03 5.980482810665324655e-04
2.161277241339750604e-02 2.368028056648646337e-02 3.159884557949029817e-03 6.010385224718650622e-04
2.172083627546448834e-02 2.857121584421850463e-02 3.434516643089396276e-03 6.040437150842242189e-04
2.182944045684180601e-02 2.502289573765775765e-02 3.294819356160133116e-03 6.070639336596452820e-04
2.193858765912601316e-02 2.609244299623304786e-02 3.206771697502038519e-03 6.100992533279433810e-04
2.204828059742164337e-02 2.488290929299192752e-02 3.081376323843039444e-03 6.131497495945831353e-04
2.215852200040874936e-02 2.089579883524681631e-02 2.812873581206064635e-03 6.162154983425559502e-04
2.226931461041078975e-02 2.317047053862671818e-02 2.961578551922506696e-03 6.192965758342686968e-04
2.238066118346284175e-02 2.441669951587451329e-02 2.977746729609178061e-03 6.223930587134399823e-04
2.249256448938015407e-02 2.919625502507628215e-02 3.258372486351828433e-03 6.255050240070071524e-04
2.260502731182705005e-02 2.261753234226981935e-02 2.821900166005527483e-03 6.286325491270420771e-04
2.271805244838618482e-02 2.653393859785945982e-02 3.037819563467404442e-03 6.317757118726772354e-04
2.283164271062811460e-02 2.812161474815152648e-02 3.118478615717588075e-03 6.349345904320405831e-04
2.294580092418125120e-02 3.092246834770626812e-02 3.235050052684844933e-03 6.381092633842007193e-04
2.306052992880215646e-02 2.265886561818349770e-02 2.883507381557211171e-03 6.412998097011215950e-04
2.317583257844616634e-02 2.569518765527903370e-02 2.903250623018299725e-03 6.445063087496271954e-04
2.329171174133839312e-02 2.692488736001179273e-02 3.053724706217984981e-03 6.477288402933752218e-04
2.340817030004507804e-02 2.448032888183303279e-02 2.783640101856878386e-03 6.509674844948419407e-04
2.352521115154530135e-02 2.456660880208809059e-02 2.859962839289338730e-03 6.542223219173160312e-04
2.364283720730302879e-02 2.711547657486527638e-02 2.980603166609783767e-03 6.574934335269027328e-04
2.376105139333953981e-02 2.783966244694848630e-02 2.927721113023131101e-03 6.607809006945371006e-04
2.387985665030623386e-02 2.691832372622499775e-02 2.815077506219414941e-03 6.640848051980096202e-04
2.399925593355776293e-02 2.617591008656296875e-02 2.894447640436500352e-03 6.674052292239996288e-04
2.411925221322554908e-02 2.395856261954622951e-02 2.752143049606325855e-03 6.707422553701195781e-04
2.423984847429167672e-02 2.498759980136308276e-02 2.672377791893791946e-03 6.740959666469701402e-04
2.436104771666313187e-02 2.817662265402924929e-02 2.853853118587345184e-03 6.774664464802049616e-04
2.448285295524644731e-02 2.177107334357854251e-02 2.551445991264438863e-03 6.808537787126059350e-04
2.460526722002267380e-02 2.376216179836850712e-02 2.617836129868666723e-03 6.842580476061688784e-04
2.472829355612278512e-02 2.279327308726732462e-02 2.626052965309665348e-03 6.876793378441996242e-04
2.485193502390339870e-02 2.486377654513525354e-02 2.706271323477060353e-03 6.911177345334206228e-04
2.497619469902290917e-02 2.088753958385609552e-02 2.329419314397218870e-03 6.945733232060875232e-04
2.510107567251802091e-02 1.915057438839214490e-02 2.259594040588317615e-03 6.980461898221178947e-04
2.522658105088061015e-02 2.165588661045047755e-02 2.424038617713346073e-03 7.015364207712284066e-04
2.535271395613501039e-02 2.353983906757544861e-02 2.434591982026914920e-03 7.050441028750844760e-04
2.547947752591567944e-02 2.275773650133628562e-02 2.341197382771597127e-03 7.085693233894597813e-04
2.560687491354525849e-02 2.292822820719317423e-02 2.346392413699793268e-03 7.121121700064070520e-04
2.573490928811298165e-02 2.220796767517294740e-02 2.297041497820790767e-03 7.156727308564390499e-04
2.586358383455354334e-02 1.844333299705758211e-02 2.147016691706054269e-03 7.192510945107211508e-04
2.599290175372630934e-02 2.017191627512227026e-02 2.157336151978682393e-03 7.228473499832746606e-04
2.612286626249493704e-02 2.079284925631145337e-02 2.186402465975580221e-03 7.264615867331909727e-04
2.625348059380740867e-02 1.626766250860718285e-02 2.023091579410244908e-03 7.300938946668567844e-04
2.638474799677644617e-02 2.305988606857294412e-02 2.266724765111550414e-03 7.337443641401911317e-04
2.651667173676032496e-02 1.635121645477583333e-02 1.922498467386022812e-03 7.374130859608919644e-04
2.664925509544412152e-02 1.475979419902150556e-02 1.826629259998300637e-03 7.411001513906962735e-04
2.678250137092134248e-02 1.697125376876218797e-02 1.955540849489137423e-03 7.448056521476497608e-04
2.691641387777594235e-02 1.451079397303741900e-02 1.978870218186814731e-03 7.485296804083878914e-04
2.705099594716482009e-02 1.477811149408648876e-02 1.858232324995381978e-03 7.522723288104297404e-04
2.718625092690064166e-02 1.526386847949970198e-02 1.782790498188457961e-03 7.560336904544818137e-04
2.732218218153514150e-02 1.315653330547207969e-02 1.641068510794720407e-03 7.598138589067541214e-04
2.745879309244281599e-02 1.379956122947417763e-02 1.657922380586188257e-03 7.636129282012878508e-04
2.759608705790502631e-02 1.461128505071083820e-02 1.775479864485577687e-03 7.674309928422942077e-04
2.773406749319454884e-02 1.114183569328946848e-02 1.486006880175005365e-03 7.712681478065056169e-04
2.787273783066051419e-02 1.036592428499436697e-02 1.407980409504804280e-03 7.751244885455379824e-04
2.801210151981381458e-02 9.445965754091787889e-03 1.360894708395851607e-03 7.790001109882655232e-04
2.815216202741288587e-02 9.905466802096278209e-03 1.433974398343417899e-03 7.828951115432069945e-04
2.829292283754994419e-02 9.747124422317343662e-03 1.456440333371173367e-03 7.868095871009228581e-04
2.843438745173769086e-02 1.031666836651819012e-02 1.414891490779478407e-03 7.907436350364273076e-04
2.857655938899637815e-02 8.433455489165428073e-03 1.269471799202597862e-03 7.946973532116093997e-04
2.871944218594135734e-02 7.423504016445570640e-03 1.241678356300243615e-03 7.986708399776674136e-04
2.886303939687106038e-02 7.046162726556765184e-03 1.246987342303562630e-03 8.026641941775556786e-04
2.900735459385541531e-02 5.597276759304094414e-03 1.020527460624193975e-03 8.066775151484434359e-04
2.915239136682468840e-02 8.303445083006750355e-03 1.236152706405667379e-03 8.107109027241855186e-04
2.929815332365880848e-02 7.517120486548511081e-03 1.302099660222211892e-03 8.147644572378063676e-04
2.944464409027709728e-02 6.971136352769286178e-03 1.129423038982495459e-03 8.188382795239952140e-04
2.959186731072847854e-02 3.784692857658930945e-03 8.248786340080820631e-04 8.229324709216151402e-04
2.973982664728212072e-02 6.259900426354163445e-03 1.110881476779524910e-03 8.270471332762231991e-04
2.988852578051852740e-02 6.590780777910425388e-03 1.082220575863615530e-03 8.311823689426041948e-04
3.003796840942111676e-02 7.627822285444959584e-03 1.161883985234318448e-03 8.353382807873171480e-04
3.018815825146821744e-02 4.329427227608536460e-03 9.631045272301294547e-04 8.395149721912535798e-04
3.033909904272555358e-02 6.592189488641388671e-03 1.068166516806884347e-03 8.437125470522096726e-04
3.049079453793918093e-02 7.332960121796564500e-03 1.130201341959773814e-03 8.479311097874706830e-04
3.064324851062887045e-02 5.394112253799830496e-03 1.023229171008098806e-03 8.521707653364079312e-04
3.079646475318201237e-02 5.711875456722492229e-03 9.931554779099307194e-04 8.564316191630898852e-04
3.095044707694791924e-02 6.053845958511294180e-03 1.074343800343290295e-03 8.607137772589052794e-04
3.110519931233265631e-02 5.320514186002112296e-03 1.008994544458804684e-03 8.650173461451996773e-04
3.126072530889431600e-02 4.405111004926683810e-03 8.626074178403313891e-04 8.693424328759255873e-04
3.141702893543878161e-02 5.982267089166133991e-03 9.957258871874684943e-04 8.736891450403050461e-04
3.157411408011597670e-02 5.806057146635184782e-03 9.801865290624913775e-04 8.780575907655066223e-04
3.173198465051654815e-02 5.133816775007445619e-03 1.041201201482543168e-03 8.824478787193339125e-04
3.189064457376912520e-02 5.019933442049705728e-03 9.695176729485355813e-04 8.868601181129304092e-04
3.205009779663797742e-02 4.797703500454934822e-03 8.897133328506855827e-04 8.912944187034952098e-04
3.221034828562116537e-02 6.262448719433735995e-03 1.078014964403464391e-03 8.957508907970127129e-04
3.237140002704926023e-02 6.494022436040284944e-03 1.052038393844909525e-03 9.002296452509974930e-04
3.253325702718450757e-02 5.987069690619791634e-03 1.079305180947716467e-03 9.047307934772525102e-04
3.269592331232042820e-02 5.466614774845885219e-03 1.075767228751868185e-03 9.092544474446387056e-04
3.285940292888202274e-02 4.776728237035982039e-03 1.037906744359115259e-03 9.138007196818616167e-04
3.302369994352642724e-02 5.360744415864624607e-03 9.773920683116418210e-04 9.183697232802707881e-04
3.318881844324406138e-02 6.706834669259709343e-03 1.151950648843808002e-03 9.229615718966721919e-04
3.335476253546027642e-02 9.767971564636315426e-03 1.358138326835066443e-03 9.275763797561553930e-04
3.352153634813757888e-02 8.090648735623692800e-03 1.165944628196235837e-03 9.322142616549362187e-04
3.368914402987825685e-02 7.295067130378514106e-03 1.097991943655084179e-03 9.368753329632105963e-04
3.385758975002764459e-02 8.019263721420972005e-03 1.143691229039790888e-03 9.415597096280266037e-04
3.402687769877778268e-02 7.000502258332389795e-03 1.065758212990177561e-03 9.462675081761667134e-04
3.419701208727166097e-02 7.851739300246145595e-03 1.119708709419591072e-03 9.509988457170472738e-04
3.436799714770802372e-02 5.458958801818079680e-03 9.836609285374306715e-04 9.557538399456326278e-04
3.453983713344655621e-02 4.840200668977835165e-03 8.677477259734218788e-04 9.605326091453606158e-04
3.471253631911378618e-02 6.196160173813737744e-03 9.659078867774106240e-04 9.653352721910872687e-04
3.488609900070935299e-02 7.374858002174810440e-03 1.051542198304487993e-03 9.701619485520426682e-04
3.506052949571289434e-02 6.763101017728412150e-03 9.952382052599228427e-04 9.750127582948027449e-04
3.523583214319145340e-02 5.028940708844762374e-03 8.607874419931328593e-04 9.798878220862766893e-04
3.541201130390740637e-02 7.625868328623025549e-03 1.055469406344842608e-03 9.847872611967079144e-04
3.558907136042693820e-02 5.035069473664598519e-03 8.494266463072241242e-04 9.897111975026911743e-04
3.576701671722907344e-02 6.341837955324287901e-03 9.542025088455469931e-04 9.946597534902046431e-04
3.594585180081521364e-02 6.403573262116054633e-03 9.527381481907857717e-04 9.996330522576556566e-04
3.612558105981928530e-02 5.479169303951793302e-03 8.871236059379660052e-04 1.004631217518943799e-03
3.630620896511838058e-02 6.017054300078292055e-03 9.158262737776600576e-04 1.009654373606538522e-03
3.648774000994396693e-02 3.860071297549167238e-03 8.023123606849869895e-04 1.014702645474571067e-03
3.667017870999368656e-02 6.197323740806103334e-03 9.220885086892275121e-04 1.019776158701943746e-03
3.685352960354364854e-02 5.777451139575950911e-03 8.898236089314643694e-04 1.024875039495453310e-03
3.703779725156136626e-02 6.992083111382034304e-03 1.033153096112110871e-03 1.029999414692930578e-03
3.722298623781916671e-02 4.336150701633065437e-03 7.651691721536423669e-04 1.035149411766395034e-03
3.740910116900825200e-02 5.422655712185245856e-03 9.178253684351076608e-04 1.040325158825226772e-03
3.759614667485329520e-02 5.701167624673966240e-03 8.679477424253501366e-04 1.045526784619352960e-03
3.778412740822754967e-02 3.930796755525100238e-03 7.164468133819391991e-04 1.050754418542449494e-03
3.797304804526868693e-02 4.172099667792113567e-03 8.024186013822344303e-04 1.056008190635161726e-03
3.816291328549503009e-02 3.537064247624016264e-03 8.178536581835016287e-04 1.061288231588337341e-03
3.835372785192249501e-02 2.269497349327421684e-03 6.047130477460534170e-04 1.066594672746278743e-03
3.854549649118210741e-02 3.211205830287437724e-03 6.412989808369952806e-04 1.071927646110010192e-03
3.873822397363801268e-02 4.465344710212462188e-03 8.157423818783823746e-04 1.077287284340560118e-03
3.893191509350620028e-02 3.446417992674327517e-03 6.623630181846629911e-04 1.082673720762262950e-03
3.912657466897372788e-02 3.405974307035311219e-03 6.545991174079623248e-04 1.088087089366074171e-03
3.932220754231859072e-02 2.295710655591060023e-03 5.918779665696909153e-04 1.093527524812904243e-03
3.951881858003018083e-02 2.321409266511404064e-03 5.319100694770773248e-04 1.098995162436968787e-03
3.971641267293032906e-02 3.750145424467958913e-03 6.838808395497802733e-04 1.104490138249153517e-03
3.991499473629497863e-02 2.491919067465737415e-03 5.565674709063126412e-04 1.110012588940399118e-03
4.011456970997644145e-02 3.196183955470373837e-03 6.261183681716591190e-04 1.115562651885100868e-03
4.031514255852632067e-02 3.535904017567212745e-03 6.558926562725634615e-04 1.121140465144526265e-03
4.051671827131894665e-02 2.178780279253425024e-03 5.130001657123499847e-04 1.126746167470248691e-03
4.071930186267554153e-02 2.653604864780439911e-03 5.651666372560625647e-04 1.132379898307599945e-03
4.092289837198891111e-02 2.044742150902355716e-03 4.954110522273604206e-04 1.138041797799137743e-03
4.112751286384885852e-02 2.495637503375416205e-03 5.440422528816223329e-04 1.143732006788133592e-03
4.133315042816809726e-02 1.853302428129791199e-03 5.317085440661682965e-04 1.149450666822074115e-03
4.153981618030892775e-02 1.544233024651446573e-03 4.278632665399124892e-04 1.155197920156184272e-03
4.174751526121046885e-02 1.512414832016619783e-03 4.190475739846105750e-04 1.160973909756964897e-03
4.195625283751651391e-02 1.772175625897659404e-03 4.571147223189380620e-04 1.166778779305749532e-03
4.216603410170409461e-02 2.093833201215851945e-03 4.930120473265028804e-04 1.172612673202278388e-03
4.237686427221261376e-02 2.794318531278306133e-03 5.697973773026003292e-04 1.178475736568289660e-03
4.258874859357367204e-02 8.186141025493556779e-04 5.092377241795004953e-04 1.184368115251131000e-03
4.280169233654153305e-02 1.865544111523132322e-03 4.658820771043336965e-04 1.190289955827386397e-03
4.301570079822424064e-02 3.253249259612964964e-03 6.141403035419545908e-04 1.196241405606523426e-03
4.323077930221535387e-02 1.769289696114204969e-03 5.075275236207007481e-04 1.202222612634555685e-03
4.344693319872642429e-02 2.630618698451356145e-03 5.478869197490658953e-04 1.208233725697728436e-03
4.366416786472004929e-02 2.173400876300005894e-03 4.980184660705829804e-04 1.214274894326216811e-03
4.388248870404365398e-02 2.931125668928265347e-03 5.741299273423402247e-04 1.220346268797848103e-03
4.410190114756386282e-02 2.634731796681605200e-03 5.486999434277415677e-04 1.226448000141837054e-03
4.432241065330168317e-02 2.372581303482161619e-03 5.170586048513410322e-04 1.232580240142546303e-03
4.454402270656818152e-02 2.407920763286055480e-03 5.950197582162849129e-04 1.238743141343258761e-03
4.476674282010102007e-02 3.287632975886870847e-03 6.096752455707369830e-04 1.244936857049974916e-03
4.499057653420152070e-02 2.294457429104378512e-03 5.123491021196273669e-04 1.251161541335224676e-03
4.521552941687251997e-02 2.729895356301869063e-03 5.564694826365628507e-04 1.257417349041900457e-03
4.544160706395687643e-02 2.313099842235236733e-03 6.259208558966120181e-04 1.263704435787109783e-03
4.566881509927665783e-02 3.015137612640633735e-03 5.904728876187399908e-04 1.270022957966045240e-03
4.589715917477303619e-02 3.974317809487876683e-03 6.806194372212594516e-04 1.276373072755875460e-03
4.612664497064689756e-02 2.756050029545134041e-03 5.738942127296039293e-04 1.282754938119654757e-03
4.635727819550012480e-02 3.474467668736963121e-03 6.557192389337923762e-04 1.289168712810252705e-03
4.658906458647761595e-02 2.327118712196384748e-03 6.749768883467017382e-04 1.295614556374303670e-03
4.682200990941000340e-02 3.036484969377617991e-03 6.064520627554898782e-04 1.302092629156175211e-03
4.705611995895704613e-02 2.025346264681979376e-03 6.102179611262396062e-04 1.308603092301955989e-03
4.729140055875183379e-02 3.432124361178488531e-03 6.753296460661764805e-04 1.315146107763465796e-03
4.752785756154558061e-02 1.987360983302899689e-03 4.813280425350633046e-04 1.321721838302282719e-03
4.776549684935330747e-02 2.350230457386267777e-03 5.983509631552352435e-04 1.328330447493794152e-03
4.800432433360006523e-02 2.350994834999414144e-03 5.250299307726285581e-04 1.334972099731262987e-03
4.824434595526806702e-02 2.274053838752656577e-03 5.976784690262865922e-04 1.341646960229919174e-03
4.848556768504440340e-02 2.185406235298753552e-03 6.266945988348593182e-04 1.348355195031068635e-03
4.872799552346961799e-02 2.287523389807657147e-03 6.012605027495214298e-04 1.355096971006223856e-03
4.897163550108696306e-02 1.804563448678052958e-03 5.176266042279435925e-04 1.361872455861254860e-03
4.921649367859239066e-02 1.145020004960855577e-03 4.574762339519317838e-04 1.368681818140561005e-03
4.946257614698534866e-02 1.145428573438807707e-03 3.618132645012103765e-04 1.375525227231263591e-03
4.970988902772026374e-02 1.726863494107637323e-03 4.453780930063590336e-04 1.382402853367419721e-03
4.995843847285886402e-02 1.418731292873213427e-03 4.091103937605717472e-04 1.389314867634256758e-03
5.020823066522315387e-02 2.338198556256380466e-03 5.223076827179961353e-04 1.396261441972427826e-03
5.045927181854926308e-02 1.747141802910759812e-03 4.506532929441721988e-04 1.403242749182289847e-03
5.071156817764200381e-02 1.762972484200545130e-03 4.547687856020048158e-04 1.410258962928201106e-03
5.096512601853020463e-02 4.713285178223805398e-05 4.790929152354726685e-04 1.417310257742841794e-03
5.121995164862284955e-02 1.308777392229277170e-03 3.942714216864709183e-04 1.424396809031556023e-03
5.147605140686596636e-02 1.185855158837292693e-03 4.739721147246496696e-04 1.431518793076713789e-03
5.173343166390028530e-02 1.325966696674021027e-03 3.994834601607459438e-04 1.438676387042097000e-03
5.199209882221978579e-02 7.363994176042674587e-04 4.248301564405197283e-04 1.445869768977307412e-03
5.225205931633088163e-02 1.110117175743331221e-03 3.697664369235862292e-04 1.453099117822193856e-03
5.251331961291252903e-02 1.001903176625175374e-03 3.539830142470468902e-04 1.460364613411304626e-03
5.277588621097707711e-02 7.505855036232365494e-04 3.062148231211187562e-04 1.467666436478360899e-03
