1.442977229909739312e-02 5.221838792352829772e-01 3.531239912103182471e-02 4.012802433592995701e-04
1.450192116059288022e-02 4.875516461421402492e-01 3.315770840586998447e-02 4.032866445760960989e-04
1.457443076639584369e-02 5.383811391509368827e-01 3.485105479938640366e-02 4.053030777989765493e-04
1.464730292022782196e-02 5.183476515038347721e-01 3.401117503411520832e-02 4.073295931879714017e-04
1.472053943482895880e-02 4.758565698686476608e-01 3.224177844342012572e-02 4.093662411539111682e-04
1.479414213200310087e-02 4.007228234072375828e-01 2.815361879392018485e-02 4.114130723596806519e-04
1.486811284266311567e-02 4.724219592305770044e-01 3.064654618082656226e-02 4.134701377214790611e-04
1.494245340687642976e-02 4.017893077275609959e-01 2.789669080801691903e-02 4.155374884100864114e-04
1.501716567391080982e-02 4.265658608777489480e-01 2.820337112596526738e-02 4.176151758521367587e-04
1.509225150228036064e-02 3.980619568574629841e-01 2.662175319481752123e-02 4.197032517313973947e-04
1.516771275979176062e-02 4.250379291450337438e-01 2.750440558076988617e-02 4.218017679900543321e-04
1.524355132359071774e-02 3.456415383187407264e-01 2.405668784579361938e-02 4.239107768300045100e-04
1.531976908020867001e-02 3.428500732279308183e-01 2.445700643985954797e-02 4.260303307141545060e-04
1.539636792560971322e-02 3.297385262171714793e-01 2.400979273647569495e-02 4.281604823677252650e-04
1.547334976523776114e-02 3.172864329506646652e-01 2.298057022987990902e-02 4.303012847795638753e-04
1.555071651406394681e-02 2.956026961127827812e-01 2.153891284447151735e-02 4.324527912034616334e-04
1.562847009663426504e-02 3.164959296063817318e-01 2.192432368463133677e-02 4.346150551594788847e-04
1.570661244711743509e-02 3.595758911276748515e-01 2.352972983458521267e-02 4.367881304352762609e-04
1.578514550935301852e-02 3.130450127493111245e-01 2.173879720468150853e-02 4.389720710874525319e-04
1.586407123689978493e-02 3.174522851604244522e-01 2.188654488618152483e-02 4.411669314428898290e-04
1.594339159308428081e-02 2.695390023996396267e-01 1.995860518493632399e-02 4.433727661001041816e-04
1.602310855104970011e-02 2.566668466612866406e-01 1.906853028719901477e-02 4.455896299306046733e-04
1.610322409380494577e-02 2.441901240537265871e-01 1.908882519366880692e-02 4.478175780802575844e-04
1.618374021427396864e-02 2.522971642143960191e-01 1.839104107872145330e-02 4.500566659706588301e-04
1.626465891534533553e-02 2.656944922699387979e-01 1.877507825560428834e-02 4.523069493005120348e-04
1.634598220992206086e-02 2.200775179034468731e-01 1.677714617069522851e-02 4.545684840470145768e-04
1.642771212097167421e-02 2.113470823212726390e-01 1.620726113291177592e-02 4.568413264672497578e-04
1.650985068157653085e-02 2.078576422830034631e-01 1.594001702823377026e-02 4.591255330995859117e-04
1.659239993498441007e-02 2.151579036670659695e-01 1.594430978060275630e-02 4.614211607650837532e-04
1.667536193465932876e-02 1.870464250382829763e-01 1.460728812511201923e-02 4.637282665689090931e-04
1.675873874433262550e-02 1.750914489616745284e-01 1.443187189654017780e-02 4.660469079017536312e-04
1.684253243805428762e-02 1.783255452880925795e-01 1.397105000502976702e-02 4.683771424412623628e-04
1.692674510024455570e-02 1.785983402230378325e-01 1.378190222206634834e-02 4.707190281534686283e-04
1.701137882574577792e-02 1.705391599338635933e-01 1.324009802107509355e-02 4.730726232942359397e-04
1.709643571987450386e-02 1.543089923032034405e-01 1.268321236229123447e-02 4.754379864107070169e-04
1.718191789847387657e-02 1.522344593169834837e-01 1.256616141316443253e-02 4.778151763427605759e-04
1.726782748796624328e-02 1.393888468160133787e-01 1.208946013446964181e-02 4.802042522244742966e-04
1.735416662540607141e-02 1.336579217462200431e-01 1.139046294040219412e-02 4.826052734855965738e-04
1.744093745853309702e-02 1.108187891942178926e-01 1.063481833676617298e-02 4.850182998530244466e-04
1.752814214582576469e-02 1.229086494748215241e-01 1.112957807951370226e-02 4.874433913522896065e-04
1.761578285655489295e-02 1.180017435361421785e-01 1.017015671289209222e-02 4.898806083090510724e-04
1.770386177083766582e-02 1.151825071448464854e-01 1.022327540666683084e-02 4.923300113505962687e-04
1.779238107969184982e-02 9.705145954895499916e-02 9.233116863543654532e-03 4.947916614073490961e-04
1.788134298509030939e-02 9.756739666432000246e-02 9.078700142312306348e-03 4.972656197143859175e-04
1.797074970001575484e-02 9.146037908519215331e-02 8.742078635078375654e-03 4.997519478129576692e-04
1.806060344851583357e-02 1.016523029890126772e-01 9.147218415455429102e-03 5.022507075520223812e-04
1.815090646575841238e-02 7.453074929480393851e-02 7.884749392018440203e-03 5.047619610897825749e-04
1.824166099808720298e-02 8.898329318452440073e-02 8.534162024436407409e-03 5.072857708952314450e-04
1.833286930307763407e-02 7.588678245747911000e-02 7.612723202894372369e-03 5.098221997497073875e-04
1.842453364959302162e-02 6.328309647898873458e-02 6.851663082280559994e-03 5.123713107484559022e-04
1.851665631784098556e-02 7.488809786965944237e-02 7.438677491752285036e-03 5.149331673021982159e-04
1.860923959943018915e-02 6.253047630876326646e-02 6.731409278548359555e-03 5.175078331387091219e-04
1.870228579742733849e-02 7.045300942176342673e-02 7.105090744562305577e-03 5.200953723044026257e-04
1.879579722641447001e-02 5.849022234363401157e-02 6.297193679408564539e-03 5.226958491659245299e-04
1.888977621254653988e-02 4.580003809650511071e-02 5.545578471827297511e-03 5.253093284117540170e-04
1.898422509360927352e-02 5.504095122347982261e-02 6.106562066134574654e-03 5.279358750538128229e-04
1.907914621907731700e-02 4.314255753594749276e-02 5.538619392931143186e-03 5.305755544290818903e-04
1.917454195017270074e-02 4.811977216535871099e-02 5.548598325508407626e-03 5.332284322012271300e-04
1.927041465992356331e-02 5.066935766026432059e-02 5.864363791228319016e-03 5.358945743622333139e-04
1.936676673322317715e-02 3.536953495890947374e-02 4.720113153646091249e-03 5.385740472340443639e-04
1.946360056688929002e-02 3.225738697956756496e-02 4.383905826935765096e-03 5.412669174702144839e-04
1.956091856972373699e-02 3.885279254948206806e-02 4.850446505279667510e-03 5.439732520575655790e-04
1.965872316257235436e-02 4.004331924590324998e-02 5.019524191243123802e-03 5.466931183178533500e-04
1.975701677838521270e-02 2.768333457555404581e-02 4.188537141049985049e-03 5.494265839094424932e-04
1.985580186227713789e-02 2.586804078463017520e-02 3.809479051473450232e-03 5.521737168289897078e-04
1.995508087158852362e-02 3.247134879793371620e-02 4.295832458175297477e-03 5.549345854131346178e-04
2.005485627594646297e-02 2.648074600562735914e-02 3.740514249635940296e-03 5.577092583402002346e-04
2.015513055732619241e-02 3.427218816966200177e-02 4.475642755746057043e-03 5.604978046319011170e-04
2.025590621011282011e-02 2.926176409877322138e-02 3.905731128588624083e-03 5.633002936550605315e-04
2.035718574116338053e-02 2.923143694494390737e-02 3.936962621754696787e-03 5.661167951233357426e-04
2.045897166986919424e-02 2.296208488105411921e-02 3.457630686088518195e-03 5.689473790989524110e-04
2.056126652821854001e-02 2.689909521391388794e-02 3.854005164715623277e-03 5.717921159944471237e-04
2.066407286085962872e-02 2.357780789413452260e-02 3.647240473248823320e-03 5.746510765744192476e-04
2.076739322516392428e-02 2.017452103806410130e-02 3.109261288167511437e-03 5.775243319572912403e-04
2.087123019128974549e-02 2.270823833276485598e-02 3.273660967909753066e-03 5.804119536170777426e-04
2.097558634224619065e-02 2.219176208228480426e-02 3.232951166902160896e-03 5.833140133851630197e-04
2.108046427395741940e-02 2.757647482909077880e-02 3.555569753282589261e-03 5.862305834520888104e-04
2.118586659532720531e-02 2.112499557291721425e-02 3.077368822382223115e-03 5.891617363693492241e-04
2.129179592830383883e-02 1.760404398726876304e-02 2.779747815981915230e-03 5.921075450511959371e-04
2.139825490794535628e-02 1.899974352089999971e-02 2.860438980606534211e-03 5.950680827764518463e-04
2.150524618248508130e-02 2.464304282946029601e-02 3.259502846460330273e-03 5.980434231903340465e-04
2.161277241339750604e-02 2.381463220552657717e-02 3.281221028129040294e-03 6.010336403062856983e-04
2.172083627546448834e-02 2.043297139489167261e-02 3.022643727976502201e-03 6.040388085078170037e-04
2.182944045684180601e-02 2.259254201052940392e-02 3.296981765826357668e-03 6.070590025503559391e-04
2.193858765912601316e-02 1.989769806965400664e-02 2.911607716722309624e-03 6.100942975631076619e-04
2.204828059742164337e-02 2.261100110882519401e-02 2.938962420241516757e-03 6.131447690509232414e-04
2.215852200040874936e-02 2.621367972025452978e-02 3.150473451322889640e-03 6.162104928961777139e-04
2.226931461041078975e-02 2.694136345319686834e-02 3.191868939666711678e-03 6.192915453606585461e-04
2.238066118346284175e-02 2.116270573621422887e-02 2.773901403672457498e-03 6.223880030874617960e-04
2.249256448938015407e-02 3.187543116861921849e-02 3.483502369176882073e-03 6.254999431028990080e-04
2.260502731182705005e-02 1.943594794234927703e-02 2.615837582467311559e-03 6.286274428184134315e-04
2.271805244838618482e-02 2.511750125477037535e-02 2.954440837217339310e-03 6.317705800325054558e-04
2.283164271062811460e-02 2.880556037899154043e-02 3.155616408589328147e-03 6.349294329326679110e-04
2.294580092418125120e-02 2.577461417457327028e-02 3.221525879485563192e-03 6.381040800973312348e-04
2.306052992880215646e-02 3.207046129271026030e-02 3.385623159639832968e-03 6.412946004978178557e-04
2.317583257844616634e-02 1.674331462015180017e-02 2.528864103814865150e-03 6.445010735003068756e-04
2.329171174133839312e-02 2.800642613479545698e-02 3.078023541978184598e-03 6.477235788678082935e-04
2.340817030004507804e-02 2.481016257143140932e-02 2.803002657326640785e-03 6.509621967621472037e-04
2.352521115154530135e-02 2.694759971185911249e-02 2.916269431936663499e-03 6.542170077459578612e-04
2.364283720730302879e-02 2.405181235650295790e-02 2.717091007882686295e-03 6.574880927846876114e-04
2.376105139333953981e-02 2.229072060113982540e-02 2.620885771349154569e-03 6.607755332486110137e-04
2.387985665030623386e-02 2.643962160600184241e-02 2.853815267921913385e-03 6.640794109148539376e-04
2.399925593355776293e-02 2.857325936203936045e-02 3.015361041596102253e-03 6.673998079694281769e-04
2.411925221322554908e-02 2.276209528147048883e-02 2.587631418095453183e-03 6.707368070092751709e-04
2.423984847429167672e-02 2.769552806724102922e-02 2.958438946594658860e-03 6.740904910443215430e-04
2.436104771666313187e-02 2.666842801426450027e-02 2.773524744556276744e-03 6.774609434995430965e-04
2.448285295524644731e-02 2.381109010275911375e-02 2.754840447674994450e-03 6.808482482170408450e-04
2.460526722002267380e-02 2.054991990883079864e-02 2.432994830912715324e-03 6.842524894581258248e-04
2.472829355612278512e-02 2.493520589353061603e-02 2.747473177927004136e-03 6.876737519054163753e-04
2.485193502390339870e-02 2.661701961857263279e-02 2.798893869276767535e-03 6.911121206649434431e-04
2.497619469902290917e-02 3.081709547064941102e-02 2.829798276328598580e-03 6.945676812682680286e-04
2.510107567251802091e-02 2.666606756505219417e-02 2.668724623073840709e-03 6.980405196746092581e-04
2.522658105088061015e-02 2.393341420670180505e-02 2.539441945211552178e-03 7.015307222729823223e-04
2.535271395613501039e-02 2.733724631121858470e-02 2.695543535143680135e-03 7.050383758843471477e-04
2.547947752591567944e-02 2.056586974341615554e-02 2.224900039372066513e-03 7.085635677637686699e-04
2.560687491354525849e-02 2.292200508395718372e-02 2.345753221503580135e-03 7.121063856025876227e-04
2.573490928811298165e-02 2.172753524113885115e-02 2.271908179908499557e-03 7.156669175306004356e-04
2.586358383455354334e-02 2.017508432009058883e-02 2.216580306046598333e-03 7.192452521182533332e-04
2.599290175372630934e-02 2.084415640272822834e-02 2.191761262405484897e-03 7.228414783788445668e-04
2.612286626249493704e-02 1.775050773473720728e-02 2.127168783438330730e-03 7.264556857707386807e-04
2.625348059380740867e-02 1.958134239920984385e-02 2.151499744376004705e-03 7.300879641995922705e-04
2.638474799677644617e-02 1.633846430467481708e-02 1.907701504962374360e-03 7.337384040205902590e-04
2.651667173676032496e-02 1.862551995579574127e-02 2.052015609896318260e-03 7.374070960406931214e-04
2.664925509544412152e-02 1.506001189810855616e-02 1.900917665297565317e-03 7.410941315208964715e-04
2.678250137092134248e-02 1.607882269678856044e-02 1.904181170296590647e-03 7.447996021785009474e-04
2.691641387777594235e-02 1.425255908927976212e-02 1.961911696244536627e-03 7.485236001893932640e-04
2.705099594716482009e-02 1.418443830506677973e-02 1.883251436999802079e-03 7.522662181903401685e-04
2.718625092690064166e-02 1.532040626491609075e-02 1.834373001927617824e-03 7.560275492812918276e-04
2.732218218153514150e-02 1.605310593366547980e-02 1.813800341078301631e-03 7.598076870276981171e-04
2.745879309244281599e-02 1.418659069680754808e-02 1.680243898592454236e-03 7.636067254628366207e-04
2.759608705790502631e-02 1.287569999016311383e-02 1.652195837694988645e-03 7.674247590901507121e-04
2.773406749319454884e-02 1.430158791307904222e-02 1.779460587651710349e-03 7.712618828856014066e-04
2.787273783066051419e-02 1.093678989482802649e-02 1.445899905789106103e-03 7.751181923000291865e-04
2.801210151981381458e-02 1.238737991911661659e-02 1.557803171212650143e-03 7.789937832615292717e-04
2.815216202741288587e-02 1.021525184555057211e-02 1.400746663306783003e-03 7.828887521778369728e-04
2.829292283754994419e-02 1.052449195779054346e-02 1.429872823748397186e-03 7.868031959387259463e-04
2.843438745173769086e-02 1.071690148566515136e-02 1.442811163367629977e-03 7.907372119184195684e-04
2.857655938899637815e-02 1.128481404522988993e-02 1.466941040113570703e-03 7.946908979780116337e-04
2.871944218594135734e-02 9.874105737280142528e-03 1.415064730604377293e-03 7.986643524679015813e-04
2.886303939687106038e-02 9.161125078182561984e-03 1.320398652007770662e-03 8.026576742302409971e-04
2.900735459385541531e-02 8.757989892396327719e-03 1.275728080790764765e-03 8.066709626013921506e-04
2.915239136682468840e-02 9.208022958173188097e-03 1.300473347414032995e-03 8.107043174143990002e-04
2.929815332365880848e-02 7.784491820157868856e-03 1.298726314711467437e-03 8.147578390014708835e-04
2.944464409027709728e-02 7.888171973852773841e-03 1.201396526687625562e-03 8.188316281964781338e-04
2.959186731072847854e-02 5.288392180341156337e-03 1.040773828435015945e-03 8.229257863374603819e-04
2.973982664728212072e-02 6.727588337091375270e-03 1.090034040416407776e-03 8.270404152691476513e-04
2.988852578051852740e-02 6.831557450305079937e-03 1.238247956932268280e-03 8.311756173454932714e-04
3.003796840942111676e-02 7.091508829350189926e-03 1.119968396584720624e-03 8.353314954322206684e-04
3.018815825146821744e-02 4.511898947299306135e-03 9.805351069533873795e-04 8.395081529093816487e-04
3.033909904272555358e-02 4.846834039207430223e-03 9.149136675461608725e-04 8.437056936739284517e-04
3.049079453793918093e-02 6.808341661409972670e-03 1.088955643461626170e-03 8.479242221422980544e-04
3.064324851062887045e-02 4.120423896602952267e-03 8.401135320745349013e-04 8.521638432530093772e-04
3.079646475318201237e-02 7.105870934067077399e-03 1.108460692440195157e-03 8.564246624692743682e-04
3.095044707694791924e-02 4.954074890348099218e-03 9.188626621828090190e-04 8.607067857816206886e-04
3.110519931233265631e-02 4.639663461657043790e-03 9.499634633114178344e-04 8.650103197105287085e-04
3.126072530889431600e-02 3.461002777626985289e-03 8.395159760660578273e-04 8.693353713090811894e-04
3.141702893543878161e-02 6.970976814504786789e-03 1.074263193431909593e-03 8.736820481656264094e-04
3.157411408011597670e-02 6.300502787490598264e-03 1.020809859616648172e-03 8.780504584064546250e-04
3.173198465051654815e-02 6.171195675639531281e-03 1.013246014933961384e-03 8.824407106984866753e-04
3.189064457376912520e-02 4.948102791560590741e-03 9.022288282281717368e-04 8.868529142519789585e-04
3.205009779663797742e-02 3.638338841136790937e-03 7.746535109791523668e-04 8.912871788232390327e-04
3.221034828562116537e-02 4.421713671293311596e-03 9.246474406021708628e-04 8.957436147173552035e-04
3.237140002704926023e-02 5.978699907893026896e-03 1.092295741098911910e-03 9.002223327909416152e-04
3.253325702718450757e-02 5.566390394653618866e-03 9.826938688375684919e-04 9.047234444548963531e-04
3.269592331232042820e-02 4.467715716761907346e-03 9.107854902480462620e-04 9.092470616771708208e-04
3.285940292888202274e-02 7.049406972658388108e-03 1.196027211681484738e-03 9.137932969855564651e-04
3.302369994352642724e-02 4.106698113495174836e-03 8.551320709378522561e-04 9.183622634704840778e-04
3.318881844324406138e-02 4.307104472761446277e-03 9.578599556387283392e-04 9.229540747878365410e-04
3.335476253546027642e-02 4.445496970626021567e-03 8.705181646323720008e-04 9.275688451617755594e-04
3.352153634813757888e-02 5.059634503249524871e-03 9.223002202294667455e-04 9.322066893875844383e-04
3.368914402987825685e-02 4.209085517095735585e-03 8.995026391013107676e-04 9.368677228345221372e-04
3.385758975002764459e-02 6.704442836307998241e-03 1.119195029208307126e-03 9.415520614486946709e-04
3.402687769877778268e-02 7.326829851621434811e-03 1.090369175510809766e-03 9.462598217559381117e-04
3.419701208727166097e-02 7.205496086101065116e-03 1.141491486123849411e-03 9.509911208647175290e-04
3.436799714770802372e-02 8.733328860552310238e-03 1.175503722691901166e-03 9.557460764690412164e-04
3.453983713344655621e-02 9.679900791002027730e-03 1.227119036361205753e-03 9.605248068513861943e-04
3.471253631911378618e-02 6.493848614772961686e-03 9.884914954615500217e-04 9.653274308856430114e-04
3.488609900070935299e-02 9.093837776009524448e-03 1.207446622532692103e-03 9.701540680400711717e-04
3.506052949571289434e-02 8.521694014477583859e-03 1.116791299923809320e-03 9.750048383802714744e-04
3.523583214319145340e-02 6.656802712543951651e-03 9.904169015786997571e-04 9.798798625721726659e-04
3.541201130390740637e-02 7.828124662131700703e-03 1.110030437056551671e-03 9.847792618850332701e-04
3.558907136042693820e-02 6.760366295108153484e-03 9.841805632696824964e-04 9.897031581944583812e-04
3.576701671722907344e-02 3.373867779072897786e-03 7.554462258102112452e-04 9.946516739854306590e-04
3.594585180081521364e-02 8.675760951309509708e-03 1.108662153917960684e-03 9.996249323553578047e-04
3.612558105981928530e-02 7.784594239432629688e-03 1.057305075303414683e-03 1.004623057017134348e-03
3.630620896511838058e-02 5.454789367292414183e-03 8.717839641676876361e-04 1.009646172302219912e-03
3.648774000994396693e-02 7.500683102754070186e-03 1.053098962089154579e-03 1.014694403163730928e-03
3.667017870999368656e-02 7.305415182502614582e-03 1.001568026475223262e-03 1.019767875179549690e-03
3.685352960354364854e-02 6.648374913128829791e-03 1.049211307519276734e-03 1.024866714555447075e-03
3.703779725156136626e-02 8.498221335195347420e-03 1.077291280223408249e-03 1.029991048128224345e-03
3.722298623781916671e-02 5.553827355436668708e-03 8.658218351120921261e-04 1.035141003368865355e-03
3.740910116900825200e-02 6.833395576845591179e-03 9.997054533486785140e-04 1.040316708385709363e-03
3.759614667485329520e-02 5.166813187965890383e-03 8.259513186239951423e-04 1.045518291927637934e-03
3.778412740822754967e-02 7.470800828798149565e-03 9.878561939554661182e-04 1.050745883387275937e-03
3.797304804526868693e-02 5.215171011813771532e-03 8.232682200345170205e-04 1.055999612804212279e-03
3.816291328549503009e-02 5.068873448073262303e-03 8.103914897257750560e-04 1.061279610868233209e-03
3.835372785192249501e-02 4.958442635153510053e-03 8.031537765571920579e-04 1.066586008922574061e-03
3.854549649118210741e-02 3.079208473857870856e-03 6.276187111468808921e-04 1.071918938967187035e-03
3.873822397363801268e-02 4.722267229492660597e-03 8.357328298676705135e-04 1.077278533662022865e-03
3.893191509350620028e-02 3.834529754580890976e-03 6.991357249863511519e-04 1.082664926330332861e-03
3.912657466897372788e-02 3.525600478241244611e-03 6.653888338446794408e-04 1.088078250961984402e-03
3.932220754231859072e-02 3.742279418102488226e-03 6.823997885344602584e-04 1.093518642216794205e-03
3.951881858003018083e-02 2.125099563268334404e-03 5.663927821552063599e-04 1.098986235427878077e-03
3.971641267293032906e-02 4.499804913263491350e-03 7.490941035613555166e-04 1.104481166605017365e-03
3.991499473629497863e-02 1.620724514793498447e-03 5.428021172176808722e-04 1.110003572438042312e-03
4.011456970997644145e-02 3.071832204401332700e-03 6.136836054698836069e-04 1.115553590300232337e-03
4.031514255852632067e-02 2.242187369932006555e-03 5.781691635735128213e-04 1.121131358251733438e-03
4.051671827131894665e-02 2.904543818817383570e-03 5.922503186322563250e-04 1.126737015042991860e-03
4.071930186267554153e-02 3.014136182847861143e-03 6.022051550598610812e-04 1.132370700118206846e-03
4.092289837198891111e-02 2.406695302590989953e-03 5.375980871907168031e-04 1.138032553618797699e-03
4.112751286384885852e-02 2.374729980145257394e-03 5.304717685386587354e-04 1.143722716386891660e-03
4.133315042816809726e-02 1.083472405310716234e-03 4.657840516706594075e-04 1.149441329968826095e-03
4.153981618030892775e-02 1.543094154748274370e-03 4.275478176945510310e-04 1.155188536618669774e-03
4.174751526121046885e-02 2.792077008164267019e-03 5.693585561442689354e-04 1.160964479301763216e-03
4.195625283751651391e-02 1.771812887462238676e-03 5.407547257696264245e-04 1.166769301698271626e-03
4.216603410170409461e-02 2.561230552366009546e-03 5.454916686851214334e-04 1.172603148206762978e-03
4.237686427221261376e-02 1.512104909365566147e-03 4.189482708463841535e-04 1.178466163947796720e-03
4.258874859357367204e-02 2.105439422778512034e-03 4.957330855511840216e-04 1.184358494767535691e-03
4.280169233654153305e-02 2.679292053291561053e-03 5.580673444931926342e-04 1.190280287241373205e-03
4.301570079822424064e-02 1.670520679385334223e-03 4.992466920694059711e-04 1.196231688677580098e-03
4.323077930221535387e-02 2.691544747616522650e-03 6.031457902451873481e-04 1.202212847120967586e-03
4.344693319872642429e-02 2.174871219168024103e-03 4.983720670529265435e-04 1.208223911356572262e-03
4.366416786472004929e-02 2.971559425012937090e-03 5.820694065558972919e-04 1.214265030913354955e-03
4.388248870404365398e-02 2.819638478173782867e-03 5.632300855075658306e-04 1.220336356067921926e-03
4.410190114756386282e-02 1.762463821957265192e-03 5.778862147281091030e-04 1.226438037848261251e-03
4.432241065330168317e-02 2.597894103517929803e-03 5.409836438218492208e-04 1.232570228037502616e-03
4.454402270656818152e-02 2.292558808761467181e-03 5.119553616031234482e-04 1.238733079177689904e-03
4.476674282010102007e-02 2.153093634022974767e-03 4.932895672130064354e-04 1.244926744573578289e-03
4.499057653420152070e-02 2.524046766099624119e-03 5.373868440090304654e-04 1.251151378296446078e-03
4.521552941687251997e-02 3.298540596747726733e-03 6.116793345423033202e-04 1.257407135187928009e-03
4.544160706395687643e-02 3.403424577261001966e-03 6.797248375004589973e-04 1.263694170863867428e-03
4.566881509927665783e-02 2.896984835820857421e-03 5.785697380892659445e-04 1.270012641718186669e-03
4.589715917477303619e-02 3.038726132119963248e-03 5.950969837451578533e-04 1.276362704926777393e-03
4.612664497064689756e-02 1.916492642290960327e-03 4.784712316516413983e-04 1.282744518451411301e-03
4.635727819550012480e-02 3.720360471197533062e-03 6.783175618625063947e-04 1.289158241043668199e-03
4.658906458647761595e-02 2.327097473074880678e-03 5.998815891983403162e-04 1.295604032248886183e-03
4.682200990941000340e-02 2.648062952892796858e-03 6.657246545677963662e-04 1.302082052410130685e-03
4.705611995895704613e-02 2.908315532307002588e-03 5.808538393404688626e-04 1.308592462672181081e-03
4.729140055875183379e-02 3.501907022239924162e-03 6.384625712130530002e-04 1.315135424985542029e-03
4.752785756154558061e-02 3.038116692031383580e-03 5.949858585437112993e-04 1.321711102110469322e-03
4.776549684935330747e-02 2.821283808822366672e-03 5.750823282421975088e-04 1.328319657621021771e-03
4.800432433360006523e-02 2.632021433458222020e-03 6.047918135660811795e-04 1.334961255909126532e-03
4.824434595526806702e-02 2.273588373186221073e-03 5.209373598315054834e-04 1.341636062188672181e-03
4.848556768504440340e-02 2.695450134720977272e-03 5.739506525040842305e-04 1.348344242499615458e-03
4.872799552346961799e-02 2.582153566681251629e-03 6.092975724037786363e-04 1.355085963712113380e-03
4.897163550108696306e-02 1.288844677054032991e-03 3.881369315130814312e-04 1.361861393530673777e-03
4.921649367859239066e-02 2.745815163910332330e-03 5.598346963336355486e-04 1.368670700498327095e-03
4.946257614698534866e-02 1.649487528623995317e-03 5.670445715829366354e-04 1.375514054000818564e-03
4.970988902772026374e-02 1.381122187020516080e-03 3.982519868085002764e-04 1.382391624270822277e-03
4.995843847285886402e-02 2.288411843504806111e-03 5.719530006179260025e-04 1.389303582392176521e-03
5.020823066522315387e-02 2.812009367718348689e-03 5.734177950704305018e-04 1.396250100304137097e-03
5.045927181854926308e-02 2.672016604657811815e-03 5.565898197458524904e-04 1.403231350805657753e-03
5.071156817764200381e-02 2.237685957222588194e-03 5.128855596876352469e-04 1.410247507559685793e-03
5.096512601853020463e-02 9.421838424890423714e-04 4.402866725289008611e-04 1.417298745097483924e-03
5.121995164862284955e-02 1.308509504635839210e-03 3.941907200920331399e-04 1.424385238822971182e-03
5.147605140686596636e-02 1.303450921124405318e-03 4.881647704899610279e-04 1.431507165017086199e-03
5.173343166390028530e-02 1.205622068609416703e-03 4.818742384735171663e-04 1.438664700842171278e-03
5.199209882221978579e-02 8.595262383509951875e-04 4.423798157143352312e-04 1.445858024346382067e-03
5.225205931633088163e-02 1.231855644352722670e-03 4.923794820363646373e-04 1.453087314468113917e-03
5.251331961291252903e-02 1.125244382774538048e-03 3.748238886317196267e-04 1.460352751040454268e-03
5.277588621097707711e-02 1.377674842797115256e-03 4.150993455694421933e-04 1.467654514795656284e-03
