1.442977229909739312e-02 5.327673423057703861e-01 3.570132909037265073e-02 4.012867625701226548e-04
1.450192116059288022e-02 4.539391933910282839e-01 3.121363865849462182e-02 4.032931963829732946e-04
1.457443076639584369e-02 4.870503933012796383e-01 3.317840111549879428e-02 4.053096623648881082e-04
1.464730292022782196e-02 5.013847367523376342e-01 3.306604036544172343e-02 4.073362106767125165e-04
1.472053943482895880e-02 4.717438834915707035e-01 3.169442899795130858e-02 4.093728917300960379e-04
1.479414213200310087e-02 3.798552467126875554e-01 2.736527804022399063e-02 4.114197561887464392e-04
1.486811284266311567e-02 4.353950800538776145e-01 2.978849472023105752e-02 4.134768549696901749e-04
1.494245340687642976e-02 4.392832746327511861e-01 2.918426514303867902e-02 4.155442392445385727e-04
1.501716567391080982e-02 4.214506131263801580e-01 2.769207346756413085e-02 4.176219604407612287e-04
1.509225150228036064e-02 4.097468214437671175e-01 2.698128393227434974e-02 4.197100702429649327e-04
1.516771275979176062e-02 3.822645732858588885e-01 2.574060894907491057e-02 4.218086205941796942e-04
1.524355132359071774e-02 3.340963340061922637e-01 2.401633776981070001e-02 4.239176636971505696e-04
1.531976908020867001e-02 3.514077002931939031e-01 2.440001745578561365e-02 4.260372520156362653e-04
1.539636792560971322e-02 3.410968702431808053e-01 2.474414271215277447e-02 4.281674382757144626e-04
1.547334976523776114e-02 3.686472513008241525e-01 2.449308806607285519e-02 4.303082754670929980e-04
1.555071651406394681e-02 3.267965493567970836e-01 2.263254548409053546e-02 4.324598168444283614e-04
1.562847009663426504e-02 2.611219192633119079e-01 1.990144137238846617e-02 4.346221159286504823e-04
1.570661244711743509e-02 3.056630264328862312e-01 2.170571066256847884e-02 4.367952265082936970e-04
1.578514550935301852e-02 2.986785075182408766e-01 2.120956416286055510e-02 4.389792026408350333e-04
1.586407123689978493e-02 2.625242117151700416e-01 2.050684665619631128e-02 4.411740986540392713e-04
1.594339159308428081e-02 2.651549305934107759e-01 1.948331277832766537e-02 4.433799691473093722e-04
1.602310855104970011e-02 2.651225323618864871e-01 1.932452035600652415e-02 4.455968689930458505e-04
1.610322409380494577e-02 2.553671583806564893e-01 1.871459923145019077e-02 4.478248533380110256e-04
1.618374021427396864e-02 2.663129004205189165e-01 1.937451293425226928e-02 4.500639776047010254e-04
1.626465891534533553e-02 2.252489331656476745e-01 1.727195793170850299e-02 4.523142974927244582e-04
1.634598220992206086e-02 2.232003215151771580e-01 1.686792760903390101e-02 4.545758689801880225e-04
1.642771212097167421e-02 2.026779445509694355e-01 1.587465981966217771e-02 4.568487483250890566e-04
1.650985068157653085e-02 2.262812960513249372e-01 1.689950288749178173e-02 4.591329920667144306e-04
1.659239993498441007e-02 1.960048790411559605e-01 1.538439085229334653e-02 4.614286570270479488e-04
1.667536193465932876e-02 1.804795305056653698e-01 1.436124336285708562e-02 4.637358003121830655e-04
1.675873874433262550e-02 1.847184321738845336e-01 1.460726832688302203e-02 4.660544793137440028e-04
1.684253243805428762e-02 1.609817928640430162e-01 1.328533061095816398e-02 4.683847517103126691e-04
1.692674510024455570e-02 1.559730045078719374e-01 1.313427872392631396e-02 4.707266754688641430e-04
1.701137882574577792e-02 1.468359224005175712e-01 1.244906754786439390e-02 4.730803088462084451e-04
1.709643571987450386e-02 1.304783159096066236e-01 1.162185331860204028e-02 4.754457103904394114e-04
1.718191789847387657e-02 1.276037103350096125e-01 1.197158178637685970e-02 4.778229389423915906e-04
1.726782748796624328e-02 1.259661482817467093e-01 1.123766046267223387e-02 4.802120536371034826e-04
1.735416662540607141e-02 1.019130938348930815e-01 1.014545254236817913e-02 4.826131139052889101e-04
1.744093745853309702e-02 1.084856525233676705e-01 1.009137233973239275e-02 4.850261794748152188e-04
1.752814214582576469e-02 9.905070527692801108e-02 9.832415853576373377e-03 4.874513103721893944e-04
1.761578285655489295e-02 1.123163333262902769e-01 1.013390730184486610e-02 4.898885669240503034e-04
1.770386177083766582e-02 9.190776428621165450e-02 9.247758339105226558e-03 4.923380097586704763e-04
1.779238107969184982e-02 9.356781098009629705e-02 9.068072180551082703e-03 4.947996998074637989e-04
1.788134298509030939e-02 9.567396277181576536e-02 8.980988265293515099e-03 4.972736983065010642e-04
1.797074970001575484e-02 8.814151052917376661e-02 8.583834712550699256e-03 4.997600667980333852e-04
1.806060344851583357e-02 7.055818975603157794e-02 7.803178061685953244e-03 5.022588671320236302e-04
1.815090646575841238e-02 7.605156804436417894e-02 7.956715079422450876e-03 5.047701614676837131e-04
1.824166099808720298e-02 7.491053052580337601e-02 7.865729981733895690e-03 5.072940122750220753e-04
1.833286930307763407e-02 7.128944950283273851e-02 7.612897832299423372e-03 5.098304823363970220e-04
1.842453364959302162e-02 7.214945009942143328e-02 7.312487789994326359e-03 5.123796347480790575e-04
1.851665631784098556e-02 5.924435873945928244e-02 6.855608640563895344e-03 5.149415329218194008e-04
1.860923959943018915e-02 5.114020435070489035e-02 6.261893381368096971e-03 5.175162405864284750e-04
1.870228579742733849e-02 4.822424172826634409e-02 5.881799079018768146e-03 5.201038217893605778e-04
1.879579722641447001e-02 4.214096501679352041e-02 5.343444021583903213e-03 5.227043408983072246e-04
1.888977621254653988e-02 4.035241099560596401e-02 5.201498217637581280e-03 5.253178626027986235e-04
1.898422509360927352e-02 3.930877622286782502e-02 5.153805047198723246e-03 5.279444519158126318e-04
1.907914621907731700e-02 3.858525077836739287e-02 5.016126138443705376e-03 5.305841741753916261e-04
1.917454195017270074e-02 4.737159818219128377e-02 5.499113324116519132e-03 5.332370950462685891e-04
1.927041465992356331e-02 3.625867647387653880e-02 4.838644672735712207e-03 5.359032805214998096e-04
1.936676673322317715e-02 4.247511094105572288e-02 5.323866919200868214e-03 5.385827969241072316e-04
1.946360056688929002e-02 3.043867734586328672e-02 4.256659770197862395e-03 5.412757109087277434e-04
1.956091856972373699e-02 2.855115524442022532e-02 4.159341508585607215e-03 5.439820894632713556e-04
1.965872316257235436e-02 2.436181321279729667e-02 3.799921826992555974e-03 5.467019999105876202e-04
1.975701677838521270e-02 2.798860997793538308e-02 4.034843057220523221e-03 5.494355099101405062e-04
1.985580186227713789e-02 3.035458758357888545e-02 4.125832884035392917e-03 5.521826874596911898e-04
1.995508087158852362e-02 3.871350970012550630e-02 4.689131732540274128e-03 5.549436008969896262e-04
2.005485627594646297e-02 2.488200547567525830e-02 3.625112710903542843e-03 5.577183189014744708e-04
2.015513055732619241e-02 2.959873969341752717e-02 4.023165673210067975e-03 5.605069104959817814e-04
2.025590621011282011e-02 2.559370407002562256e-02 3.652001692756394122e-03 5.633094450484616355e-04
2.035718574116338053e-02 2.814455267964473262e-02 3.861436276010143335e-03 5.661259922737038553e-04
2.045897166986919424e-02 2.243606291002510009e-02 3.417480924532105037e-03 5.689566222350722971e-04
2.056126652821854001e-02 2.835166936910719568e-02 3.750887650603834320e-03 5.718014053462475979e-04
2.066407286085962872e-02 2.802837956259968816e-02 3.675952725270615826e-03 5.746604123729787041e-04
2.076739322516392428e-02 2.609654863511749745e-02 3.666610980903787717e-03 5.775337144348435077e-04
2.087123019128974549e-02 2.931477269800891738e-02 3.718467472946797216e-03 5.804213830070178298e-04
2.097558634224619065e-02 2.502920498187583345e-02 3.433724428711957839e-03 5.833234899220527542e-04
2.108046427395741940e-02 2.496758137039302439e-02 3.683025218177663797e-03 5.862401073716630179e-04
2.118586659532720531e-02 2.427468566591058780e-02 3.299041576177208761e-03 5.891713079085212582e-04
2.129179592830383883e-02 1.843474110924242862e-02 2.840759206748081321e-03 5.921171644480638591e-04
2.139825490794535628e-02 2.377407201518751470e-02 3.201359375297084617e-03 5.950777502703040629e-04
2.150524618248508130e-02 2.458239182824715346e-02 3.251480608942171596e-03 5.980531390216555984e-04
2.161277241339750604e-02 2.576859908110480310e-02 3.294607640805378122e-03 6.010434047167637897e-04
2.172083627546448834e-02 2.318379868612373967e-02 3.093524913376435089e-03 6.040486217403475072e-04
2.182944045684180601e-02 2.846101053781726828e-02 3.396601471301074083e-03 6.070688648490491423e-04
2.193858765912601316e-02 1.977077104050382547e-02 2.791655388943515507e-03 6.101042091732943387e-04
2.204828059742164337e-02 2.831865277081828738e-02 3.286676932080280240e-03 6.131547302191607237e-04
2.215852200040874936e-02 2.995508623017937092e-02 3.364565881071113988e-03 6.162205038702565051e-04
2.226931461041078975e-02 2.353436779250924968e-02 2.983747359078316695e-03 6.193016063896077420e-04
2.238066118346284175e-02 2.514400580565748569e-02 3.150329675692997537e-03 6.223981144215556989e-04
2.249256448938015407e-02 2.989200730112292342e-02 3.295085841032495064e-03 6.255101049936634145e-04
2.260502731182705005e-02 2.860582556253821879e-02 3.172479480746329215e-03 6.286376555186315961e-04
2.271805244838618482e-02 2.594590512998253343e-02 3.085069525759449611e-03 6.317808437962247042e-04
2.283164271062811460e-02 2.360636471949488502e-02 2.980432265090895722e-03 6.349397480152058201e-04
2.294580092418125120e-02 2.543846733969457735e-02 3.157303968646255846e-03 6.381144467552817045e-04
2.306052992880215646e-02 2.906457842799354402e-02 3.127599430928977402e-03 6.413050189890581558e-04
2.317583257844616634e-02 3.162996834011885111e-02 3.320535089622613477e-03 6.445115440840033924e-04
2.329171174133839312e-02 2.654863687379081447e-02 2.925472939470227449e-03 6.477341018044233600e-04
2.340817030004507804e-02 2.682175570981454316e-02 2.984040852675969198e-03 6.509727723134452800e-04
2.352521115154530135e-02 2.502620311519056229e-02 2.809306759904618526e-03 6.542276361750123644e-04
2.364283720730302879e-02 2.385186854953013497e-02 2.776658467650021129e-03 6.574987743558875298e-04
2.376105139333953981e-02 3.270455784393245385e-02 3.257629972588030678e-03 6.607862682276667609e-04
2.387985665030623386e-02 2.393943879015281162e-02 2.790314862971321041e-03 6.640901995688050508e-04
2.399925593355776293e-02 2.943063615592434595e-02 2.965695343363194611e-03 6.674106505666489546e-04
2.411925221322554908e-02 3.339158188470327249e-02 3.133526542526612804e-03 6.707477038194821538e-04
2.423984847429167672e-02 2.795490927082234373e-02 2.885316278509153856e-03 6.741014423385795857e-04
2.436104771666313187e-02 2.521277033145692681e-02 2.696432030756113710e-03 6.774719495502724148e-04
2.448285295524644731e-02 2.863608445430512739e-02 2.909389113744562886e-03 6.808593092980237379e-04
2.460526722002267380e-02 2.632914190515800446e-02 2.842766356692637275e-03 6.842636058445137216e-04
2.472829355612278512e-02 2.246186368934311936e-02 2.605297634099482899e-03 6.876849238737362327e-04
2.485193502390339870e-02 2.399531201577440737e-02 2.659691974008018822e-03 6.911233484931049009e-04
2.497619469902290917e-02 2.110688187758708728e-02 2.424419376477463927e-03 6.945789652355702400e-04
2.510107567251802091e-02 2.436248118978768737e-02 2.556365569718917988e-03 6.980518600617480456e-04
2.522658105088061015e-02 1.933604141256091771e-02 2.212189628587779306e-03 7.015421193620566829e-04
2.535271395613501039e-02 2.201034620337266601e-02 2.433385312925986921e-03 7.050498299588669505e-04
2.547947752591567944e-02 2.396617283187750524e-02 2.402447939070853893e-03 7.085750791086610533e-04
2.560687491354525849e-02 2.122119501200124547e-02 2.256419581639370741e-03 7.121179545042043667e-04
2.573490928811298165e-02 1.787231771094311208e-02 2.058501728679227542e-03 7.156785442767253343e-04
2.586358383455354334e-02 1.471389044700337559e-02 1.935196839080491208e-03 7.192569369981089171e-04
2.599290175372630934e-02 1.920678418053595182e-02 2.103039439143869829e-03 7.228532216830993668e-04
2.612286626249493704e-02 2.054478499607249181e-02 2.244447454836401290e-03 7.264674877915148175e-04
2.625348059380740867e-02 1.833688468068471814e-02 2.032485314130342939e-03 7.300998252304722854e-04
2.638474799677644617e-02 1.654159358998555374e-02 1.918319028757758471e-03 7.337503243566245942e-04
2.651667173676032496e-02 1.861678585922749152e-02 2.051064234915775646e-03 7.374190759784077101e-04
2.664925509544412152e-02 2.270448982152209819e-02 2.265366918749596361e-03 7.411061713582995682e-04
2.678250137092134248e-02 1.605914364306689976e-02 1.901861133396287205e-03 7.448117022150910422e-04
2.691641387777594235e-02 1.623129487653280495e-02 1.993888916931241522e-03 7.485357607261663472e-04
2.705099594716482009e-02 1.219148626415977356e-02 1.782044903277029118e-03 7.522784395297971030e-04
2.718625092690064166e-02 1.167829376256979308e-02 1.557375084276833290e-03 7.560398317274460468e-04
2.732218218153514150e-02 1.398108032593608184e-02 1.691862452243851666e-03 7.598200308860832142e-04
2.745879309244281599e-02 1.106845710412237421e-02 1.538785626668413105e-03 7.636191310405135045e-04
2.759608705790502631e-02 1.078017126165591380e-02 1.464080852221198758e-03 7.674372266957160639e-04
2.773406749319454884e-02 9.962867888849665995e-03 1.406233536929358402e-03 7.712744128291945103e-04
2.787273783066051419e-02 1.004685972719304883e-02 1.439266781992224473e-03 7.751307848933402774e-04
2.801210151981381458e-02 1.217007714788415594e-02 1.542779369022595883e-03 7.790064388178069088e-04
2.815216202741288587e-02 9.440842739402374034e-03 1.346359922259938221e-03 7.829014710118960621e-04
2.829292283754994419e-02 8.656403148290083352e-03 1.356408743740398614e-03 7.868159783669553299e-04
2.843438745173769086e-02 8.165126679555156919e-03 1.257939855614359547e-03 7.907500582587900480e-04
2.857655938899637815e-02 7.460532934057811753e-03 1.192835524435065415e-03 7.947038085500839934e-04
2.871944218594135734e-02 5.834853753613398336e-03 1.046419285140855410e-03 7.986773275928342854e-04
2.886303939687106038e-02 7.431089917063556267e-03 1.276353693980472083e-03 8.026707142307983218e-04
2.900735459385541531e-02 8.015156903133863545e-03 1.220603925560092987e-03 8.066840678019523156e-04
2.915239136682468840e-02 5.708738727314441840e-03 1.023951482213219383e-03 8.107174881409619747e-04
2.929815332365880848e-02 5.814586055821168060e-03 1.026551619585088860e-03 8.147710755816667347e-04
2.944464409027709728e-02 5.681816549626897937e-03 1.113448717161068984e-03 8.188449309595749416e-04
2.959186731072847854e-02 6.549869278165886856e-03 1.144588259153663358e-03 8.229391556143726954e-04
2.973982664728212072e-02 6.009117961677364061e-03 1.029308072263604868e-03 8.270538513924445122e-04
2.988852578051852740e-02 5.877682010243755889e-03 1.021948234846870420e-03 8.311891206494066708e-04
3.003796840942111676e-02 7.079080518413489835e-03 1.118002703359208217e-03 8.353450662526535698e-04
3.018815825146821744e-02 5.022733046596410469e-03 9.316295210094296172e-04 8.395217915839166614e-04
3.033909904272555358e-02 7.110094116371832272e-03 1.109135062715882643e-03 8.437194005418361797e-04
3.049079453793918093e-02 5.406197651559926411e-03 1.059576422923811864e-03 8.479379975445453356e-04
3.064324851062887045e-02 6.176290826143921581e-03 1.028201407480387828e-03 8.521776875322678493e-04
3.079646475318201237e-02 5.362890441865608704e-03 9.620896106860322983e-04 8.564385759699291419e-04
3.095044707694791924e-02 7.518316523979740387e-03 1.132090919788214219e-03 8.607207688497786960e-04
3.110519931233265631e-02 5.411244313971856276e-03 1.040893084771392797e-03 8.650243726940274854e-04
3.126072530889431600e-02 7.453849304681370649e-03 1.122011427475038672e-03 8.693494945574975485e-04
3.141702893543878161e-02 8.374311799890510333e-03 1.225707557008166729e-03 8.736962420302848975e-04
3.157411408011597670e-02 6.132274970931643303e-03 1.006890409920232609e-03 8.780647232404363046e-04
3.173198465051654815e-02 6.995895005300594403e-03 1.078114745653522459e-03 8.824550468566382325e-04
3.189064457376912520e-02 4.949717701646765174e-03 9.025295016826995111e-04 8.868673220909212675e-04
3.205009779663797742e-02 5.951435362142345337e-03 9.905722674543428544e-04 8.913016587013760468e-04
3.221034828562116537e-02 6.183208705233892918e-03 1.015142305743321413e-03 8.957581669948829536e-04
3.237140002704926023e-02 7.001451212675829754e-03 1.241514358268934254e-03 9.002369578298569921e-04
3.253325702718450757e-02 6.604874143578367239e-03 1.070020623764877075e-03 9.047381426190063232e-04
3.269592331232042820e-02 6.884797161280731617e-03 1.130385257913922884e-03 9.092618333321013163e-04
3.285940292888202274e-02 7.704818943860980256e-03 1.187283052463602171e-03 9.138081424987616001e-04
3.302369994352642724e-02 8.930840588040936043e-03 1.261280486565133493e-03 9.183771832112552552e-04
3.318881844324406138e-02 7.457036226895643986e-03 1.183224786831826121e-03 9.229690691273115602e-04
3.335476253546027642e-02 6.905852983306965016e-03 1.139338440043812092e-03 9.275839144729480486e-04
3.352153634813757888e-02 7.588437835883460499e-03 1.129424632108186289e-03 9.322218340453127449e-04
3.368914402987825685e-02 8.617612140477739005e-03 1.193112711302582452e-03 9.368829432155390859e-04
3.385758975002764459e-02 9.966515084050829240e-03 1.335129265944849479e-03 9.415673579316166707e-04
3.402687769877778268e-02 7.161710933719628476e-03 1.077839674347150526e-03 9.462751947212746971e-04
3.419701208727166097e-02 6.395047411002330318e-03 1.009377513597218678e-03 9.510065706948807925e-04
3.436799714770802372e-02 8.881067612023207589e-03 1.184668122507799744e-03 9.557616035483553494e-04
3.453983713344655621e-02 5.990208506285916307e-03 1.015837307423208971e-03 9.605404115660969196e-04
3.471253631911378618e-02 7.015408267136058820e-03 1.073108184341603532e-03 9.653431136239273413e-04
3.488609900070935299e-02 7.519024496344683256e-03 1.061326864885009337e-03 9.701698291920469487e-04
3.506052949571289434e-02 5.731968993826026294e-03 9.160762181465881846e-04 9.750206783380070208e-04
3.523583214319145340e-02 6.939658471515223158e-03 1.072845101318596964e-03 9.798957817296969752e-04
3.541201130390740637e-02 7.912973129547199586e-03 1.074733609064626666e-03 9.847952606383452226e-04
3.558907136042693820e-02 6.373000799822175697e-03 9.982842924896907777e-04 9.897192369415367189e-04
3.576701671722907344e-02 7.357809252697063672e-03 1.028288998257674254e-03 9.946678331262445022e-04
3.594585180081521364e-02 5.458754090107108096e-03 9.255894101394443159e-04 9.996411722918755426e-04
3.612558105981928530e-02 7.483168224365089119e-03 1.035726415078506990e-03 1.004639378153334914e-03
3.630620896511838058e-02 6.567250836102468681e-03 9.560893336734797160e-04 1.009662575044101458e-03
3.648774000994396693e-02 5.380033467799242262e-03 8.598434859109194660e-04 1.014710887919321883e-03
3.667017870999368656e-02 4.680422535387131384e-03 8.011583199149706564e-04 1.019784442358918517e-03
3.685352960354364854e-02 5.634843506844593695e-03 8.783795554496584774e-04 1.024883364570712899e-03
3.703779725156136626e-02 4.381650186538890192e-03 7.731503365710543476e-04 1.030007781393566489e-03
3.722298623781916671e-02 4.733455188710876047e-03 7.986791264500118668e-04 1.035157820300533970e-03
3.740910116900825200e-02 3.929363418684368378e-03 7.283707927585239680e-04 1.040333609402036485e-03
3.759614667485329520e-02 3.976596009762495276e-03 7.247944163369626942e-04 1.045535277449046591e-03
3.778412740822754967e-02 4.321855540950907647e-03 7.510645615682897715e-04 1.050762953836291641e-03
3.797304804526868693e-02 4.429040614512995584e-03 7.583544428645043294e-04 1.056016768605473003e-03
3.816291328549503009e-02 4.157272788876507572e-03 7.337519346815757782e-04 1.061296852448500444e-03
3.835372785192249501e-02 2.997978026538603447e-03 6.241724686728878117e-04 1.066603336710742573e-03
3.854549649118210741e-02 4.620303036183699349e-03 7.689208230820938862e-04 1.071936353394296361e-03
3.873822397363801268e-02 2.674115263835655058e-03 5.827050081388412571e-04 1.077296035161267717e-03
3.893191509350620028e-02 3.243585944771254937e-03 6.933522306949299000e-04 1.082682515337073971e-03
3.912657466897372788e-02 2.897224115825235580e-03 6.032960741999028598e-04 1.088095927913759146e-03
3.932220754231859072e-02 3.613621056691372103e-03 6.702038356660861007e-04 1.093536407553327879e-03
3.951881858003018083e-02 3.298716294784249676e-03 6.340541991877799832e-04 1.099004089591094305e-03
3.971641267293032906e-02 2.498072945223619046e-03 5.579396469336747339e-04 1.104499110039049809e-03
3.991499473629497863e-02 2.539387482625660511e-03 6.161860651231721667e-04 1.110021605589245081e-03
4.011456970997644145e-02 4.423039617721902413e-03 7.363521717948301112e-04 1.115571713617190827e-03
4.031514255852632067e-02 1.704946841241867551e-03 4.551747089388560549e-04 1.121149572185276694e-03
4.051671827131894665e-02 2.902354729060919493e-03 6.616605419698611381e-04 1.126755320046202982e-03
4.071930186267554153e-02 2.651700618966393221e-03 5.647610696392419598e-04 1.132389096646434050e-03
4.092289837198891111e-02 1.441187559494722277e-03 5.877552005247357316e-04 1.138051042129666025e-03
4.112751286384885852e-02 1.829123913863878225e-03 5.998904000547307207e-04 1.143741297340314248e-03
4.133315042816809726e-02 3.489008852560690054e-03 6.472420337526018632e-04 1.149460003827015679e-03
4.153981618030892775e-02 2.491377349442460559e-03 5.431173968755382631e-04 1.155207303846150606e-03
4.174751526121046885e-02 1.395581762808444787e-03 4.929176516418425340e-04 1.160983340365381259e-03
4.195625283751651391e-02 2.242082598284162072e-03 5.138529890336293810e-04 1.166788257067207998e-03
4.216603410170409461e-02 2.324275897707283722e-03 5.191858366049700033e-04 1.172622198352543926e-03
4.237686427221261376e-02 2.909726290293473353e-03 5.813427887843326553e-04 1.178485309344306630e-03
4.258874859357367204e-02 1.752983194989827295e-03 5.349783078654681175e-04 1.184377735891027931e-03
4.280169233654153305e-02 2.328317750857892676e-03 5.929654636544108570e-04 1.190299624570482920e-03
4.301570079822424064e-02 3.065437424528780035e-03 7.013242373905499488e-04 1.196251122693335264e-03
4.323077930221535387e-02 2.181529092067003954e-03 4.998977196535393580e-04 1.202232378306801810e-03
4.344693319872642429e-02 2.743043734764578738e-03 5.592732643367822774e-04 1.208243540198335620e-03
4.366416786472004929e-02 3.061132285869462479e-03 6.760792414018207365e-04 1.214284757899327001e-03
4.388248870404365398e-02 2.703252418528827219e-03 5.511164828202700251e-04 1.220356181688823840e-03
4.410190114756386282e-02 2.792121796895368109e-03 6.107817539972345677e-04 1.226457962597267762e-03
4.432241065330168317e-02 3.205777035346478714e-03 6.432559029552812040e-04 1.232590252410254144e-03
4.454402270656818152e-02 3.095005941348354366e-03 5.948482851998458708e-04 1.238753203672305139e-03
4.476674282010102007e-02 2.605146516108428588e-03 5.424841349384109009e-04 1.244946969690666552e-03
4.499057653420152070e-02 3.095385681554535875e-03 5.948861539350430803e-04 1.251171704539119677e-03
4.521552941687251997e-02 3.681862912813764835e-03 6.861620131531942805e-04 1.257427563061815036e-03
4.544160706395687643e-02 2.718983428042512796e-03 5.542246084392339709e-04 1.263714700877124116e-03
4.566881509927665783e-02 2.431304564989276735e-03 5.297966581454592681e-04 1.270033274381509539e-03
4.589715917477303619e-02 3.390647246215420119e-03 6.287328107164320400e-04 1.276383440753416912e-03
4.612664497064689756e-02 3.113210576858212175e-03 6.097200687121302884e-04 1.282765357957184023e-03
4.635727819550012480e-02 2.603354316122483223e-03 6.432866413469863357e-04 1.289179184746969565e-03
4.658906458647761595e-02 2.779579212416641906e-03 5.917895596706226804e-04 1.295625080670704176e-03
4.682200990941000340e-02 2.112046630365722530e-03 5.628257744814591955e-04 1.302103206074057759e-03
4.705611995895704613e-02 2.139969991289267064e-03 5.516387339735011374e-04 1.308613722104427822e-03
4.729140055875183379e-02 2.681382462794468929e-03 5.583235758258271253e-04 1.315156790714949947e-03
4.752785756154558061e-02 2.851262941411533171e-03 6.236133605469422036e-04 1.321732574668524514e-03
4.776549684935330747e-02 2.464517151951466437e-03 5.370454779624002275e-04 1.328341237541867063e-03
4.800432433360006523e-02 2.350840763816546778e-03 5.985912390192168423e-04 1.334982943729576222e-03
4.824434595526806702e-02 1.913929894013343151e-03 5.603609312855468158e-04 1.341657858448223970e-03
4.848556768504440340e-02 1.470496051553370253e-03 5.192494661214072616e-04 1.348366147740464975e-03
4.872799552346961799e-02 1.901933428931243137e-03 5.904832804632452296e-04 1.355107978479167192e-03
4.897163550108696306e-02 1.876413518159873684e-03 4.685428238120197550e-04 1.361883518371562836e-03
4.921649367859239066e-02 8.446632047480481060e-04 3.876540651838212030e-04 1.368692935963420612e-03
4.946257614698534866e-02 1.373912898043803954e-03 3.961731601005722206e-04 1.375536400643237456e-03
4.970988902772026374e-02 1.728655041083756354e-03 4.458401537253747966e-04 1.382414082646453478e-03
4.995843847285886402e-02 1.178749940211627290e-03 3.723610834321019200e-04 1.389326153059685558e-03
5.020823066522315387e-02 1.168720320484204758e-03 3.692075880324202056e-04 1.396272783824983920e-03
5.045927181854926308e-02 1.629108963300975000e-03 4.349568137660026769e-04 1.403254147744108660e-03
5.071156817764200381e-02 2.117491801468913363e-03 4.986216233897906164e-04 1.410270418482829045e-03
5.096512601853020463e-02 9.398986567833918790e-04 3.320182011070114199e-04 1.417321770575242969e-03
5.121995164862284955e-02 1.068967012550690833e-03 3.560154992987771272e-04 1.424408379428118970e-03
5.147605140686596636e-02 1.185563133767711039e-03 3.746072797552013178e-04 1.431530421325259705e-03
5.173343166390028530e-02 1.326161834114547577e-03 3.995422506143310091e-04 1.438688073431885605e-03
5.199209882221978579e-02 1.105367730369820074e-03 4.753050521676180752e-04 1.445881513799044966e-03
5.225205931633088163e-02 6.150248291960187449e-04 4.076357504559845689e-04 1.453110921368040102e-03
5.251331961291252903e-02 8.762727035694793578e-04 3.309725120577001849e-04 1.460376475974880161e-03
5.277588621097707711e-02 1.877980086109923676e-03 4.845593933062644762e-04 1.467678358354754112e-03
