1.442977229909739312e-02 5.632759890061361796e-01 3.623450898575748119e-02 4.012867625701226548e-04
1.450192116059288022e-02 5.339174224237945854e-01 3.385323969551713025e-02 4.032931963829732946e-04
1.457443076639584369e-02 5.325674018033980106e-01 3.513669238127792305e-02 4.053096623648881082e-04
1.464730292022782196e-02 5.048319193770214319e-01 3.288661890503762758e-02 4.073362106767125165e-04
1.472053943482895880e-02 5.240623667242713113e-01 3.449277795205710900e-02 4.093728917300960379e-04
1.479414213200310087e-02 4.237874980300742611e-01 2.860215353046373019e-02 4.114197561887464392e-04
1.486811284266311567e-02 3.974461747427255887e-01 2.849654460105490589e-02 4.134768549696901749e-04
1.494245340687642976e-02 4.529475588294634147e-01 2.963480580674706863e-02 4.155442392445385727e-04
1.501716567391080982e-02 4.104536691645127577e-01 2.732822927783990288e-02 4.176219604407612287e-04
1.509225150228036064e-02 3.889910459611025662e-01 2.653904599822322352e-02 4.197100702429649327e-04
1.516771275979176062e-02 3.613159554415887875e-01 2.538514238972688214e-02 4.218086205941796942e-04
1.524355132359071774e-02 3.526571072070865398e-01 2.430902263349169271e-02 4.239176636971505696e-04
1.531976908020867001e-02 3.367343437870515821e-01 2.413529799230320488e-02 4.260372520156362653e-04
1.539636792560971322e-02 2.957081059643317245e-01 2.285912728383918471e-02 4.281674382757144626e-04
1.547334976523776114e-02 3.086793570763525230e-01 2.300840339770037282e-02 4.303082754670929980e-04
1.555071651406394681e-02 2.652263911664830554e-01 2.074979524815859580e-02 4.324598168444283614e-04
1.562847009663426504e-02 2.947172219974641405e-01 2.114309429795340617e-02 4.346221159286504823e-04
1.570661244711743509e-02 2.746302976467949741e-01 2.091991861579951123e-02 4.367952265082936970e-04
1.578514550935301852e-02 2.795742690926371066e-01 2.075003134256956511e-02 4.389792026408350333e-04
1.586407123689978493e-02 2.771411168865181018e-01 2.081015941762371507e-02 4.411740986540392713e-04
1.594339159308428081e-02 2.536255454950427368e-01 1.937697310046824356e-02 4.433799691473093722e-04
1.602310855104970011e-02 2.608668102075475392e-01 1.916873701985332898e-02 4.455968689930458505e-04
1.610322409380494577e-02 2.664096613451431561e-01 1.911494825343357934e-02 4.478248533380110256e-04
1.618374021427396864e-02 2.590250536862448438e-01 1.863403398852533227e-02 4.500639776047010254e-04
1.626465891534533553e-02 2.364436999555382946e-01 1.790222605585903293e-02 4.523142974927244582e-04
1.634598220992206086e-02 2.026765490234873623e-01 1.607361304970225668e-02 4.545758689801880225e-04
1.642771212097167421e-02 2.064302869654599804e-01 1.630957717030324938e-02 4.568487483250890566e-04
1.650985068157653085e-02 2.053733096258323898e-01 1.584352835461658865e-02 4.591329920667144306e-04
1.659239993498441007e-02 1.967172870212185731e-01 1.549470143710154207e-02 4.614286570270479488e-04
1.667536193465932876e-02 1.908255740642531562e-01 1.503164754196206765e-02 4.637358003121830655e-04
1.675873874433262550e-02 1.719395669223835188e-01 1.409288973510810714e-02 4.660544793137440028e-04
1.684253243805428762e-02 1.548063734591097473e-01 1.321957069195989556e-02 4.683847517103126691e-04
1.692674510024455570e-02 1.549035100450970870e-01 1.282821654111289573e-02 4.707266754688641430e-04
1.701137882574577792e-02 1.416797374840332302e-01 1.223481867505983936e-02 4.730803088462084451e-04
1.709643571987450386e-02 1.330997832748966048e-01 1.155376051217323757e-02 4.754457103904394114e-04
1.718191789847387657e-02 1.157184408209510351e-01 1.095477941839157268e-02 4.778229389423915906e-04
1.726782748796624328e-02 1.273767886094797630e-01 1.148483040179900695e-02 4.802120536371034826e-04
1.735416662540607141e-02 1.106980370698529142e-01 1.055758365322757679e-02 4.826131139052889101e-04
1.744093745853309702e-02 1.084857058226005172e-01 1.009135394575141897e-02 4.850261794748152188e-04
1.752814214582576469e-02 1.098385899089449058e-01 1.035400906483248742e-02 4.874513103721893944e-04
1.761578285655489295e-02 1.079291212489073004e-01 9.709050266800188164e-03 4.898885669240503034e-04
1.770386177083766582e-02 1.104662459207972486e-01 9.858158648921186429e-03 4.923380097586704763e-04
1.779238107969184982e-02 1.059251766623125618e-01 9.648302476384169185e-03 4.947996998074637989e-04
1.788134298509030939e-02 7.450729931612293244e-02 7.925469704520295491e-03 4.972736983065010642e-04
1.797074970001575484e-02 8.142564399879688442e-02 8.250315766757053068e-03 4.997600667980333852e-04
1.806060344851583357e-02 8.344741786107301440e-02 8.286572894298646283e-03 5.022588671320236302e-04
1.815090646575841238e-02 7.270850171355999758e-02 7.779851453799076395e-03 5.047701614676837131e-04
1.824166099808720298e-02 6.663906249721726627e-02 7.370456921486084542e-03 5.072940122750220753e-04
1.833286930307763407e-02 6.132376028231525250e-02 6.843429185872591455e-03 5.098304823363970220e-04
1.842453364959302162e-02 5.578548697809007639e-02 6.429954622175257373e-03 5.123796347480790575e-04
1.851665631784098556e-02 6.368718462304358285e-02 6.855564660141329376e-03 5.149415329218194008e-04
1.860923959943018915e-02 5.302871392861367716e-02 6.196014285518488748e-03 5.175162405864284750e-04
1.870228579742733849e-02 5.758081344108834793e-02 6.427109781315323497e-03 5.201038217893605778e-04
1.879579722641447001e-02 4.350017102918109224e-02 5.428922483504638324e-03 5.227043408983072246e-04
1.888977621254653988e-02 3.927611740913111021e-02 5.311276674696914848e-03 5.253178626027986235e-04
1.898422509360927352e-02 4.540839694331557513e-02 5.539244693064520296e-03 5.279444519158126318e-04
1.907914621907731700e-02 3.073726515526136252e-02 4.754202112491561980e-03 5.305841741753916261e-04
1.917454195017270074e-02 4.609097394430370503e-02 5.424262136305270030e-03 5.332370950462685891e-04
1.927041465992356331e-02 4.791282376950405791e-02 5.562153657311963775e-03 5.359032805214998096e-04
1.936676673322317715e-02 4.096239627699085201e-02 5.073956435091132519e-03 5.385827969241072316e-04
1.946360056688929002e-02 2.733503363256514079e-02 4.384902306588626432e-03 5.412757109087277434e-04
1.956091856972373699e-02 3.158846613000982489e-02 4.374980920132588713e-03 5.439820894632713556e-04
1.965872316257235436e-02 3.743385080831403838e-02 4.710331141355500115e-03 5.467019999105876202e-04
1.975701677838521270e-02 2.880479885465225820e-02 4.262106308105317182e-03 5.494355099101405062e-04
1.985580186227713789e-02 3.035440893068325555e-02 4.348985166708651748e-03 5.521826874596911898e-04
1.995508087158852362e-02 3.324793917320369163e-02 4.497635698578168230e-03 5.549436008969896262e-04
2.005485627594646297e-02 2.699947766137826208e-02 3.776205630104508427e-03 5.577183189014744708e-04
2.015513055732619241e-02 3.036603986450884043e-02 4.225198456519658335e-03 5.605069104959817814e-04
2.025590621011282011e-02 2.924980520643834236e-02 4.107965440065605364e-03 5.633094450484616355e-04
2.035718574116338053e-02 2.963131212620192037e-02 4.247230829793627316e-03 5.661259922737038553e-04
2.045897166986919424e-02 2.713186690990584612e-02 3.758129821707561612e-03 5.689566222350722971e-04
2.056126652821854001e-02 2.437239460888117673e-02 3.684479958048835629e-03 5.718014053462475979e-04
2.066407286085962872e-02 2.367906064798433463e-02 3.378720050625229690e-03 5.746604123729787041e-04
2.076739322516392428e-02 3.022207127783238870e-02 3.803060252840140352e-03 5.775337144348435077e-04
2.087123019128974549e-02 2.836898609616924152e-02 3.657983311354889421e-03 5.804213830070178298e-04
2.097558634224619065e-02 2.446240480261000286e-02 3.657085795370867715e-03 5.833234899220527542e-04
2.108046427395741940e-02 2.753756833823279432e-02 3.550553343616982219e-03 5.862401073716630179e-04
2.118586659532720531e-02 3.146659645142080297e-02 3.756081785105507172e-03 5.891713079085212582e-04
2.129179592830383883e-02 2.545732966593989427e-02 3.338270256697190800e-03 5.921171644480638591e-04
2.139825490794535628e-02 2.723224659330590255e-02 3.426285210294512974e-03 5.950777502703040629e-04
2.150524618248508130e-02 2.371975363782827945e-02 3.193914460660108104e-03 5.980531390216555984e-04
2.161277241339750604e-02 2.957033642987059660e-02 3.529275528278712996e-03 6.010434047167637897e-04
2.172083627546448834e-02 2.773791518635851730e-02 3.383742979840757056e-03 6.040486217403475072e-04
2.182944045684180601e-02 2.496454371542482578e-02 3.287125657572970584e-03 6.070688648490491423e-04
2.193858765912601316e-02 2.767851457795848444e-02 3.303091124674703040e-03 6.101042091732943387e-04
2.204828059742164337e-02 3.176268184387816274e-02 3.480794876403268262e-03 6.131547302191607237e-04
2.215852200040874936e-02 2.745258092502190703e-02 3.312197022720140670e-03 6.162205038702565051e-04
2.226931461041078975e-02 2.998726586550521170e-02 3.368048697514432286e-03 6.193016063896077420e-04
2.238066118346284175e-02 3.024583948429388283e-02 3.314096760599264443e-03 6.223981144215556989e-04
2.249256448938015407e-02 2.515292647870788142e-02 3.022612851141820260e-03 6.255101049936634145e-04
2.260502731182705005e-02 3.566880548494016923e-02 3.542541988018205190e-03 6.286376555186315961e-04
2.271805244838618482e-02 2.964277725839564379e-02 3.320366580158624209e-03 6.317808437962247042e-04
2.283164271062811460e-02 2.395335613223691443e-02 2.877971812028586734e-03 6.349397480152058201e-04
2.294580092418125120e-02 2.475990897593719972e-02 2.892116263547437477e-03 6.381144467552817045e-04
2.306052992880215646e-02 3.548567569857118825e-02 3.455849244313600153e-03 6.413050189890581558e-04
2.317583257844616634e-02 2.372235887550679795e-02 2.903698365194043538e-03 6.445115440840033924e-04
2.329171174133839312e-02 2.408786960754152190e-02 2.863432908035087616e-03 6.477341018044233600e-04
2.340817030004507804e-02 2.733011195040591784e-02 2.940582703015481945e-03 6.509727723134452800e-04
2.352521115154530135e-02 2.977793283056972412e-02 3.064418529510499860e-03 6.542276361750123644e-04
2.364283720730302879e-02 2.681004104002539246e-02 2.867752340051550608e-03 6.574987743558875298e-04
2.376105139333953981e-02 2.560840133671845459e-02 2.804338647207759144e-03 6.607862682276667609e-04
2.387985665030623386e-02 2.696138512064855455e-02 2.819580807104132142e-03 6.640901995688050508e-04
2.399925593355776293e-02 2.534589543310040993e-02 2.819202402899293174e-03 6.674106505666489546e-04
2.411925221322554908e-02 2.878164925793344833e-02 3.057158476594100480e-03 6.707477038194821538e-04
2.423984847429167672e-02 2.680674717051097569e-02 2.827913561103239000e-03 6.741014423385795857e-04
2.436104771666313187e-02 2.550246678811230253e-02 2.711873278501183114e-03 6.774719495502724148e-04
2.448285295524644731e-02 2.424343744320788668e-02 2.623164867417072509e-03 6.808593092980237379e-04
2.460526722002267380e-02 2.459243254320973848e-02 2.661072989588358743e-03 6.842636058445137216e-04
2.472829355612278512e-02 3.005020683723173130e-02 3.013403720515066882e-03 6.876849238737362327e-04
2.485193502390339870e-02 2.073736168130118143e-02 2.472543726875834919e-03 6.911233484931049009e-04
2.497619469902290917e-02 2.710012424407701528e-02 2.650702596934149686e-03 6.945789652355702400e-04
2.510107567251802091e-02 2.258595683383415528e-02 2.387899691175345441e-03 6.980518600617480456e-04
2.522658105088061015e-02 2.137128798265666013e-02 2.325696420921975153e-03 7.015421193620566829e-04
2.535271395613501039e-02 2.175716073401405548e-02 2.339998737004231767e-03 7.050498299588669505e-04
2.547947752591567944e-02 1.912444263880682879e-02 2.146090949784439268e-03 7.085750791086610533e-04
2.560687491354525849e-02 2.483832920295445459e-02 2.441154368329571771e-03 7.121179545042043667e-04
2.573490928811298165e-02 2.049353071799496148e-02 2.204287817681257859e-03 7.156785442767253343e-04
2.586358383455354334e-02 1.901120202533632814e-02 2.154935146118285624e-03 7.192569369981089171e-04
2.599290175372630934e-02 1.735544920035222635e-02 1.999111950180235305e-03 7.228532216830993668e-04
2.612286626249493704e-02 2.100639674728660075e-02 2.196682174638303967e-03 7.264674877915148175e-04
2.625348059380740867e-02 1.516748384134951680e-02 2.007227702071083444e-03 7.300998252304722854e-04
2.638474799677644617e-02 1.506613018816912140e-02 1.886414525263708716e-03 7.337503243566245942e-04
2.651667173676032496e-02 1.634645717896103523e-02 1.921931153833238669e-03 7.374190759784077101e-04
2.664925509544412152e-02 1.521194525011001705e-02 1.854274986994213078e-03 7.411061713582995682e-04
2.678250137092134248e-02 1.388761800601973247e-02 1.827529048026737581e-03 7.448117022150910422e-04
2.691641387777594235e-02 1.205061964962154432e-02 1.718019759030876229e-03 7.485357607261663472e-04
2.705099594716482009e-02 1.125363307329053583e-02 1.621151002418333691e-03 7.522784395297971030e-04
2.718625092690064166e-02 1.126139495366824950e-02 1.529321240450702904e-03 7.560398317274460468e-04
2.732218218153514150e-02 1.459793370381832871e-02 1.728779018996624969e-03 7.598200308860832142e-04
2.745879309244281599e-02 1.106841131520179544e-02 1.538779260891124778e-03 7.636191310405135045e-04
2.759608705790502631e-02 1.137899429446511193e-02 1.504191995568990303e-03 7.674372266957160639e-04
2.773406749319454884e-02 1.235390507529272874e-02 1.565908933354429088e-03 7.712744128291945103e-04
2.787273783066051419e-02 1.016197471139935853e-02 1.469985129196728010e-03 7.751307848933402774e-04
2.801210151981381458e-02 8.048207319176733585e-03 1.254601574921381923e-03 7.790064388178069088e-04
2.815216202741288587e-02 9.903210394773244440e-03 1.433647747475045101e-03 7.829014710118960621e-04
2.829292283754994419e-02 9.943322557955285371e-03 1.390064807653063452e-03 7.868159783669553299e-04
2.843438745173769086e-02 6.998651058321510646e-03 1.164621178877461687e-03 7.907500582587900480e-04
2.857655938899637815e-02 9.182094922115212332e-03 1.323322304200734087e-03 7.947038085500839934e-04
2.871944218594135734e-02 7.529008257075802714e-03 1.188662984215864676e-03 7.986773275928342854e-04
2.886303939687106038e-02 9.145918985240942059e-03 1.398169644726283750e-03 8.026707142307983218e-04
2.900735459385541531e-02 7.642107448685795529e-03 1.191857734033837561e-03 8.066840678019523156e-04
2.915239136682468840e-02 6.997779813392964073e-03 1.133674912051553301e-03 8.107174881409619747e-04
2.929815332365880848e-02 5.814545819528848386e-03 1.026545944409837244e-03 8.147710755816667347e-04
2.944464409027709728e-02 5.131907371431878966e-03 9.686000484609354763e-04 8.188449309595749416e-04
2.959186731072847854e-02 6.297925175113422251e-03 1.232104217059132312e-03 8.229391556143726954e-04
2.973982664728212072e-02 3.181297410829350605e-03 7.489300340811556227e-04 8.270538513924445122e-04
2.988852578051852740e-02 6.055768534197531264e-03 1.037312449264378607e-03 8.311891206494066708e-04
3.003796840942111676e-02 5.840142988873802711e-03 1.015465721192939036e-03 8.353450662526535698e-04
3.018815825146821744e-02 6.061894116712937021e-03 1.023473188043341102e-03 8.395217915839166614e-04
3.033909904272555358e-02 6.138933787301507038e-03 1.089478960461347885e-03 8.437194005418361797e-04
3.049079453793918093e-02 3.662248018439947812e-03 7.982506073532523493e-04 8.479379975445453356e-04
3.064324851062887045e-02 5.833139426905149458e-03 9.992280226862311574e-04 8.521776875322678493e-04
3.079646475318201237e-02 6.919869591711353025e-03 1.092858970504550142e-03 8.564385759699291419e-04
3.095044707694791924e-02 5.638714066183586789e-03 9.804154339566168407e-04 8.607207688497786960e-04
3.110519931233265631e-02 7.101647030144753008e-03 1.094298322147743219e-03 8.650243726940274854e-04
3.126072530889431600e-02 4.980505976995688866e-03 9.798962980899846194e-04 8.693494945574975485e-04
3.141702893543878161e-02 5.648852125617899109e-03 1.049490416544239350e-03 8.736962420302848975e-04
3.157411408011597670e-02 5.966513126681669173e-03 9.931864730819510694e-04 8.780647232404363046e-04
3.173198465051654815e-02 6.396242638412044483e-03 1.085275770239060161e-03 8.824550468566382325e-04
3.189064457376912520e-02 5.114684103757019887e-03 9.174442888086290371e-04 8.868673220909212675e-04
3.205009779663797742e-02 9.588383972812955860e-03 1.257323751755972004e-03 8.913016587013760468e-04
3.221034828562116537e-02 5.648413611988692060e-03 1.083099743598038090e-03 8.957581669948829536e-04
3.237140002704926023e-02 7.172188644790459221e-03 1.181497032276715691e-03 9.002369578298569921e-04
3.253325702718450757e-02 6.674429999956241026e-03 1.132398895871527091e-03 9.047381426190063232e-04
3.269592331232042820e-02 7.256918338035892903e-03 1.160529355699093214e-03 9.092618333321013163e-04
3.285940292888202274e-02 6.603880205547861190e-03 1.099187403807764521e-03 9.138081424987616001e-04
3.302369994352642724e-02 7.680491132284631393e-03 1.169658560752401396e-03 9.183771832112552552e-04
3.318881844324406138e-02 7.044163411015228783e-03 1.098549996187783402e-03 9.229690691273115602e-04
3.335476253546027642e-02 5.299023684467092307e-03 9.502966713860745533e-04 9.275839144729480486e-04
3.352153634813757888e-02 7.588182811059229066e-03 1.129403317534301114e-03 9.322218340453127449e-04
3.368914402987825685e-02 7.291795491892083710e-03 1.097499524267438751e-03 9.368829432155390859e-04
3.385758975002764459e-02 8.463229366787878780e-03 1.264712143575158791e-03 9.415673579316166707e-04
3.402687769877778268e-02 7.389552984489688309e-03 1.143909532302117777e-03 9.462751947212746971e-04
3.419701208727166097e-02 6.554991344593578961e-03 1.021920013158152682e-03 9.510065706948807925e-04
3.436799714770802372e-02 6.977952828061851666e-03 1.184663210115537027e-03 9.557616035483553494e-04
3.453983713344655621e-02 7.019764758828535116e-03 1.112006373831286258e-03 9.605404115660969196e-04
3.471253631911378618e-02 8.920417574724977608e-03 1.159215518658346855e-03 9.653431136239273413e-04
3.488609900070935299e-02 6.827143710952900645e-03 1.056637650559559159e-03 9.701698291920469487e-04
3.506052949571289434e-02 7.054701884721860036e-03 1.077939506464532186e-03 9.750206783380070208e-04
3.523583214319145340e-02 7.353060143383667591e-03 1.123466841118540534e-03 9.798957817296969752e-04
3.541201130390740637e-02 7.326796661571359330e-03 1.034158617795697278e-03 9.847952606383452226e-04
3.558907136042693820e-02 7.750881831940699754e-03 1.052710342102574671e-03 9.897192369415367189e-04
3.576701671722907344e-02 6.059347258831476735e-03 9.331531973430196806e-04 9.946678331262445022e-04
3.594585180081521364e-02 6.965518838678361538e-03 9.931452818227189897e-04 9.996411722918755426e-04
3.612558105981928530e-02 5.468446464615000190e-03 8.853874880035034504e-04 1.004639378153334914e-03
3.630620896511838058e-02 6.064199848074220377e-03 9.617646623584867865e-04 1.009662575044101458e-03
3.648774000994396693e-02 6.069756238306361559e-03 9.132961863923629887e-04 1.014710887919321883e-03
3.667017870999368656e-02 5.093358957981779060e-03 8.357512995499483512e-04 1.019784442358918517e-03
3.685352960354364854e-02 4.865186218140933778e-03 9.259346786792351002e-04 1.024883364570712899e-03
3.703779725156136626e-02 5.531903024971492229e-03 9.123550586883452012e-04 1.030007781393566489e-03
3.722298623781916671e-02 4.192471537590412856e-03 7.516529423996073586e-04 1.035157820300533970e-03
3.740910116900825200e-02 4.606847079270387849e-03 7.886647392414154875e-04 1.040333609402036485e-03
3.759614667485329520e-02 4.771895470856390292e-03 8.575847711306518401e-04 1.045535277449046591e-03
3.778412740822754967e-02 4.583767217205752392e-03 7.734861228800358861e-04 1.050762953836291641e-03
3.797304804526868693e-02 3.829715277576693864e-03 8.179974778143369197e-04 1.056016768605473003e-03
3.816291328549503009e-02 3.117941693041626633e-03 6.354451854660145066e-04 1.061296852448500444e-03
3.835372785192249501e-02 3.519297339385447920e-03 6.762658681551635392e-04 1.066603336710742573e-03
3.854549649118210741e-02 3.208530501754892211e-03 6.407647000863989474e-04 1.071936353394296361e-03
3.873822397363801268e-02 3.438050237981767326e-03 7.304539373981694438e-04 1.077296035161267717e-03
3.893191509350620028e-02 3.575591761422419832e-03 6.748059790372087268e-04 1.082682515337073971e-03
3.912657466897372788e-02 2.519279954383229700e-03 5.625702609674924914e-04 1.088095927913759146e-03
3.932220754231859072e-02 2.492142143145560217e-03 5.565716877388409822e-04 1.093536407553327879e-03
3.951881858003018083e-02 3.298702648378339444e-03 6.340515761792524805e-04 1.099004089591094305e-03
3.971641267293032906e-02 2.498083081410625104e-03 5.579396248119268325e-04 1.104499110039049809e-03
3.991499473629497863e-02 2.539376977474791519e-03 6.161835160330383140e-04 1.110021605589245081e-03
4.011456970997644145e-02 3.071546149553210179e-03 6.136246261153756971e-04 1.115571713617190827e-03
4.031514255852632067e-02 2.557409682112420438e-03 5.574705849659777977e-04 1.121149572185276694e-03
4.051671827131894665e-02 3.023264246793686081e-03 6.040062932902569119e-04 1.126755320046202982e-03
4.071930186267554153e-02 3.013283692260378208e-03 6.020348328893571901e-04 1.132389096646434050e-03
4.092289837198891111e-02 2.882363194938588474e-03 5.877527711524087274e-04 1.138051042129666025e-03
4.112751286384885852e-02 1.544082343631577843e-03 4.278185807020097012e-04 1.143741297340314248e-03
4.133315042816809726e-02 2.646823352296720413e-03 6.359821593268494538e-04 1.149460003827015679e-03
4.153981618030892775e-02 2.491367042903932551e-03 5.431151500619926104e-04 1.155207303846150606e-03
4.174751526121046885e-02 1.279277990328155307e-03 4.790278707068826585e-04 1.160983340365381259e-03
4.195625283751651391e-02 2.171271007584337897e-03 5.599249725006347645e-04 1.166788257067207998e-03
4.216603410170409461e-02 2.789119538937647608e-03 6.358675600679168779e-04 1.172622198352543926e-03
4.237686427221261376e-02 3.026102823217761018e-03 5.928531923525403192e-04 1.178485309344306630e-03
4.258874859357367204e-02 2.804786933062329742e-03 5.719190577751204598e-04 1.184377735891027931e-03
4.280169233654153305e-02 3.026800554541363413e-03 5.929630117699465162e-04 1.190299624570482920e-03
4.301570079822424064e-02 2.902830385926638210e-03 5.799387507218027593e-04 1.196251122693335264e-03
4.323077930221535387e-02 2.342263651243576671e-03 5.683511454970065126e-04 1.202232378306801810e-03
4.344693319872642429e-02 2.263001719366958524e-03 6.668392456011668079e-04 1.208243540198335620e-03
4.366416786472004929e-02 3.198226965593371079e-03 6.036775377549629014e-04 1.214284757899327001e-03
4.388248870404365398e-02 3.379051544359704552e-03 6.161644111527368479e-04 1.220356181688823840e-03
4.410190114756386282e-02 2.860768694889360541e-03 5.714459528766974291e-04 1.226457962597267762e-03
4.432241065330168317e-02 3.837886207614874066e-03 6.573236297029596111e-04 1.232590252410254144e-03
4.454402270656818152e-02 2.980363762199295628e-03 5.837262302613273812e-04 1.238753203672305139e-03
4.476674282010102007e-02 4.417392451129038659e-03 7.064038541955823015e-04 1.244946969690666552e-03
4.499057653420152070e-02 2.568013052933473209e-03 6.532694955905760060e-04 1.251171704539119677e-03
4.521552941687251997e-02 2.500020030563155238e-03 5.322713874001285374e-04 1.257427563061815036e-03
4.544160706395687643e-02 2.990887325289656989e-03 6.253986189582391459e-04 1.263714700877124116e-03
4.566881509927665783e-02 3.473277867092679650e-03 6.332255043838556008e-04 1.270033274381509539e-03
4.589715917477303619e-02 2.922953173386984294e-03 5.837606952097165172e-04 1.276383440753416912e-03
4.612664497064689756e-02 5.148750038781520211e-03 7.841086566673543309e-04 1.282765357957184023e-03
4.635727819550012480e-02 2.727312286650556989e-03 5.806737518137430713e-04 1.289179184746969565e-03
4.658906458647761595e-02 3.032221868482138077e-03 6.180980325774048344e-04 1.295625080670704176e-03
4.682200990941000340e-02 2.063485297831203161e-03 5.813152558969645342e-04 1.302103206074057759e-03
4.705611995895704613e-02 2.907555894676815741e-03 7.064546221965141686e-04 1.308613722104427822e-03
4.729140055875183379e-02 2.331634084268885236e-03 5.936191916057440574e-04 1.315156790714949947e-03
4.752785756154558061e-02 1.986527437834359130e-03 4.811261623494982259e-04 1.321732574668524514e-03
4.776549684935330747e-02 2.464506956530452923e-03 5.370432562676773951e-04 1.328341237541867063e-03
4.800432433360006523e-02 2.515422559605453787e-03 5.935054630449590691e-04 1.334982943729576222e-03
4.824434595526806702e-02 2.368478445680930779e-03 6.335229754790385522e-04 1.341657858448223970e-03
4.848556768504440340e-02 1.225402614332918088e-03 3.870217030737462829e-04 1.348366147740464975e-03
4.872799552346961799e-02 2.166750638947258223e-03 5.100977524042205708e-04 1.355107978479167192e-03
4.897163550108696306e-02 2.228231834840597482e-03 5.105805929975930401e-04 1.361883518371562836e-03
4.921649367859239066e-02 2.283061621832878450e-03 5.099043607009781350e-04 1.368692935963420612e-03
4.946257614698534866e-02 1.259414946465345266e-03 3.793053536302990088e-04 1.375536400643237456e-03
4.970988902772026374e-02 1.152431926559179193e-03 4.604598251766410782e-04 1.382414082646453478e-03
4.995843847285886402e-02 1.768188519919550086e-03 4.560545876023778416e-04 1.389326153059685558e-03
5.020823066522315387e-02 7.479779107994086965e-04 3.794030170540536981e-04 1.396272783824983920e-03
5.045927181854926308e-02 2.560017780361707480e-03 5.452449667373167851e-04 1.403254147744108660e-03
5.071156817764200381e-02 1.529188297639598416e-03 5.122804017744541413e-04 1.410270418482829045e-03
5.096512601853020463e-02 1.292355306731349978e-03 3.893242403829482215e-04 1.417321770575242969e-03
5.121995164862284955e-02 7.601511753659756813e-04 3.856362161267850534e-04 1.424408379428118970e-03
5.147605140686596636e-02 8.299087807171357661e-04 3.134210426132266205e-04 1.431530421325259705e-03
5.173343166390028530e-02 1.567275683925753622e-03 4.343464224889365274e-04 1.438688073431885605e-03
5.199209882221978579e-02 2.333544443805320081e-03 5.349359756926147557e-04 1.445881513799044966e-03
5.225205931633088163e-02 1.033199312232745571e-03 4.355823710398796524e-04 1.453110921368040102e-03
5.251331961291252903e-02 1.502175563196259936e-03 4.333429476523492510e-04 1.460376475974880161e-03
5.277588621097707711e-02 7.511889268498321993e-04 3.064610004549743884e-04 1.467678358354754112e-03
