1.442977229909739312e-02 5.296444333532007720e-01 3.602915782857723376e-02 4.012835029382323475e-04
1.450192116059288022e-02 5.437993724883999347e-01 3.420416294998451096e-02 4.032899204529234965e-04
1.457443076639584369e-02 4.997359721548619849e-01 3.393829673682002834e-02 4.053063700551880698e-04
1.464730292022782196e-02 5.006117169690288415e-01 3.275183881852997136e-02 4.073329019054639909e-04
1.472053943482895880e-02 4.611851092422305509e-01 3.212165448995914219e-02 4.093695664149912751e-04
1.479414213200310087e-02 4.652820032256001492e-01 2.992926027871126507e-02 4.114164142470661261e-04
1.486811284266311567e-02 3.959667535425308027e-01 2.887962743331989879e-02 4.134734963183014293e-04
1.494245340687642976e-02 4.352341627134380109e-01 2.904457957558988224e-02 4.155408637998929378e-04
1.501716567391080982e-02 4.341543535912855134e-01 2.810250685176183399e-02 4.176185681188923421e-04
1.509225150228036064e-02 3.643866122241191663e-01 2.571812077025310839e-02 4.197066609594866829e-04
1.516771275979176062e-02 3.917453298288575136e-01 2.608306872355393644e-02 4.218051942642840526e-04
1.524355132359071774e-02 3.964406702179831821e-01 2.577146301413441379e-02 4.239142202356054761e-04
1.531976908020867001e-02 3.118792105186817820e-01 2.297568697637149618e-02 4.260337913367834599e-04
1.539636792560971322e-02 3.373725847809216360e-01 2.438095521008940350e-02 4.281639602934673712e-04
1.547334976523776114e-02 3.172314027109796597e-01 2.275698791263787435e-02 4.303047800949346725e-04
1.555071651406394681e-02 3.143166165740488571e-01 2.253361339904122115e-02 4.324563039954092570e-04
1.562847009663426504e-02 2.977220188124224953e-01 2.124898667318278478e-02 4.346185855153862892e-04
1.570661244711743509e-02 2.982845195314234310e-01 2.166383605400012610e-02 4.367916784429631718e-04
1.578514550935301852e-02 3.217776389150212024e-01 2.202677308720010427e-02 4.389756368351778850e-04
1.586407123689978493e-02 3.134425584362017236e-01 2.176686277380148263e-02 4.411705150193537760e-04
1.594339159308428081e-02 2.841951649421534665e-01 2.018167332571805389e-02 4.433763675944504758e-04
1.602310855104970011e-02 2.895336649919859062e-01 2.020547812560331488e-02 4.455932494324226748e-04
1.610322409380494577e-02 2.458235667833350568e-01 1.836592138280331021e-02 4.478212156795847000e-04
1.618374021427396864e-02 2.401176819683149555e-01 1.794028140154121237e-02 4.500603217579825731e-04
1.626465891534533553e-02 2.286837064724606128e-01 1.792073581094729903e-02 4.523106233667724104e-04
1.634598220992206086e-02 2.352360722588702768e-01 1.733481329166491197e-02 4.545721764836062502e-04
1.642771212097167421e-02 2.165426723845670920e-01 1.641261572164567570e-02 4.568450373660243313e-04
1.650985068157653085e-02 2.077206966639810193e-01 1.592951656419949735e-02 4.591292625528544183e-04
1.659239993498441007e-02 1.851369120435070459e-01 1.477806200142780385e-02 4.614249088656186080e-04
1.667536193465932876e-02 1.709560911785470150e-01 1.396381890563654776e-02 4.637320334099465872e-04
1.675873874433262550e-02 1.864231776307986865e-01 1.496881176337170119e-02 4.660506935769963169e-04
1.684253243805428762e-02 1.661927232530928389e-01 1.348638610850871888e-02 4.683809470448812760e-04
1.692674510024455570e-02 1.625327343210416497e-01 1.314643464368499270e-02 4.707228517801056197e-04
1.701137882574577792e-02 1.398653862799895953e-01 1.216964867485646057e-02 4.730764660390061145e-04
1.709643571987450386e-02 1.508453920922018798e-01 1.271965373193295959e-02 4.754418483692010654e-04
1.718191789847387657e-02 1.373769727839451171e-01 1.219397026955131719e-02 4.778190576110471046e-04
1.726782748796624328e-02 1.252821024282074758e-01 1.122159982552136878e-02 4.802081528991022138e-04
1.735416662540607141e-02 1.463784475367476690e-01 1.192174114286102468e-02 4.826091936635976912e-04
1.744093745853309702e-02 1.142006687743133270e-01 1.035624885403754226e-02 4.850222396319155398e-04
1.752814214582576469e-02 1.048568671336006786e-01 1.011269816021490714e-02 4.874473508300751793e-04
1.761578285655489295e-02 8.094534161160872598e-02 8.689692425456559469e-03 4.898845875842255254e-04
1.770386177083766582e-02 1.007943482336211005e-01 9.663679808897516349e-03 4.923340105221466097e-04
1.779238107969184982e-02 6.790125271565197740e-02 7.720989138984471652e-03 4.947956805747571627e-04
1.788134298509030939e-02 6.863802591349645044e-02 7.610085464926833951e-03 4.972696589776309795e-04
1.797074970001575484e-02 9.070265977231337096e-02 8.709738940586806213e-03 4.997560072725190303e-04
1.806060344851583357e-02 7.800425809648244002e-02 8.186946588597972946e-03 5.022547873088815474e-04
1.815090646575841238e-02 7.862347898886289099e-02 8.093491987643681648e-03 5.047660612454259654e-04
1.824166099808720298e-02 6.633659439362166177e-02 7.181445420027892518e-03 5.072898915516531023e-04
1.833286930307763407e-02 6.974462409398150819e-02 7.297600348400367157e-03 5.098263410094112545e-04
1.842453364959302162e-02 5.730077995491606596e-02 6.518269689166703018e-03 5.123754727144582072e-04
1.851665631784098556e-02 4.902107632596697240e-02 6.023572209968384300e-03 5.149373500780305086e-04
1.860923959943018915e-02 6.313254023700166917e-02 6.757053081674463911e-03 5.175120368284206584e-04
1.870228579742733849e-02 4.389982104168357185e-02 5.881035951604519744e-03 5.200995970125626457e-04
1.879579722641447001e-02 4.652656354265936184e-02 5.785037565908083233e-03 5.227000949976252919e-04
1.888977621254653988e-02 3.903703072318158440e-02 5.117965045006510165e-03 5.253135954726134010e-04
1.898422509360927352e-02 4.344538983268581012e-02 5.422594685399378077e-03 5.279401634499764984e-04
1.907914621907731700e-02 3.791796891799248392e-02 4.971699820284904668e-03 5.305798642672263522e-04
1.917454195017270074e-02 3.912126559504113671e-02 5.001923469261780608e-03 5.332327635885623007e-04
1.927041465992356331e-02 3.621664187350689262e-02 4.833039018929572231e-03 5.358989274065051453e-04
1.936676673322317715e-02 3.457877667822568946e-02 5.006446761474178317e-03 5.385784220435375479e-04
1.946360056688929002e-02 3.942037239758391931e-02 5.061363088653732072e-03 5.412713141537551630e-04
1.956091856972373699e-02 3.583053086047349733e-02 4.658825157643524222e-03 5.439776707245239486e-04
1.965872316257235436e-02 3.209357332030184778e-02 4.361926167261622432e-03 5.466975590781464767e-04
1.975701677838521270e-02 3.384403355090311039e-02 4.438482794629690711e-03 5.494310468735371343e-04
1.985580186227713789e-02 2.530159700322900593e-02 4.010552082008402366e-03 5.521782021079048048e-04
1.995508087158852362e-02 3.591873286451936764e-02 4.519963737349677949e-03 5.549390931184443321e-04
2.005485627594646297e-02 2.698831659265011132e-02 3.774645595890260396e-03 5.577137885840364410e-04
2.015513055732619241e-02 2.798735707896277472e-02 3.914420053223054488e-03 5.605023575269565484e-04
2.025590621011282011e-02 3.083852110600211749e-02 4.010172899077495828e-03 5.633048693145912720e-04
2.035718574116338053e-02 2.496469005423898255e-02 3.862412269022377689e-03 5.661213936611641552e-04
2.045897166986919424e-02 2.527131467862800754e-02 3.780974798934867796e-03 5.689520006294698480e-04
2.056126652821854001e-02 3.485665812262735141e-02 4.161305337652201897e-03 5.717967606326171794e-04
2.066407286085962872e-02 1.884023705664708906e-02 3.013281801947605577e-03 5.746557444357801433e-04
2.076739322516392428e-02 2.258055751734183714e-02 3.289763680584617111e-03 5.775290231579589687e-04
2.087123019128974549e-02 2.221522539395259094e-02 3.236498848710978211e-03 5.804166682737488866e-04
2.097558634224619065e-02 2.739804413393320121e-02 3.593038808138740176e-03 5.833187516151174630e-04
2.108046427395741940e-02 2.845823041593977670e-02 3.609585751446657727e-03 5.862353453731929901e-04
2.118586659532720531e-02 1.980008539335736603e-02 2.981077189806893672e-03 5.891665221000589496e-04
2.129179592830383883e-02 2.460980691054601502e-02 3.284253263341979732e-03 5.921123547105592091e-04
2.139825490794535628e-02 2.505538048176652113e-02 3.451220086539459261e-03 5.950729164841118924e-04
2.150524618248508130e-02 2.460318566057993067e-02 3.254230983649678520e-03 5.980482810665324655e-04
2.161277241339750604e-02 2.494013605683222806e-02 3.242282839042503421e-03 6.010385224718650622e-04
2.172083627546448834e-02 2.897528212528322974e-02 3.458109866228661292e-03 6.040437150842242189e-04
2.182944045684180601e-02 2.729540311446082904e-02 3.329624206388714491e-03 6.070639336596452820e-04
2.193858765912601316e-02 2.410757720701676640e-02 3.081847332122843956e-03 6.100992533279433810e-04
2.204828059742164337e-02 2.487416561953811195e-02 3.219323260939483625e-03 6.131497495945831353e-04
2.215852200040874936e-02 2.483833496302577382e-02 3.295817344041307526e-03 6.162154983425559502e-04
2.226931461041078975e-02 2.787031477325120285e-02 3.338263899819549768e-03 6.192965758342686968e-04
2.238066118346284175e-02 2.768673483782544548e-02 3.170325483171508325e-03 6.223930587134399823e-04
2.249256448938015407e-02 2.480809632229271852e-02 3.003015192627714498e-03 6.255050240070071524e-04
2.260502731182705005e-02 2.331597752177969746e-02 2.864636597563766530e-03 6.286325491270420771e-04
2.271805244838618482e-02 3.050369167831229467e-02 3.333167855156253263e-03 6.317757118726772354e-04
2.283164271062811460e-02 3.019406753911220431e-02 3.230778239479556533e-03 6.349345904320405831e-04
2.294580092418125120e-02 2.785437545621390065e-02 3.069829856479391363e-03 6.381092633842007193e-04
2.306052992880215646e-02 3.076465991990248380e-02 3.218309112584060924e-03 6.412998097011215950e-04
2.317583257844616634e-02 2.601555901689930547e-02 2.920780339352700879e-03 6.445063087496271954e-04
2.329171174133839312e-02 2.918510830369728387e-02 3.069743473560456685e-03 6.477288402933752218e-04
2.340817030004507804e-02 2.828550225748875657e-02 2.991645358674736854e-03 6.509674844948419407e-04
2.352521115154530135e-02 2.443120906164040693e-02 2.777894458672996655e-03 6.542223219173160312e-04
2.364283720730302879e-02 2.987812462917361148e-02 3.118932761271981692e-03 6.574934335269027328e-04
2.376105139333953981e-02 2.455157249540631387e-02 2.919507474617198412e-03 6.607809006945371006e-04
2.387985665030623386e-02 3.075298836906811134e-02 3.093950616625763296e-03 6.640848051980096202e-04
2.399925593355776293e-02 2.827201285081031371e-02 2.908939918921882306e-03 6.674052292239996288e-04
2.411925221322554908e-02 2.170299649901301364e-02 2.597633343493904561e-03 6.707422553701195781e-04
2.423984847429167672e-02 2.784994732298487485e-02 2.906726716795411756e-03 6.740959666469701402e-04
2.436104771666313187e-02 2.758596444738142112e-02 2.911077670852842657e-03 6.774664464802049616e-04
2.448285295524644731e-02 2.791635143148266107e-02 2.813110748101415193e-03 6.808537787126059350e-04
2.460526722002267380e-02 2.821553037519193910e-02 2.912390397731871253e-03 6.842580476061688784e-04
2.472829355612278512e-02 2.825372698401565005e-02 2.923221429419922083e-03 6.876793378441996242e-04
2.485193502390339870e-02 2.692593745656214968e-02 2.815768177539445995e-03 6.911177345334206228e-04
2.497619469902290917e-02 2.270715539873440283e-02 2.428337708725455089e-03 6.945733232060875232e-04
2.510107567251802091e-02 2.437412628000757905e-02 2.481224351561367881e-03 6.980461898221178947e-04
2.522658105088061015e-02 2.113891508754163831e-02 2.314222729671334099e-03 7.015364207712284066e-04
2.535271395613501039e-02 2.277249843875691487e-02 2.394161614145188816e-03 7.050441028750844760e-04
2.547947752591567944e-02 2.516992466178713181e-02 2.461717114493664968e-03 7.085693233894597813e-04
2.560687491354525849e-02 1.930119937040053815e-02 2.152440815222618400e-03 7.121121700064070520e-04
2.573490928811298165e-02 2.220016395675971158e-02 2.296234334135454844e-03 7.156727308564390499e-04
2.586358383455354334e-02 2.016384842067631827e-02 2.215345848757208688e-03 7.192510945107211508e-04
2.599290175372630934e-02 2.072102743930505711e-02 2.236401660746094831e-03 7.228473499832746606e-04
2.612286626249493704e-02 1.662840642670921493e-02 1.954888956339622622e-03 7.264615867331909727e-04
2.625348059380740867e-02 2.251305639725404220e-02 2.299262074761307655e-03 7.300938946668567844e-04
2.638474799677644617e-02 1.611380193812872799e-02 1.971856133151682084e-03 7.337443641401911317e-04
2.651667173676032496e-02 1.748093222788630469e-02 2.063417368750966943e-03 7.374130859608919644e-04
2.664925509544412152e-02 1.475460771462765164e-02 1.825987395753948979e-03 7.411001513906962735e-04
2.678250137092134248e-02 1.786989853392611377e-02 2.006294381097915424e-03 7.448056521476497608e-04
2.691641387777594235e-02 1.425991502227684504e-02 1.868626082106036564e-03 7.485296804083878914e-04
2.705099594716482009e-02 1.406944626012218529e-02 1.812811820762894825e-03 7.522723288104297404e-04
2.718625092690064166e-02 1.149641376080763264e-02 1.546937867174802634e-03 7.560336904544818137e-04
2.732218218153514150e-02 1.335731751262561606e-02 1.653252870073209247e-03 7.598138589067541214e-04
2.745879309244281599e-02 1.039601496414826673e-02 1.438761073665087691e-03 7.636129282012878508e-04
2.759608705790502631e-02 1.420595513918599707e-02 1.682595974779498927e-03 7.674309928422942077e-04
2.773406749319454884e-02 8.154548961818781916e-03 1.271060125115066816e-03 7.712681478065056169e-04
2.787273783066051419e-02 8.827024435761908483e-03 1.381165663163202908e-03 7.751244885455379824e-04
2.801210151981381458e-02 1.219668746046746050e-02 1.546129894994542056e-03 7.790001109882655232e-04
2.815216202741288587e-02 9.246990904028650621e-03 1.413202908506823278e-03 7.828951115432069945e-04
2.829292283754994419e-02 7.599958147112502276e-03 1.214983779596239119e-03 7.868095871009228581e-04
2.843438745173769086e-02 8.367185963444200361e-03 1.273992259545635901e-03 7.907436350364273076e-04
2.857655938899637815e-02 7.740708610432544580e-03 1.277074158307651064e-03 7.946973532116093997e-04
2.871944218594135734e-02 6.968766203565146013e-03 1.143957351893881572e-03 7.986708399776674136e-04
2.886303939687106038e-02 9.899235441135556188e-03 1.370808729023890137e-03 8.026641941775556786e-04
2.900735459385541531e-02 7.460611067420957511e-03 1.178005154005780765e-03 8.066775151484434359e-04
2.915239136682468840e-02 5.533684875174410024e-03 1.008959781761324540e-03 8.107109027241855186e-04
2.929815332365880848e-02 6.062405236866651170e-03 1.110959204156272955e-03 8.147644572378063676e-04
2.944464409027709728e-02 7.518860072038701867e-03 1.172747561827568868e-03 8.188382795239952140e-04
2.959186731072847854e-02 5.224644065661017932e-03 9.690066863870560373e-04 8.229324709216151402e-04
2.973982664728212072e-02 6.717318056424888099e-03 1.088374950651901409e-03 8.270471332762231991e-04
2.988852578051852740e-02 4.095532188795039316e-03 8.529551664116787838e-04 8.311823689426041948e-04
3.003796840942111676e-02 5.142584723827787162e-03 9.538429827935558398e-04 8.353382807873171480e-04
3.018815825146821744e-02 6.405300729559465847e-03 1.051818509321488784e-03 8.395149721912535798e-04
3.033909904272555358e-02 5.445318445383482905e-03 1.032940944072678309e-03 8.437125470522096726e-04
3.049079453793918093e-02 6.457719225374226879e-03 1.060423680709459077e-03 8.479311097874706830e-04
3.064324851062887045e-02 5.392216801963185986e-03 1.022869615715172242e-03 8.521707653364079312e-04
3.079646475318201237e-02 5.363849012950529932e-03 9.622542368251815964e-04 8.564316191630898852e-04
3.095044707694791924e-02 4.444765132971904148e-03 8.706611746139776868e-04 8.607137772589052794e-04
3.110519931233265631e-02 5.928079212762392067e-03 1.000627316279148514e-03 8.650173461451996773e-04
3.126072530889431600e-02 5.758505567382983178e-03 1.146971945542297339e-03 8.693424328759255873e-04
3.141702893543878161e-02 5.315541098902602270e-03 9.384352673092937825e-04 8.736891450403050461e-04
3.157411408011597670e-02 5.472358829480014272e-03 9.514348216886187558e-04 8.780575907655066223e-04
3.173198465051654815e-02 5.665196758196465628e-03 9.703347778706142724e-04 8.824478787193339125e-04
3.189064457376912520e-02 6.437867692627306099e-03 1.029559624329200087e-03 8.868601181129304092e-04
3.205009779663797742e-02 5.788297130384966252e-03 9.770853204703765140e-04 8.912944187034952098e-04
3.221034828562116537e-02 6.862854491972879799e-03 1.070352736728653453e-03 8.957508907970127129e-04
3.237140002704926023e-02 6.730909870004572054e-03 1.125981075837325209e-03 9.002296452509974930e-04
3.253325702718450757e-02 6.263284359149387352e-03 1.042489193605520680e-03 9.047307934772525102e-04
3.269592331232042820e-02 7.063209733119512126e-03 1.144317399648738312e-03 9.092544474446387056e-04
3.285940292888202274e-02 7.346367149766372395e-03 1.160008866965329521e-03 9.138007196818616167e-04
3.302369994352642724e-02 7.145147585658243386e-03 1.128198574660699196e-03 9.183697232802707881e-04
3.318881844324406138e-02 5.845033254154521560e-03 1.085717499189054391e-03 9.229615718966721919e-04
3.335476253546027642e-02 7.023615894520581285e-03 1.172654355025872603e-03 9.275763797561553930e-04
3.352153634813757888e-02 6.133401968273348784e-03 1.071409298134287603e-03 9.322142616549362187e-04
3.368914402987825685e-02 5.369934540382778274e-03 1.000514231901768712e-03 9.368753329632105963e-04
3.385758975002764459e-02 9.161648858815063870e-03 1.222227491102358425e-03 9.415597096280266037e-04
3.402687769877778268e-02 9.439219890652142744e-03 1.237330805436867402e-03 9.462675081761667134e-04
3.419701208727166097e-02 7.528737282996025675e-03 1.096243103258824668e-03 9.509988457170472738e-04
3.436799714770802372e-02 8.249014805102991912e-03 1.141894418145494427e-03 9.557538399456326278e-04
3.453983713344655621e-02 8.272264905638022567e-03 1.134221052554689043e-03 9.605326091453606158e-04
3.471253631911378618e-02 9.064365202197098917e-03 1.168064372205003488e-03 9.653352721910872687e-04
3.488609900070935299e-02 8.124607862252606824e-03 1.103506160639333624e-03 9.701619485520426682e-04
3.506052949571289434e-02 9.406225409657301834e-03 1.173506443604442184e-03 9.750127582948027449e-04
3.523583214319145340e-02 7.392907357262311525e-03 1.043491659025054703e-03 9.798878220862766893e-04
3.541201130390740637e-02 8.356187562955297993e-03 1.104660364018603819e-03 9.847872611967079144e-04
3.558907136042693820e-02 6.327580934586612277e-03 9.520629951367578754e-04 9.897111975026911743e-04
3.576701671722907344e-02 5.475117277806191944e-03 8.864482327540387742e-04 9.946597534902046431e-04
3.594585180081521364e-02 7.027203210595794371e-03 1.039045625444656295e-03 9.996330522576556566e-04
3.612558105981928530e-02 6.053795959863471528e-03 9.323185998198203457e-04 1.004631217518943799e-03
3.630620896511838058e-02 5.595292316258088268e-03 8.829908551067235491e-04 1.009654373606538522e-03
3.648774000994396693e-02 5.650261098525113587e-03 8.807310763027835845e-04 1.014702645474571067e-03
3.667017870999368656e-02 5.424273244661188299e-03 9.673449191894127087e-04 1.019776158701943746e-03
3.685352960354364854e-02 5.637910961783175988e-03 9.409695560094573840e-04 1.024875039495453310e-03
3.703779725156136626e-02 7.263709195330758650e-03 9.958994789926859693e-04 1.029999414692930578e-03
3.722298623781916671e-02 4.470084103851732805e-03 7.767599240606097360e-04 1.035149411766395034e-03
3.740910116900825200e-02 3.930037754777841730e-03 7.284957918065012358e-04 1.040325158825226772e-03
3.759614667485329520e-02 4.771393347191404607e-03 7.938856738715772791e-04 1.045526784619352960e-03
3.778412740822754967e-02 3.929415502117834628e-03 7.161950591795074143e-04 1.050754418542449494e-03
3.797304804526868693e-02 4.300991152684379565e-03 7.475088362440961316e-04 1.056008190635161726e-03
3.816291328549503009e-02 4.289783254250538296e-03 7.455797526719413863e-04 1.061288231588337341e-03
3.835372785192249501e-02 3.389911729299110912e-03 6.638163803437919586e-04 1.066594672746278743e-03
3.854549649118210741e-02 4.750914605132969953e-03 8.407601890258439891e-04 1.071927646110010192e-03
3.873822397363801268e-02 4.208627648226669765e-03 7.315872657681577124e-04 1.077287284340560118e-03
3.893191509350620028e-02 3.955607975546148077e-03 7.094836750057923738e-04 1.082673720762262950e-03
3.912657466897372788e-02 3.530790947959077351e-03 6.663684345361189747e-04 1.088087089366074171e-03
3.932220754231859072e-02 2.868629949442512168e-03 5.974119554287591694e-04 1.093527524812904243e-03
3.951881858003018083e-02 2.687003046511794724e-03 5.721634578055302374e-04 1.098995162436968787e-03
3.971641267293032906e-02 1.624529527695452212e-03 4.500324885413016008e-04 1.104490138249153517e-03
3.991499473629497863e-02 2.366491253958027865e-03 5.422842459483813177e-04 1.110012588940399118e-03
4.011456970997644145e-02 2.580517412815654110e-03 5.624936710441545522e-04 1.115562651885100868e-03
4.031514255852632067e-02 1.584503442957555311e-03 4.389881623892505575e-04 1.121140465144526265e-03
4.051671827131894665e-02 2.299077083170033425e-03 5.268794214832688136e-04 1.126746167470248691e-03
4.071930186267554153e-02 2.652672407319782953e-03 5.649680418078787758e-04 1.132379898307599945e-03
4.092289837198891111e-02 2.044023643373584290e-03 4.952369683847082779e-04 1.138041797799137743e-03
4.112751286384885852e-02 2.304666310606483162e-03 5.760446487235696029e-04 1.143732006788133592e-03
4.133315042816809726e-02 1.804530380968872921e-03 4.654598324996157290e-04 1.149450666822074115e-03
4.153981618030892775e-02 2.731145408661452695e-03 5.689114564615573152e-04 1.155197920156184272e-03
4.174751526121046885e-02 2.209675709871307490e-03 5.064257975974674735e-04 1.160973909756964897e-03
4.195625283751651391e-02 1.889656422682145986e-03 4.719401606126565410e-04 1.166778779305749532e-03
4.216603410170409461e-02 1.907057924269777880e-03 5.267223495531538676e-04 1.172612673202278388e-03
4.237686427221261376e-02 2.327780523381730964e-03 5.199686834393730129e-04 1.178475736568289660e-03
4.258874859357367204e-02 2.268043508958090485e-03 5.668635211560968173e-04 1.184368115251131000e-03
4.280169233654153305e-02 2.494288466230776529e-03 5.886319102711665445e-04 1.190289955827386397e-03
4.301570079822424064e-02 2.555212124607983068e-03 5.441844045373445604e-04 1.196241405606523426e-03
4.323077930221535387e-02 2.986062824348763127e-03 5.849371630232383552e-04 1.202222612634555685e-03
4.344693319872642429e-02 2.058021640301057990e-03 4.845187985493428873e-04 1.208233725697728436e-03
4.366416786472004929e-02 2.790198533866546701e-03 6.103838197641264134e-04 1.214274894326216811e-03
4.388248870404365398e-02 2.862478099766437196e-03 6.119600782800320221e-04 1.220346268797848103e-03
4.410190114756386282e-02 3.091859183441611481e-03 5.942924939400992795e-04 1.226448000141837054e-03
4.432241065330168317e-02 2.371766220490008174e-03 5.168789436745765443e-04 1.232580240142546303e-03
4.454402270656818152e-02 2.292452035650292558e-03 5.119315179104857397e-04 1.238743141343258761e-03
4.476674282010102007e-02 2.311855740701453544e-03 6.256317434062612197e-04 1.244936857049974916e-03
4.499057653420152070e-02 2.752381408130407433e-03 5.610531022076875683e-04 1.251161541335224676e-03
4.521552941687251997e-02 3.297464443191423181e-03 6.717646072137411356e-04 1.257417349041900457e-03
4.544160706395687643e-02 3.287029757664950650e-03 6.095208651304621743e-04 1.263704435787109783e-03
4.566881509927665783e-02 2.898152033846470525e-03 5.788028444073642408e-04 1.270022957966045240e-03
4.589715917477303619e-02 2.921194542127656356e-03 5.834141703134939749e-04 1.276373072755875460e-03
4.612664497064689756e-02 3.042568346495451524e-03 6.503804935456788169e-04 1.282754938119654757e-03
4.635727819550012480e-02 2.728979601899396510e-03 5.810287409393964609e-04 1.289168712810252705e-03
4.658906458647761595e-02 2.907949903278923831e-03 6.799175713360106630e-04 1.295614556374303670e-03
4.682200990941000340e-02 4.298151846413960676e-03 8.184001427028283386e-04 1.302092629156175211e-03
4.705611995895704613e-02 3.025316028212219135e-03 5.924878111342031474e-04 1.308603092301955989e-03
4.729140055875183379e-02 1.797134833908030881e-03 5.153903628456850405e-04 1.315146107763465796e-03
4.752785756154558061e-02 2.454112671828576758e-03 5.347782269337460681e-04 1.321721838302282719e-03
4.776549684935330747e-02 2.701815294010241272e-03 6.317069934870026254e-04 1.328330447493794152e-03
4.800432433360006523e-02 2.984705263519883689e-03 6.380690046236362238e-04 1.334972099731262987e-03
4.824434595526806702e-02 2.273254752763621996e-03 5.208609188432490426e-04 1.341646960229919174e-03
4.848556768504440340e-02 2.700109755311270142e-03 5.749446611948143705e-04 1.348355195031068635e-03
4.872799552346961799e-02 2.286719570716291058e-03 6.010492241793664609e-04 1.355096971006223856e-03
4.897163550108696306e-02 1.874212299427953018e-03 4.679931767096422971e-04 1.361872455861254860e-03
4.921649367859239066e-02 2.060300471632839272e-03 4.850504951118670316e-04 1.368681818140561005e-03
4.946257614698534866e-02 1.488533901613361011e-03 4.123856326253243351e-04 1.375525227231263591e-03
4.970988902772026374e-02 1.726256686828231022e-03 4.452215903818917964e-04 1.382402853367419721e-03
4.995843847285886402e-02 2.127230628535009115e-03 5.008658377841286070e-04 1.389314867634256758e-03
5.020823066522315387e-02 1.566042543287517966e-03 4.892389623745409732e-04 1.396261441972427826e-03
5.045927181854926308e-02 1.630092678648972174e-03 4.352194565380739281e-04 1.403242749182289847e-03
5.071156817764200381e-02 1.879681710854592003e-03 4.694979729412794979e-04 1.410258962928201106e-03
5.096512601853020463e-02 1.413488689221794724e-03 4.076876650369209878e-04 1.417310257742841794e-03
5.121995164862284955e-02 9.515036344487554955e-04 3.361176471511364791e-04 1.424396809031556023e-03
5.147605140686596636e-02 1.778287820073638694e-03 5.428106929582738943e-04 1.431518793076713789e-03
5.173343166390028530e-02 9.640005539019260751e-04 4.505197587102221179e-04 1.438676387042097000e-03
5.199209882221978579e-02 9.815208696023276953e-04 4.587077710480184944e-04 1.445869768977307412e-03
5.225205931633088163e-02 6.657784777982108347e-04 3.809600805230682597e-04 1.453099117822193856e-03
5.251331961291252903e-02 6.009306690789946361e-04 4.531601498169011586e-04 1.460364613411304626e-03
5.277588621097707711e-02 1.250536255555342088e-03 3.951827239863935667e-04 1.467666436478360899e-03
