1.450192116059288022e-02 5.646613974425480631e-01 1.257866363485453665e-01 4.032931963829732946e-04
1.457443076639584369e-02 3.269868562662366362e-01 9.822142859168384033e-02 4.053096623648881082e-04
1.464730292022782196e-02 6.480911439097785109e-01 1.346332000864881862e-01 4.073362106767125165e-04
1.472053943482895880e-02 5.321315761940209610e-01 1.216267844413238403e-01 4.093728917300960379e-04
1.479414213200310087e-02 5.332208832126599241e-01 1.159306155337808675e-01 4.114197561887464392e-04
1.486811284266311567e-02 5.738916327668507344e-01 1.219104995525124441e-01 4.134768549696901749e-04
1.494245340687642976e-02 2.550024960872496194e-01 8.034503184409151622e-02 4.155442392445385727e-04
1.501716567391080982e-02 5.504599067725767236e-01 1.143595911974122498e-01 4.176219604407612287e-04
1.509225150228036064e-02 3.972875777899005922e-01 9.600371775782363948e-02 4.197100702429649327e-04
1.516771275979176062e-02 2.507758250441078918e-01 7.533824549318136887e-02 4.218086205941796942e-04
1.524355132359071774e-02 3.526149340260761877e-01 8.783891412351921280e-02 4.239176636971505696e-04
1.531976908020867001e-02 3.564802731319761109e-01 8.880672099617871462e-02 4.260372520156362653e-04
1.539636792560971322e-02 2.694623655214614111e-01 7.751465528049655829e-02 4.281674382757144626e-04
1.547334976523776114e-02 4.065952194448104184e-01 9.295337412425488943e-02 4.303082754670929980e-04
1.555071651406394681e-02 3.092980715318879303e-01 7.956761009703924858e-02 4.324598168444283614e-04
1.562847009663426504e-02 2.991660490045499610e-01 7.698072645966159977e-02 4.346221159286504823e-04
1.570661244711743509e-02 2.229201066637126472e-01 6.698580499472228666e-02 4.367952265082936970e-04
1.578514550935301852e-02 2.574305853402883981e-01 7.115707935465002965e-02 4.389792026408350333e-04
1.586407123689978493e-02 2.187778267348102212e-01 6.574239821569922981e-02 4.411740986540392713e-04
1.594339159308428081e-02 2.258630240688830892e-01 6.498305308958436666e-02 4.433799691473093722e-04
1.602310855104970011e-02 2.777657957024264879e-01 7.148102802605008077e-02 4.455968689930458505e-04
1.610322409380494577e-02 1.802887267646513525e-01 5.682635919481886927e-02 4.478248533380110256e-04
1.618374021427396864e-02 1.585861930694411615e-01 5.269114808611607276e-02 4.500639776047010254e-04
1.626465891534533553e-02 3.307581673744045547e-01 7.563762562775230847e-02 4.523142974927244582e-04
1.634598220992206086e-02 1.172762628216144631e-01 4.418675317909719763e-02 4.545758689801880225e-04
1.642771212097167421e-02 1.634069364392095047e-01 5.151239549619910513e-02 4.568487483250890566e-04
1.650985068157653085e-02 2.248709893697545259e-01 5.991335204895120725e-02 4.591329920667144306e-04
1.659239993498441007e-02 1.083438336840573252e-01 4.082561379968138032e-02 4.614286570270479488e-04
1.667536193465932876e-02 2.252161396361239409e-01 5.797720123587181418e-02 4.637358003121830655e-04
1.675873874433262550e-02 2.427787882387857643e-01 6.051990785932619826e-02 4.660544793137440028e-04
1.684253243805428762e-02 1.008095901844858339e-01 3.799406774502161327e-02 4.683847517103126691e-04
1.692674510024455570e-02 2.232507102488354711e-01 5.565642938371433146e-02 4.707266754688641430e-04
1.701137882574577792e-02 1.346793188976795064e-01 4.247189437025990222e-02 4.730803088462084451e-04
1.709643571987450386e-02 1.053597467768498525e-01 3.714982768394697182e-02 4.754457103904394114e-04
1.718191789847387657e-02 1.089341313018442614e-01 3.841223417477558633e-02 4.778229389423915906e-04
1.726782748796624328e-02 1.711067469155504728e-01 4.733332094362958931e-02 4.802120536371034826e-04
1.735416662540607141e-02 1.020038045880554550e-01 3.597211326976945678e-02 4.826131139052889101e-04
1.744093745853309702e-02 7.392767827532208125e-02 3.010601138202390406e-02 4.850261794748152188e-04
1.752814214582576469e-02 1.024721970525173526e-01 3.614266906284010344e-02 4.874513103721893944e-04
1.761578285655489295e-02 1.031456899400745447e-01 3.430205891739413621e-02 4.898885669240503034e-04
1.770386177083766582e-02 5.771252509229979344e-02 2.575152558328732202e-02 4.923380097586704763e-04
1.779238107969184982e-02 1.152937947700982957e-01 3.637822561641045060e-02 4.947996998074637989e-04
1.788134298509030939e-02 6.634992612048466742e-02 2.702927128106589680e-02 4.972736983065010642e-04
1.797074970001575484e-02 2.192991475165561449e-02 1.547378790020848167e-02 4.997600667980333852e-04
1.806060344851583357e-02 8.632626874384544124e-02 3.045989401017052192e-02 5.022588671320236302e-04
1.815090646575841238e-02 3.274720620543897232e-02 1.886923949828722344e-02 5.047701614676837131e-04
1.824166099808720298e-02 7.134053152924835217e-02 2.691279618187676637e-02 5.072940122750220753e-04
1.833286930307763407e-02 4.005057480040711410e-02 1.998725031941725461e-02 5.098304823363970220e-04
1.842453364959302162e-02 4.857447512109703408e-02 2.168407489149594414e-02 5.123796347480790575e-04
1.851665631784098556e-02 4.836247184417943878e-02 2.159040537592708114e-02 5.149415329218194008e-04
1.860923959943018915e-02 6.641536312282954324e-02 2.505998853545736080e-02 5.175162405864284750e-04
1.870228579742733849e-02 7.520810520520836151e-02 2.654598259999230159e-02 5.201038217893605778e-04
1.879579722641447001e-02 4.438773112751234762e-02 1.981936305118651639e-02 5.227043408983072246e-04
1.888977621254653988e-02 4.392045982527900683e-02 1.961175268251537721e-02 5.253178626027986235e-04
1.898422509360927352e-02 4.426027960485806600e-02 1.976421466407380853e-02 5.279444519158126318e-04
1.907914621907731700e-02 3.416632390563848626e-02 1.705871185178074734e-02 5.305841741753916261e-04
1.917454195017270074e-02 2.508279242805976778e-02 1.446141346638223774e-02 5.332370950462685891e-04
1.927041465992356331e-02 4.228343280837120605e-02 1.888392530541936620e-02 5.359032805214998096e-04
1.936676673322317715e-02 7.407943077830569933e-02 2.466000499496962678e-02 5.385827969241072316e-04
1.946360056688929002e-02 3.118142923152327634e-02 1.557018043223789422e-02 5.412757109087277434e-04
1.956091856972373699e-02 5.553973075954008604e-02 2.096545337349602425e-02 5.439820894632713556e-04
1.965872316257235436e-02 4.656473738260812761e-02 1.898620441309724696e-02 5.467019999105876202e-04
1.975701677838521270e-02 1.142380371804205264e-01 2.945988878295596400e-02 5.494355099101405062e-04
1.985580186227713789e-02 5.139293920200633387e-02 1.940174780925514597e-02 5.521826874596911898e-04
1.995508087158852362e-02 5.205124353401448245e-02 1.965016665296063017e-02 5.549436008969896262e-04
2.005485627594646297e-02 2.765836873504657831e-02 1.381280460777833778e-02 5.577183189014744708e-04
2.015513055732619241e-02 2.863660569285228150e-02 1.430150523305184079e-02 5.605069104959817814e-04
2.025590621011282011e-02 2.728826106791516423e-02 1.362831272188959157e-02 5.633094450484616355e-04
2.035718574116338053e-02 3.467916567425391450e-02 1.549086752557488240e-02 5.661259922737038553e-04
2.045897166986919424e-02 2.725952460310428205e-02 1.361387371240458874e-02 5.689566222350722971e-04
2.056126652821854001e-02 3.248289361249046686e-02 1.450981430151285397e-02 5.718014053462475979e-04
2.066407286085962872e-02 3.155845720633943668e-02 1.409673668944058308e-02 5.746604123729787041e-04
2.076739322516392428e-02 3.759377622086648718e-02 1.532920864700491360e-02 5.775337144348435077e-04
2.087123019128974549e-02 1.852640839940507267e-02 1.068331680326920288e-02 5.804213830070178298e-04
2.097558634224619065e-02 1.850429721462441487e-02 1.067008858042484479e-02 5.833234899220527542e-04
2.108046427395741940e-02 4.795661861363646056e-02 1.693355928760880563e-02 5.862401073716630179e-04
2.118586659532720531e-02 2.348493189789136251e-02 1.172723119621950881e-02 5.891713079085212582e-04
2.129179592830383883e-02 2.293193446117206772e-03 1.222583628856479566e-02 5.921171644480638591e-04
2.139825490794535628e-02 2.258260748381204011e-02 1.127611665652905951e-02 5.950777502703040629e-04
2.150524618248508130e-02 2.816433106374755316e-02 1.257791606411758079e-02 5.980531390216555984e-04
2.161277241339750604e-02 1.103496917937265079e-02 7.791726839129884188e-03 6.010434047167637897e-04
2.172083627546448834e-02 3.244294079986066726e-02 1.870388176403024391e-02 6.040486217403475072e-04
2.182944045684180601e-02 3.186219264358629288e-02 1.298814507315594093e-02 6.070688648490491423e-04
2.193858765912601316e-02 2.582275555894492439e-02 1.153031671120459747e-02 6.101042091732943387e-04
2.204828059742164337e-02 1.999314037545035089e-02 9.980472813108307029e-03 6.131547302191607237e-04
2.215852200040874936e-02 2.971531843220034247e-02 1.211082772578763941e-02 6.162205038702565051e-04
2.226931461041078975e-02 3.470455690829352818e-02 1.309465197260793745e-02 6.193016063896077420e-04
2.238066118346284175e-02 3.331643121628619086e-02 1.257049548401796904e-02 6.223981144215556989e-04
2.249256448938015407e-02 2.856752610443255916e-02 1.164167325307454738e-02 6.255101049936634145e-04
2.260502731182705005e-02 1.845059629553270561e-02 9.208029316314810669e-03 6.286376555186315961e-04
2.271805244838618482e-02 1.366600822507381234e-02 1.363828504320055944e-02 6.317808437962247042e-04
2.283164271062811460e-02 4.262144385266319890e-02 1.666366979294053169e-02 6.349397480152058201e-04
2.294580092418125120e-02 3.987098213870387403e-02 1.326357343322913732e-02 6.381144467552817045e-04
2.306052992880215646e-02 3.089895359007418726e-02 1.165442697184877578e-02 6.413050189890581558e-04
2.317583257844616634e-02 3.873184228078084546e-02 1.288302088040144643e-02 6.445115440840033924e-04
2.329171174133839312e-02 1.691465271107339685e-02 8.439106385057138990e-03 6.477341018044233600e-04
2.340817030004507804e-02 8.301468168357492225e-03 5.857077764937587694e-03 6.509727723134452800e-04
2.352521115154530135e-02 4.137632214733469316e-02 1.305472098544629457e-02 6.542276361750123644e-04
2.364283720730302879e-02 3.622326346362301358e-02 1.204696239490589231e-02 6.574987743558875298e-04
2.376105139333953981e-02 2.820826587025926716e-02 1.063697856850084715e-02 6.607862682276667609e-04
2.387985665030623386e-02 2.708824068283178371e-02 1.021397320705250827e-02 6.640901995688050508e-04
2.399925593355776293e-02 5.883649739004710721e-02 1.515444665058379541e-02 6.674106505666489546e-04
2.411925221322554908e-02 4.631483371993406345e-02 1.333720677821167988e-02 6.707477038194821538e-04
2.423984847429167672e-02 3.373818407223327931e-02 1.121846268665502820e-02 6.741014423385795857e-04
2.436104771666313187e-02 2.649595090502953471e-02 9.989849169204862225e-03 6.774719495502724148e-04
2.448285295524644731e-02 2.607733965508984147e-02 9.832207081294832771e-03 6.808593092980237379e-04
2.460526722002267380e-02 1.511535767948331450e-02 7.539735938559869247e-03 6.842636058445137216e-04
2.472829355612278512e-02 1.585821181076939659e-02 7.911367160147507113e-03 6.876849238737362327e-04
2.485193502390339870e-02 3.482346985833417730e-02 1.157961577758410271e-02 6.911233484931049009e-04
2.497619469902290917e-02 2.041949589365717535e-02 8.315507542622859599e-03 6.945789652355702400e-04
2.510107567251802091e-02 4.640432659286770900e-02 1.236992270345087762e-02 6.980518600617480456e-04
2.522658105088061015e-02 1.329208231195006494e-02 1.048086653978955347e-02 7.015421193620566829e-04
2.535271395613501039e-02 6.608599364040793761e-03 4.660796428920546686e-03 7.050498299588669505e-04
2.547947752591567944e-02 2.845680625161590288e-02 9.461015094102669803e-03 7.085750791086610533e-04
2.560687491354525849e-02 1.889793542861578288e-02 7.695416732295288706e-03 7.121179545042043667e-04
2.573490928811298165e-02 2.178719630418084544e-02 8.213939576147487320e-03 7.156785442767253343e-04
2.586358383455354334e-02 1.525236284288279676e-02 6.804022251316890757e-03 7.192569369981089171e-04
2.599290175372630934e-02 1.813445984130473282e-02 7.385202909793170921e-03 7.228532216830993668e-04
2.612286626249493704e-02 2.412013229747593523e-02 8.506917334396622496e-03 7.264674877915148175e-04
2.625348059380740867e-02 1.478395712735085243e-02 6.595534875489197750e-03 7.300998252304722854e-04
2.638474799677644617e-02 1.459830422234990877e-02 6.512884947707252986e-03 7.337503243566245942e-04
2.651667173676032496e-02 1.482778681054710591e-02 6.615384783281827615e-03 7.374190759784077101e-04
2.664925509544412152e-02 2.075821199185239052e-02 7.828303885318230182e-03 7.411061713582995682e-04
2.678250137092134248e-02 1.181663927645422961e-02 5.895961522477116169e-03 7.448117022150910422e-04
2.691641387777594235e-02 2.248435556546215033e-02 8.481147814936786100e-03 7.485357607261663472e-04
2.705099594716482009e-02 1.531099693776091439e-02 6.833918217786273848e-03 7.522784395297971030e-04
2.718625092690064166e-02 1.634320655298248520e-02 6.658282455418623562e-03 7.560398317274460468e-04
2.732218218153514150e-02 1.074184934268374546e-02 5.359499881637551366e-03 7.598200308860832142e-04
2.745879309244281599e-02 1.043800422079443208e-02 5.208478896598571321e-03 7.636191310405135045e-04
2.759608705790502631e-02 1.042948994515422584e-02 5.204437812653394356e-03 7.674372266957160639e-04
2.773406749319454884e-02 0.000000000000000000e+00 0.000000000000000000e+00 7.712744128291945103e-04
2.787273783066051419e-02 1.502567403508271032e-02 6.122720059173920003e-03 7.751307848933402774e-04
2.801210151981381458e-02 1.538308444473718284e-02 6.268576435352812490e-03 7.790064388178069088e-04
2.815216202741288587e-02 5.032975708822056034e-03 3.552697838918477281e-03 7.829014710118960621e-04
2.829292283754994419e-02 1.273141250613133400e-02 5.684582038259349338e-03 7.868159783669553299e-04
2.843438745173769086e-02 1.777427241074007111e-02 6.707557349354844808e-03 7.907500582587900480e-04
2.857655938899637815e-02 1.249280774097538509e-02 5.578478103924804088e-03 7.947038085500839934e-04
2.871944218594135734e-02 2.458147311691900091e-03 2.454622822931301716e-03 7.986773275928342854e-04
2.886303939687106038e-02 0.000000000000000000e+00 0.000000000000000000e+00 8.026707142307983218e-04
2.900735459385541531e-02 7.303441815440040071e-03 4.210877427020044347e-03 8.066840678019523156e-04
2.915239136682468840e-02 4.810482334313309280e-03 3.396985368118183007e-03 8.107174881409619747e-04
2.929815332365880848e-02 4.746507160948954321e-03 3.351957706438591679e-03 8.147710755816667347e-04
2.944464409027709728e-02 0.000000000000000000e+00 0.000000000000000000e+00 8.188449309595749416e-04
2.959186731072847854e-02 4.700471239298837159e-03 3.319674159098648207e-03 8.229391556143726954e-04
2.973982664728212072e-02 4.616916812737508792e-03 3.260664443340623251e-03 8.270538513924445122e-04
2.988852578051852740e-02 6.979005757299787047e-03 4.024507139467370896e-03 8.311891206494066708e-04
3.003796840942111676e-02 6.934829529847060317e-03 3.999101159992040147e-03 8.353450662526535698e-04
3.018815825146821744e-02 1.131077226190244089e-02 5.052535738041124234e-03 8.395217915839166614e-04
3.033909904272555358e-02 6.795054736307992900e-03 3.918621414890470674e-03 8.437194005418361797e-04
3.049079453793918093e-02 4.555549288723542353e-03 3.217560540526275166e-03 8.479379975445453356e-04
3.064324851062887045e-02 6.722435544491622492e-03 3.876749307971345988e-03 8.521776875322678493e-04
3.079646475318201237e-02 4.519269101381025340e-03 3.191833538136585463e-03 8.564385759699291419e-04
3.095044707694791924e-02 6.695289173684054219e-03 3.860963903135676296e-03 8.607207688497786960e-04
3.110519931233265631e-02 0.000000000000000000e+00 0.000000000000000000e+00 8.650243726940274854e-04
3.126072530889431600e-02 4.425252771479802096e-03 3.124396084527022305e-03 8.693494945574975485e-04
3.141702893543878161e-02 8.679652261395455135e-03 4.334447720793314744e-03 8.736962420302848975e-04
3.157411408011597670e-02 4.329423271188841127e-03 3.057570556684308365e-03 8.780647232404363046e-04
3.173198465051654815e-02 1.087791502665228470e-02 4.858545169987526363e-03 8.824550468566382325e-04
3.189064457376912520e-02 0.000000000000000000e+00 0.000000000000000000e+00 8.868673220909212675e-04
3.205009779663797742e-02 8.636929347056796283e-03 4.312658388794918599e-03 8.913016587013760468e-04
3.221034828562116537e-02 4.365407623527205530e-03 3.082637414224449930e-03 8.957581669948829536e-04
3.237140002704926023e-02 4.460816526909609087e-03 3.149988421908283317e-03 9.002369578298569921e-04
3.253325702718450757e-02 -4.540573330911831795e-03 4.534404796650938485e-03 9.047381426190063232e-04
3.269592331232042820e-02 1.215177123855195815e-02 5.427386750778465628e-03 9.092618333321013163e-04
3.285940292888202274e-02 0.000000000000000000e+00 0.000000000000000000e+00 9.138081424987616001e-04
3.302369994352642724e-02 0.000000000000000000e+00 0.000000000000000000e+00 9.183771832112552552e-04
3.318881844324406138e-02 4.488214956498007453e-03 3.169077837382048863e-03 9.229690691273115602e-04
3.335476253546027642e-02 6.697880169510506999e-03 3.861187872209875804e-03 9.275839144729480486e-04
3.352153634813757888e-02 6.607530002847764906e-03 3.808822240105677864e-03 9.322218340453127449e-04
3.368914402987825685e-02 4.329061452714008142e-03 3.056151945777807639e-03 9.368829432155390859e-04
3.385758975002764459e-02 1.920603413190490050e-02 6.391272993493016946e-03 9.415673579316166707e-04
3.402687769877778268e-02 0.000000000000000000e+00 0.000000000000000000e+00 9.462751947212746971e-04
3.419701208727166097e-02 1.044075795927131706e-02 4.661093617315550074e-03 9.510065706948807925e-04
3.436799714770802372e-02 8.285472800329691731e-03 4.135355304991185366e-03 9.557616035483553494e-04
3.453983713344655621e-02 8.149941611128084726e-03 4.067566225354129344e-03 9.605404115660969196e-04
3.471253631911378618e-02 7.899054608089702695e-03 3.942304074202694110e-03 9.653431136239273413e-04
3.488609900070935299e-02 3.928094074466802546e-03 2.772358678911146426e-03 9.701698291920469487e-04
3.506052949571289434e-02 7.678552748278602222e-03 3.831858387716384658e-03 9.750206783380070208e-04
3.523583214319145340e-02 3.857019929125621218e-03 2.722042465398909553e-03 9.798957817296969752e-04
3.541201130390740637e-02 3.827860321998930761e-03 2.701463445729887763e-03 9.847952606383452226e-04
3.558907136042693820e-02 5.624164435420447167e-03 3.240808020966028363e-03 9.897192369415367189e-04
3.576701671722907344e-02 3.768673376168506662e-03 2.659654643003104332e-03 9.946678331262445022e-04
3.594585180081521364e-02 5.569970210136630795e-03 3.209618789665177017e-03 9.996411722918755426e-04
3.612558105981928530e-02 5.638759538522930374e-03 3.249257694970860560e-03 1.004639378153334914e-03
3.630620896511838058e-02 0.000000000000000000e+00 0.000000000000000000e+00 1.009662575044101458e-03
3.648774000994396693e-02 7.207099482655467473e-03 3.596642304906734998e-03 1.014710887919321883e-03
3.667017870999368656e-02 5.393895692038351217e-03 3.108258727633255326e-03 1.019784442358918517e-03
3.685352960354364854e-02 3.590113289138399666e-03 2.533876469918829553e-03 1.024883364570712899e-03
3.703779725156136626e-02 3.576679088752420053e-03 2.524498748547738137e-03 1.030007781393566489e-03
3.722298623781916671e-02 5.299216166022485512e-03 3.054070729934004174e-03 1.035157820300533970e-03
3.740910116900825200e-02 7.078917037568753338e-03 5.586437104207601402e-03 1.040333609402036485e-03
3.759614667485329520e-02 3.462584404083309236e-03 2.444271035659960258e-03 1.045535277449046591e-03
3.778412740822754967e-02 3.421105423299742286e-03 2.414990631300571386e-03 1.050762953836291641e-03
3.797304804526868693e-02 3.402620441916796423e-03 2.402228037779376157e-03 1.056016768605473003e-03
3.816291328549503009e-02 0.000000000000000000e+00 0.000000000000000000e+00 1.061296852448500444e-03
3.835372785192249501e-02 6.809932163511164989e-03 3.399788138600453539e-03 1.066603336710742573e-03
3.854549649118210741e-02 0.000000000000000000e+00 0.000000000000000000e+00 1.071936353394296361e-03
3.873822397363801268e-02 0.000000000000000000e+00 0.000000000000000000e+00 1.077296035161267717e-03
3.893191509350620028e-02 3.335814131385197306e-03 2.355574548948132646e-03 1.082682515337073971e-03
3.912657466897372788e-02 3.290554133004924137e-03 2.323614344866777384e-03 1.088095927913759146e-03
3.932220754231859072e-02 3.255028243298600972e-03 2.298809909413316536e-03 1.093536407553327879e-03
3.951881858003018083e-02 0.000000000000000000e+00 0.000000000000000000e+00 1.099004089591094305e-03
3.971641267293032906e-02 6.525736023438464574e-03 3.259038510557610204e-03 1.104499110039049809e-03
3.991499473629497863e-02 3.251688671474762919e-03 2.296639569000671292e-03 1.110021605589245081e-03
4.011456970997644145e-02 0.000000000000000000e+00 0.000000000000000000e+00 1.115571713617190827e-03
4.031514255852632067e-02 4.771821799890359553e-03 2.752040918905852319e-03 1.121149572185276694e-03
4.051671827131894665e-02 1.579523793535792409e-03 1.577820046737484069e-03 1.126755320046202982e-03
4.071930186267554153e-02 3.148559900680027949e-03 2.224070568311689675e-03 1.132389096646434050e-03
4.092289837198891111e-02 1.568626016640347134e-03 1.567007281217721888e-03 1.138051042129666025e-03
4.112751286384885852e-02 -3.102655064383294439e-03 3.099539211348214651e-03 1.143741297340314248e-03
4.133315042816809726e-02 4.714172644849285929e-03 2.718995540176871641e-03 1.149460003827015679e-03
4.153981618030892775e-02 1.549532859959073736e-03 1.547976735747800744e-03 1.155207303846150606e-03
4.174751526121046885e-02 1.518987481586112423e-03 1.517463567196102514e-03 1.160983340365381259e-03
4.195625283751651391e-02 3.082536004382537605e-03 2.177495360367032434e-03 1.166788257067207998e-03
4.216603410170409461e-02 4.553644190274297975e-03 2.626325919704929502e-03 1.172622198352543926e-03
4.237686427221261376e-02 3.040340888997606749e-03 2.147619984431113800e-03 1.178485309344306630e-03
4.258874859357367204e-02 0.000000000000000000e+00 0.000000000000000000e+00 1.184377735891027931e-03
4.280169233654153305e-02 6.082083806410379725e-03 3.037755915980815125e-03 1.190299624570482920e-03
4.301570079822424064e-02 4.549721973612820200e-03 2.623944844277004227e-03 1.196251122693335264e-03
4.323077930221535387e-02 2.999283780200949576e-03 2.118358730424211439e-03 1.202232378306801810e-03
4.344693319872642429e-02 4.478400197240022494e-03 2.582612322536615226e-03 1.208243540198335620e-03
4.366416786472004929e-02 2.983687481896608179e-03 2.107259479741112936e-03 1.214284757899327001e-03
4.388248870404365398e-02 1.471145114081102078e-03 1.469325219386801535e-03 1.220356181688823840e-03
4.410190114756386282e-02 4.483797005730645428e-03 2.585519005598702156e-03 1.226457962597267762e-03
4.432241065330168317e-02 0.000000000000000000e+00 0.000000000000000000e+00 1.232590252410254144e-03
4.454402270656818152e-02 4.491579932832241891e-03 2.589793357702336023e-03 1.238753203672305139e-03
4.476674282010102007e-02 1.035557534092995495e-02 3.908842374674590010e-03 1.244946969690666552e-03
4.499057653420152070e-02 4.492131024985890862e-03 2.589958226940595066e-03 1.251171704539119677e-03
4.521552941687251997e-02 1.484235310405771597e-03 1.482189495092299915e-03 1.257427563061815036e-03
4.544160706395687643e-02 1.479742720306595222e-03 1.477630023837275212e-03 1.263714700877124116e-03
4.566881509927665783e-02 6.048674543066388277e-03 3.020019288338191520e-03 1.270033274381509539e-03
4.589715917477303619e-02 3.054018253026979501e-03 2.156506193487053077e-03 1.276383440753416912e-03
4.612664497064689756e-02 1.563922776142867782e-03 1.561794787315573443e-03 1.282765357957184023e-03
4.635727819550012480e-02 3.238352612269603404e-03 2.286745338449589285e-03 1.289179184746969565e-03
4.658906458647761595e-02 1.012267969975004474e-07 4.036499237525783580e-03 1.295625080670704176e-03
4.682200990941000340e-02 0.000000000000000000e+00 0.000000000000000000e+00 1.302103206074057759e-03
4.705611995895704613e-02 0.000000000000000000e+00 0.000000000000000000e+00 1.308613722104427822e-03
4.729140055875183379e-02 4.568113077960462252e-03 2.633692599455831739e-03 1.315156790714949947e-03
4.752785756154558061e-02 1.526256752536986642e-03 1.524110528535957149e-03 1.321732574668524514e-03
4.776549684935330747e-02 1.532825460518256805e-03 1.530669999594689700e-03 1.328341237541867063e-03
4.800432433360006523e-02 6.140918925601875945e-03 3.066576704468751673e-03 1.334982943729576222e-03
4.824434595526806702e-02 0.000000000000000000e+00 0.000000000000000000e+00 1.341657858448223970e-03
4.848556768504440340e-02 0.000000000000000000e+00 0.000000000000000000e+00 1.348366147740464975e-03
4.872799552346961799e-02 4.716714992466005535e-03 2.719942576441172939e-03 1.355107978479167192e-03
4.897163550108696306e-02 1.531752950805984450e-03 1.529922576176054316e-03 1.361883518371562836e-03
4.921649367859239066e-02 2.981772916649347727e-03 2.105999029371891963e-03 1.368692935963420612e-03
4.946257614698534866e-02 2.990805051390869451e-03 2.112465276256339421e-03 1.375536400643237456e-03
4.970988902772026374e-02 1.505210479164088714e-03 1.503535561309118397e-03 1.382414082646453478e-03
4.995843847285886402e-02 3.079218766405241239e-03 2.175022694554145947e-03 1.389326153059685558e-03
5.020823066522315387e-02 3.052957412200555613e-03 2.156580979751357256e-03 1.396272783824983920e-03
5.045927181854926308e-02 3.039710673056918080e-03 2.147223605288432410e-03 1.403254147744108660e-03
5.071156817764200381e-02 0.000000000000000000e+00 0.000000000000000000e+00 1.410270418482829045e-03
5.096512601853020463e-02 0.000000000000000000e+00 0.000000000000000000e+00 1.417321770575242969e-03
5.121995164862284955e-02 1.551321992080112759e-03 1.549986106821963109e-03 1.424408379428118970e-03
5.147605140686596636e-02 1.548398838070079789e-03 1.547196110541506535e-03 1.431530421325259705e-03
5.173343166390028530e-02 0.000000000000000000e+00 0.000000000000000000e+00 1.438688073431885605e-03
5.199209882221978579e-02 1.604147975873172413e-03 1.602901944921924018e-03 1.445881513799044966e-03
5.225205931633088163e-02 0.000000000000000000e+00 0.000000000000000000e+00 1.453110921368040102e-03
5.251331961291252903e-02 0.000000000000000000e+00 0.000000000000000000e+00 1.460376475974880161e-03
5.277588621097707711e-02 1.635233888828356878e-03 1.634110953886930631e-03 1.467678358354754112e-03
