1.442977229909739312e-02 5.159905910551075836e-01 3.496124212808809223e-02 4.012802433592995701e-04
1.450192116059288022e-02 4.757221920208354882e-01 3.203271932804260813e-02 4.032866445760960989e-04
1.457443076639584369e-02 5.360004835668927825e-01 3.477033996909170699e-02 4.053030777989765493e-04
1.464730292022782196e-02 4.483978160319218587e-01 3.098124084613826032e-02 4.073295931879714017e-04
1.472053943482895880e-02 5.051174938421281180e-01 3.332546612493021698e-02 4.093662411539111682e-04
1.479414213200310087e-02 4.838672933461878878e-01 3.049604154935579500e-02 4.114130723596806519e-04
1.486811284266311567e-02 4.683231274142566347e-01 3.051015534726791642e-02 4.134701377214790611e-04
1.494245340687642976e-02 5.077891048990568201e-01 3.160903649021384876e-02 4.155374884100864114e-04
1.501716567391080982e-02 4.154971760620679300e-01 2.748064494445056488e-02 4.176151758521367587e-04
1.509225150228036064e-02 3.789759471429909876e-01 2.622712102707661086e-02 4.197032517313973947e-04
1.516771275979176062e-02 3.427589303383801744e-01 2.513227516635503991e-02 4.218017679900543321e-04
1.524355132359071774e-02 3.867007932662130387e-01 2.567281007798583037e-02 4.239107768300045100e-04
1.531976908020867001e-02 3.649483452698197850e-01 2.486222085226796191e-02 4.260303307141545060e-04
1.539636792560971322e-02 3.875449247208043735e-01 2.574903354883616852e-02 4.281604823677252650e-04
1.547334976523776114e-02 3.362488230642395326e-01 2.340471927695907117e-02 4.303012847795638753e-04
1.555071651406394681e-02 2.892237391226111232e-01 2.130304519018498197e-02 4.324527912034616334e-04
1.562847009663426504e-02 3.271282451802077218e-01 2.228734264259115902e-02 4.346150551594788847e-04
1.570661244711743509e-02 3.105362648004179049e-01 2.241120425457166290e-02 4.367881304352762609e-04
1.578514550935301852e-02 2.856328610219269204e-01 2.076294611151765362e-02 4.389720710874525319e-04
1.586407123689978493e-02 3.264994284060858121e-01 2.219402816450194091e-02 4.411669314428898290e-04
1.594339159308428081e-02 2.634320271743514352e-01 1.985709226019341869e-02 4.433727661001041816e-04
1.602310855104970011e-02 2.765736942432625578e-01 1.979227304305553742e-02 4.455896299306046733e-04
1.610322409380494577e-02 2.353323094118368319e-01 1.793833505836027811e-02 4.478175780802575844e-04
1.618374021427396864e-02 2.562909375798119727e-01 1.853416497384560713e-02 4.500566659706588301e-04
1.626465891534533553e-02 2.122454424253862049e-01 1.677879802561695402e-02 4.523069493005120348e-04
1.634598220992206086e-02 2.226047401143638749e-01 1.687149516833846494e-02 4.545684840470145768e-04
1.642771212097167421e-02 2.175556154134223319e-01 1.699941302067207310e-02 4.568413264672497578e-04
1.650985068157653085e-02 1.832215533737187874e-01 1.496401546887399236e-02 4.591255330995859117e-04
1.659239993498441007e-02 1.853992405418362355e-01 1.479908661981990323e-02 4.614211607650837532e-04
1.667536193465932876e-02 1.824196897998758560e-01 1.442402139816605089e-02 4.637282665689090931e-04
1.675873874433262550e-02 1.652761545788895836e-01 1.383009726189258180e-02 4.660469079017536312e-04
1.684253243805428762e-02 1.485742926595870761e-01 1.275111722113478688e-02 4.683771424412623628e-04
1.692674510024455570e-02 1.614550192580109234e-01 1.310240991616780371e-02 4.707190281534686283e-04
1.701137882574577792e-02 1.798057145136421064e-01 1.359368752305581754e-02 4.730726232942359397e-04
1.709643571987450386e-02 1.331014909917692945e-01 1.155387459345118273e-02 4.754379864107070169e-04
1.718191789847387657e-02 1.511607755680217657e-01 1.277693927363023410e-02 4.778151763427605759e-04
1.726782748796624328e-02 1.272421472612293436e-01 1.130634784375664399e-02 4.802042522244742966e-04
1.735416662540607141e-02 1.063171932275980003e-01 1.015781723344890385e-02 4.826052734855965738e-04
1.744093745853309702e-02 9.852806984257944656e-02 1.007629543478280078e-02 4.850182998530244466e-04
1.752814214582576469e-02 1.273890338128565447e-01 1.114611324220398346e-02 4.874433913522896065e-04
1.761578285655489295e-02 1.100535305793734764e-01 9.820668080926046525e-03 4.898806083090510724e-04
1.770386177083766582e-02 1.089788669688014633e-01 9.951832133691353860e-03 4.923300113505962687e-04
1.779238107969184982e-02 1.132627662726136686e-01 1.013376601436537239e-02 4.947916614073490961e-04
1.788134298509030939e-02 9.924398819483239154e-02 9.155443519536253516e-03 4.972656197143859175e-04
1.797074970001575484e-02 7.466318718128557574e-02 8.159672539362545704e-03 4.997519478129576692e-04
1.806060344851583357e-02 8.675848153987095190e-02 8.449710327685695452e-03 5.022507075520223812e-04
1.815090646575841238e-02 8.958679227456435579e-02 8.643677863569738939e-03 5.047619610897825749e-04
1.824166099808720298e-02 7.132835475135779202e-02 7.614122786071207336e-03 5.072857708952314450e-04
1.833286930307763407e-02 8.200282220057882043e-02 7.912750215645280791e-03 5.098221997497073875e-04
1.842453364959302162e-02 6.029304378012506627e-02 6.687157791485551575e-03 5.123713107484559022e-04
1.851665631784098556e-02 6.449499983084149013e-02 6.902524877259333044e-03 5.149331673021982159e-04
1.860923959943018915e-02 5.597539167202311705e-02 6.368166924537204364e-03 5.175078331387091219e-04
1.870228579742733849e-02 6.253277615211821905e-02 6.693132452067604779e-03 5.200953723044026257e-04
1.879579722641447001e-02 5.303850122905066217e-02 5.995933700855498802e-03 5.226958491659245299e-04
1.888977621254653988e-02 4.781099001187017611e-02 5.665441484410733107e-03 5.253093284117540170e-04
1.898422509360927352e-02 4.714894982743500496e-02 5.818186240340416336e-03 5.279358750538128229e-04
1.907914621907731700e-02 4.509480708385302933e-02 5.420932611081543707e-03 5.305755544290818903e-04
1.917454195017270074e-02 4.233660154125902519e-02 5.203976101476025413e-03 5.332284322012271300e-04
1.927041465992356331e-02 4.006205630470344864e-02 5.080930601750643233e-03 5.358945743622333139e-04
1.936676673322317715e-02 4.483431290530209834e-02 5.313725186836442196e-03 5.385740472340443639e-04
1.946360056688929002e-02 4.837659795363790510e-02 5.368098525610716376e-03 5.412669174702144839e-04
1.956091856972373699e-02 3.216825793562445163e-02 4.656164836583729337e-03 5.439732520575655790e-04
1.965872316257235436e-02 2.851170769047970538e-02 4.110168855286899445e-03 5.466931183178533500e-04
1.975701677838521270e-02 3.912246179128324453e-02 4.773700246861261980e-03 5.494265839094424932e-04
1.985580186227713789e-02 2.530041018038084802e-02 3.767068376521914060e-03 5.521737168289897078e-04
1.995508087158852362e-02 2.870575289455646120e-02 4.427051522650627194e-03 5.549345854131346178e-04
2.005485627594646297e-02 2.912296181157184374e-02 3.922292000902822921e-03 5.577092583402002346e-04
2.015513055732619241e-02 2.690700157810851575e-02 3.839356596406425046e-03 5.604978046319011170e-04
2.025590621011282011e-02 3.343523230992827278e-02 4.174555401226140786e-03 5.633002936550605315e-04
2.035718574116338053e-02 2.869412953462045779e-02 3.900215813045362218e-03 5.661167951233357426e-04
2.045897166986919424e-02 2.765325438789113105e-02 3.794041194621431117e-03 5.689473790989524110e-04
2.056126652821854001e-02 2.490152500291251819e-02 3.517495661727131247e-03 5.717921159944471237e-04
2.066407286085962872e-02 2.627816231400990216e-02 3.692178129085839193e-03 5.746510765744192476e-04
2.076739322516392428e-02 2.756619995440699050e-02 3.763511212688496789e-03 5.775243319572912403e-04
2.087123019128974549e-02 2.459538527920464290e-02 3.406628097806385039e-03 5.804119536170777426e-04
2.097558634224619065e-02 2.332022295115599927e-02 3.450502225981860651e-03 5.833140133851630197e-04
2.108046427395741940e-02 2.021872445927507325e-02 3.044195495161743613e-03 5.862305834520888104e-04
2.118586659532720531e-02 2.561416966664698328e-02 3.388264703906883508e-03 5.891617363693492241e-04
2.129179592830383883e-02 2.772066101863873006e-02 3.487843358732084422e-03 5.921075450511959371e-04
2.139825490794535628e-02 2.374518465404085524e-02 3.197441058454827869e-03 5.950680827764518463e-04
2.150524618248508130e-02 2.308195301565970151e-02 3.274810085597067155e-03 5.980434231903340465e-04
2.161277241339750604e-02 2.364093348730489028e-02 3.319328309605905445e-03 6.010336403062856983e-04
2.172083627546448834e-02 2.936153583271094297e-02 3.479452390627696488e-03 6.040388085078170037e-04
2.182944045684180601e-02 2.609443633846121602e-02 3.256876177892527660e-03 6.070590025503559391e-04
2.193858765912601316e-02 2.328795931796988350e-02 3.027133960837728819e-03 6.100942975631076619e-04
2.204828059742164337e-02 2.452220807104409442e-02 3.060341187541682981e-03 6.131447690509232414e-04
2.215852200040874936e-02 2.582862955030324273e-02 3.261970223278326704e-03 6.162104928961777139e-04
2.226931461041078975e-02 2.708765046699884368e-02 3.292108273901988950e-03 6.192915453606585461e-04
2.238066118346284175e-02 2.371151689195899123e-02 2.935898377810930698e-03 6.223880030874617960e-04
2.249256448938015407e-02 2.771213890172108049e-02 3.173085804184038339e-03 6.254999431028990080e-04
2.260502731182705005e-02 2.678083185614842793e-02 3.234379014994906258e-03 6.286274428184134315e-04
2.271805244838618482e-02 2.650700405365686088e-02 3.034752806007218369e-03 6.317705800325054558e-04
2.283164271062811460e-02 2.324814287801447305e-02 2.834627862631858026e-03 6.349294329326679110e-04
2.294580092418125120e-02 2.753719823575223949e-02 3.164626890412406378e-03 6.381040800973312348e-04
2.306052992880215646e-02 2.025091595719275689e-02 2.608947375362350059e-03 6.412946004978178557e-04
2.317583257844616634e-02 2.768029470193014360e-02 3.013766191151178407e-03 6.445010735003068756e-04
2.329171174133839312e-02 2.916791264517298518e-02 3.067897480125137116e-03 6.477235788678082935e-04
2.340817030004507804e-02 2.493233132075445627e-02 2.883187352169420525e-03 6.509621967621472037e-04
2.352521115154530135e-02 2.725920785645866845e-02 2.932784340715936713e-03 6.542170077459578612e-04
2.364283720730302879e-02 2.712975393064557747e-02 2.885420633797874512e-03 6.574880927846876114e-04
2.376105139333953981e-02 2.600093320098830624e-02 2.830325823430656414e-03 6.607755332486110137e-04
2.387985665030623386e-02 2.879973508770775417e-02 2.972719460662090474e-03 6.640794109148539376e-04
2.399925593355776293e-02 2.826688419162799379e-02 2.908406719265221266e-03 6.673998079694281769e-04
2.411925221322554908e-02 3.132846685710929946e-02 3.035441131679794072e-03 6.707368070092751709e-04
2.423984847429167672e-02 2.366856321765808957e-02 2.665852157370569506e-03 6.740904910443215430e-04
2.436104771666313187e-02 2.666301372173534440e-02 2.772961656462151134e-03 6.774609434995430965e-04
2.448285295524644731e-02 2.169375572642666047e-02 2.482384064103348737e-03 6.808482482170408450e-04
2.460526722002267380e-02 2.141382131488236973e-02 2.483356788687716196e-03 6.842524894581258248e-04
2.472829355612278512e-02 2.383564938000951039e-02 2.756279064369585117e-03 6.876737519054163753e-04
2.485193502390339870e-02 2.631692078813393718e-02 2.782788267178453422e-03 6.911121206649434431e-04
2.497619469902290917e-02 2.099291068673918292e-02 2.395000945600335874e-03 6.945676812682680286e-04
2.510107567251802091e-02 2.386763288251678855e-02 2.455376049593178955e-03 6.980405196746092581e-04
2.522658105088061015e-02 2.392862050853769920e-02 2.461582934108365664e-03 7.015307222729823223e-04
2.535271395613501039e-02 2.201710016734364020e-02 2.354316660711338466e-03 7.050383758843471477e-04
2.547947752591567944e-02 1.983598754643532344e-02 2.184840735392982580e-03 7.085635677637686699e-04
2.560687491354525849e-02 1.833394512848756860e-02 2.178912586247011302e-03 7.121063856025876227e-04
2.573490928811298165e-02 2.052941555686088604e-02 2.208155955207247775e-03 7.156669175306004356e-04
2.586358383455354334e-02 2.334605129956226349e-02 2.328772659840121564e-03 7.192452521182533332e-04
2.599290175372630934e-02 1.782967446675069387e-02 2.026883064997427302e-03 7.228414783788445668e-04
2.612286626249493704e-02 1.973415294930611769e-02 2.181498971290636059e-03 7.264556857707386807e-04
2.625348059380740867e-02 1.608788255892542110e-02 1.904645167891447005e-03 7.300879641995922705e-04
2.638474799677644617e-02 1.633502696548308486e-02 1.907307177506790746e-03 7.337384040205902590e-04
2.651667173676032496e-02 2.043868788285893232e-02 2.149358590914999742e-03 7.374070960406931214e-04
2.664925509544412152e-02 1.859443160883902935e-02 2.048815152337648410e-03 7.410941315208964715e-04
2.678250137092134248e-02 1.607564718908540552e-02 1.903799840071468408e-03 7.447996021785009474e-04
2.691641387777594235e-02 1.425006611656601599e-02 1.867326726886950252e-03 7.485236001893932640e-04
2.705099594716482009e-02 1.338325889094451986e-02 1.769195370432853328e-03 7.522662181903401685e-04
2.718625092690064166e-02 1.982445020892031201e-02 2.029742882993706109e-03 7.560275492812918276e-04
2.732218218153514150e-02 1.399233348934403667e-02 1.693210381744983612e-03 7.598076870276981171e-04
2.745879309244281599e-02 1.418371049884526586e-02 1.679902771174578450e-03 7.636067254628366207e-04
2.759608705790502631e-02 1.379266265308786051e-02 1.657152923300044553e-03 7.674247590901507121e-04
2.773406749319454884e-02 1.194876131037953503e-02 1.539590937893632085e-03 7.712618828856014066e-04
2.787273783066051419e-02 1.131816879596326403e-02 1.470744688509941726e-03 7.751181923000291865e-04
2.801210151981381458e-02 1.140219453162658741e-02 1.494421082699488217e-03 7.789937832615292717e-04
2.815216202741288587e-02 1.029025850703656729e-02 1.459465632579726516e-03 7.828887521778369728e-04
2.829292283754994419e-02 1.266623923101476215e-02 1.568471380554974136e-03 7.868031959387259463e-04
2.843438745173769086e-02 1.129916529722866173e-02 1.481337327315192850e-03 7.907372119184195684e-04
2.857655938899637815e-02 8.490697332343331849e-03 1.330578569004186446e-03 7.946908979780116337e-04
2.871944218594135734e-02 1.243432286416230360e-02 1.596236001761991170e-03 7.986643524679015813e-04
2.886303939687106038e-02 7.251084920800040905e-03 1.174594784043074113e-03 8.026576742302409971e-04
2.900735459385541531e-02 8.383562915557101272e-03 1.328626860952561916e-03 8.066709626013921506e-04
2.915239136682468840e-02 4.787199831324980871e-03 9.375942599380294703e-04 8.107043174143990002e-04
2.929815332365880848e-02 7.528269109689586167e-03 1.225813840814219974e-03 8.147578390014708835e-04
2.944464409027709728e-02 8.253446002732544445e-03 1.228773267106654781e-03 8.188316281964781338e-04
2.959186731072847854e-02 6.366363112814146796e-03 1.129757802388797446e-03 8.229257863374603819e-04
2.973982664728212072e-02 6.195205380054086795e-03 1.045909527820771713e-03 8.270404152691476513e-04
2.988852578051852740e-02 6.225415811218045631e-03 1.051027607800549858e-03 8.311756173454932714e-04
3.003796840942111676e-02 5.849317499155398149e-03 1.017056194767477660e-03 8.353314954322206684e-04
3.018815825146821744e-02 6.072477021186338010e-03 1.109665052343845968e-03 8.395081529093816487e-04
3.033909904272555358e-02 7.511065682420959080e-03 1.192157941798223071e-03 8.437056936739284517e-04
3.049079453793918093e-02 7.330570917017167724e-03 1.129833192477481011e-03 8.479242221422980544e-04
3.064324851062887045e-02 6.179381036392182953e-03 1.028715851933733987e-03 8.521638432530093772e-04
3.079646475318201237e-02 6.238026594971365392e-03 1.038463314560455694e-03 8.564246624692743682e-04
3.095044707694791924e-02 5.977842018908055381e-03 1.009246956854724679e-03 8.607067857816206886e-04
3.110519931233265631e-02 5.417561189476343027e-03 9.563598660008755525e-04 8.650103197105287085e-04
3.126072530889431600e-02 6.615279633496101881e-03 1.057691251753395184e-03 8.693353713090811894e-04
3.141702893543878161e-02 4.048886815046878751e-03 8.856653764463269084e-04 8.736820481656264094e-04
3.157411408011597670e-02 4.973071297330103162e-03 9.068292141957213278e-04 8.780504584064546250e-04
3.173198465051654815e-02 5.169407572990738185e-03 9.272707092986773054e-04 8.824407106984866753e-04
3.189064457376912520e-02 4.188499410087201218e-03 9.820761226462285890e-04 8.868529142519789585e-04
3.205009779663797742e-02 6.779163964868255982e-03 1.057304073028668195e-03 8.912871788232390327e-04
3.221034828562116537e-02 5.860885228843325072e-03 9.893364698960363090e-04 8.957436147173552035e-04
3.237140002704926023e-02 4.611203560490160711e-03 8.862209508068631019e-04 9.002223327909416152e-04
3.253325702718450757e-02 5.391380515611745444e-03 9.670241438124862554e-04 9.047234444548963531e-04
3.269592331232042820e-02 4.839042725485923936e-03 1.051470978037068096e-03 9.092470616771708208e-04
3.285940292888202274e-02 6.056737642924196058e-03 1.052946735180635904e-03 9.137932969855564651e-04
3.302369994352642724e-02 5.533991095436945062e-03 9.925718294829940450e-04 9.183622634704840778e-04
3.318881844324406138e-02 5.339755772641466280e-03 9.576569388972749029e-04 9.229540747878365410e-04
3.335476253546027642e-02 5.812161952742506132e-03 9.952735067851232759e-04 9.275688451617755594e-04
3.352153634813757888e-02 6.576163379233190311e-03 1.051368470066505693e-03 9.322066893875844383e-04
3.368914402987825685e-02 8.449597632547175760e-03 1.181264468909582399e-03 9.368677228345221372e-04
3.385758975002764459e-02 5.558733031336889410e-03 9.517209411880742835e-04 9.415520614486946709e-04
3.402687769877778268e-02 6.348630027885235859e-03 1.014872373393567147e-03 9.462598217559381117e-04
3.419701208727166097e-02 4.066333688954334655e-03 9.529919522829842764e-04 9.509911208647175290e-04
3.436799714770802372e-02 8.096533557931153910e-03 1.131721511166450559e-03 9.557460764690412164e-04
3.453983713344655621e-02 7.180489966859765830e-03 1.056779030011309505e-03 9.605248068513861943e-04
3.471253631911378618e-02 5.797980472857887715e-03 9.832214330926835125e-04 9.653274308856430114e-04
3.488609900070935299e-02 7.376053821220312709e-03 1.051714923986511036e-03 9.701540680400711717e-04
3.506052949571289434e-02 6.169629044316926256e-03 1.015758487951619717e-03 9.750048383802714744e-04
3.523583214319145340e-02 6.359642751983786424e-03 9.679601307401278394e-04 9.798798625721726659e-04
3.541201130390740637e-02 7.826535376222052559e-03 1.109805075835437489e-03 9.847792618850332701e-04
3.558907136042693820e-02 6.816524238110647539e-03 1.030609094075082182e-03 9.897031581944583812e-04
3.576701671722907344e-02 6.054430680664816579e-03 9.323960331231849084e-04 9.946516739854306590e-04
3.594585180081521364e-02 5.403470879012966209e-03 8.748583634611165148e-04 9.996249323553578047e-04
3.612558105981928530e-02 7.927143676202709488e-03 1.066833393680591269e-03 1.004623057017134348e-03
3.630620896511838058e-02 7.551231936838377103e-03 1.081093231863984160e-03 1.009646172302219912e-03
3.648774000994396693e-02 7.030462776438834577e-03 9.825746566917584277e-04 1.014694403163730928e-03
3.667017870999368656e-02 4.272081803614361309e-03 7.658323142744596825e-04 1.019767875179549690e-03
3.685352960354364854e-02 6.454755820714345831e-03 9.397734636778518405e-04 1.024866714555447075e-03
3.703779725156136626e-02 6.303809605927941130e-03 9.277406307763084959e-04 1.029991048128224345e-03
3.722298623781916671e-02 5.552699803188643549e-03 8.656460537465416943e-04 1.035141003368865355e-03
3.740910116900825200e-02 6.235538708195811561e-03 9.757704188110900194e-04 1.040316708385709363e-03
3.759614667485329520e-02 4.900853223282633855e-03 8.670980185288534306e-04 1.045518291927637934e-03
3.778412740822754967e-02 5.110562796839109370e-03 8.169592988853512788e-04 1.050745883387275937e-03
3.797304804526868693e-02 5.474647015231802819e-03 8.434144653694691015e-04 1.055999612804212279e-03
3.816291328549503009e-02 5.249766970187824504e-03 8.660580014017748088e-04 1.061279610868233209e-03
3.835372785192249501e-02 4.566230680961325637e-03 7.706565829842039776e-04 1.066586008922574061e-03
3.854549649118210741e-02 4.361326377183127184e-03 7.468640251065529825e-04 1.071918938967187035e-03
3.873822397363801268e-02 3.700422298773913682e-03 6.861794045465814326e-04 1.077278533662022865e-03
3.893191509350620028e-02 4.472709801622249542e-03 7.549995789313606546e-04 1.082664926330332861e-03
3.912657466897372788e-02 3.650872737671271174e-03 6.770382688935087283e-04 1.088078250961984402e-03
3.932220754231859072e-02 2.619063755668105380e-03 6.472498470142420794e-04 1.093518642216794205e-03
3.951881858003018083e-02 3.541113533524238490e-03 6.567561552655096354e-04 1.098986235427878077e-03
3.971641267293032906e-02 3.249186793169277047e-03 7.061066944614296246e-04 1.104481166605017365e-03
3.991499473629497863e-02 2.368270303993279778e-03 6.931981566145740785e-04 1.110003572438042312e-03
4.011456970997644145e-02 4.054022430741733955e-03 7.049279993296408975e-04 1.115553590300232337e-03
4.031514255852632067e-02 2.802165194139938625e-03 5.836615922364417125e-04 1.121131358251733438e-03
4.051671827131894665e-02 2.298936347249937260e-03 6.043380634832814027e-04 1.126737015042991860e-03
4.071930186267554153e-02 3.905527421783794306e-03 7.280972284360529836e-04 1.132370700118206846e-03
4.092289837198891111e-02 2.935572160762133648e-03 6.422936642821924563e-04 1.138032553618797699e-03
4.112751286384885852e-02 2.374254437783069032e-03 6.047085306460377695e-04 1.143722716386891660e-03
4.133315042816809726e-02 3.129395926133239202e-03 6.131087017493128599e-04 1.149441329968826095e-03
4.153981618030892775e-02 2.966888045960163617e-03 5.927819500057471529e-04 1.155188536618669774e-03
4.174751526121046885e-02 2.326258461285073392e-03 5.196453526536172485e-04 1.160964479301763216e-03
4.195625283751651391e-02 1.653356291508895938e-03 5.276154366459824422e-04 1.166769301698271626e-03
4.216603410170409461e-02 1.396755288113791897e-03 4.027910909791921159e-04 1.172603148206762978e-03
4.237686427221261376e-02 2.907303688376413134e-03 5.808587699993061383e-04 1.178466163947796720e-03
4.258874859357367204e-02 1.637239777961329657e-03 4.371078267514305008e-04 1.184358494767535691e-03
4.280169233654153305e-02 3.028150022197877069e-03 5.932273781825320473e-04 1.190280287241373205e-03
4.301570079822424064e-02 3.015592599561066258e-03 5.907673260112425960e-04 1.196231688677580098e-03
4.323077930221535387e-02 2.529998404822544292e-03 5.387730383920534116e-04 1.202212847120967586e-03
4.344693319872642429e-02 2.174429671245232867e-03 5.715559047627701960e-04 1.208223911356572262e-03
4.366416786472004929e-02 2.262471506477028126e-03 6.052014157005774575e-04 1.214265030913354955e-03
4.388248870404365398e-02 2.706303386833346352e-03 5.517384887130041696e-04 1.220336356067921926e-03
4.410190114756386282e-02 2.059604417968897809e-03 4.848528832832479474e-04 1.226438037848261251e-03
4.432241065330168317e-02 2.258579715135807485e-03 5.043674300314720518e-04 1.232570228037502616e-03
4.454402270656818152e-02 4.011163393305153084e-03 6.771157886648893065e-04 1.238733079177689904e-03
4.476674282010102007e-02 2.764505962635697717e-03 6.046736158424239477e-04 1.244926744573578289e-03
4.499057653420152070e-02 1.766474029364360201e-03 5.791191589730887174e-04 1.251151378296446078e-03
4.521552941687251997e-02 2.956711858047281986e-03 5.790596486343915729e-04 1.257407135187928009e-03
4.544160706395687643e-02 1.928228049366750635e-03 4.670017248050331408e-04 1.263694170863867428e-03
4.566881509927665783e-02 3.012252549844651132e-03 5.899078880754486578e-04 1.270012641718186669e-03
4.589715917477303619e-02 2.453895464719115828e-03 7.286921231322279063e-04 1.276362704926777393e-03
4.612664497064689756e-02 2.395129438810399223e-03 6.098097063779652372e-04 1.282744518451411301e-03
4.635727819550012480e-02 2.355749930923790175e-03 5.397107304980412832e-04 1.289158241043668199e-03
4.658906458647761595e-02 1.820827596674550602e-03 6.257801175747294007e-04 1.295604032248886183e-03
4.682200990941000340e-02 2.404633103678055061e-03 6.431120317304861228e-04 1.302082052410130685e-03
4.705611995895704613e-02 2.140085657880564166e-03 5.516685503581316308e-04 1.308592462672181081e-03
4.729140055875183379e-02 2.917666862358283923e-03 5.827159393903321577e-04 1.315135424985542029e-03
4.752785756154558061e-02 3.037499885802700649e-03 5.948650629914896057e-04 1.321711102110469322e-03
4.776549684935330747e-02 2.468122146490652619e-03 5.378310460530492942e-04 1.328319657621021771e-03
4.800432433360006523e-02 2.467019131620541272e-03 5.376669426688032716e-04 1.334961255909126532e-03
4.824434595526806702e-02 2.632041538736320640e-03 5.604435357708357785e-04 1.341636062188672181e-03
4.848556768504440340e-02 2.327443297711918706e-03 5.332788590155891151e-04 1.348344242499615458e-03
4.872799552346961799e-02 2.050827038846307106e-03 4.968042507886655463e-04 1.355085963712113380e-03
4.897163550108696306e-02 2.460022114788254066e-03 5.361793615253181633e-04 1.361861393530673777e-03
4.921649367859239066e-02 1.715797830986825600e-03 4.424998497271077479e-04 1.368670700498327095e-03
4.946257614698534866e-02 2.336299581044377124e-03 5.669294495913377707e-04 1.375514054000818564e-03
4.970988902772026374e-02 2.186332831092313491e-03 5.010210220622112560e-04 1.382391624270822277e-03
4.995843847285886402e-02 2.712577929951190576e-03 5.650019233059457848e-04 1.389303582392176521e-03
5.020823066522315387e-02 2.272579426988482598e-03 5.680218048410338137e-04 1.396250100304137097e-03
5.045927181854926308e-02 1.904877202178275773e-03 5.261319970280060486e-04 1.403231350805657753e-03
5.071156817764200381e-02 2.048728732953210372e-03 5.462334440893907217e-04 1.410247507559685793e-03
5.096512601853020463e-02 7.064944184349452238e-04 2.881767681483339625e-04 1.417298745097483924e-03
5.121995164862284955e-02 1.546106365447445091e-03 4.284434909386229564e-04 1.424385238822971182e-03
5.147605140686596636e-02 1.350539233433604687e-03 4.669448838431229372e-04 1.431507165017086199e-03
5.173343166390028530e-02 1.615205582174924787e-03 5.047168377098490769e-04 1.438664700842171278e-03
5.199209882221978579e-02 1.473174403086199890e-03 4.249384901765513971e-04 1.445858024346382067e-03
5.225205931633088163e-02 9.113534807493588880e-04 4.184462990898634967e-04 1.453087314468113917e-03
5.251331961291252903e-02 1.000014162470413449e-03 3.533156055163067335e-04 1.460352751040454268e-03
5.277588621097707711e-02 1.126959663046542878e-03 4.846331912899855807e-04 1.467654514795656284e-03
