1.442977229909739312e-02 5.344643570010297884e-01 3.527358523020410197e-02 4.012835029382323475e-04
1.450192116059288022e-02 5.504348614621229485e-01 3.441661347767269868e-02 4.032899204529234965e-04
1.457443076639584369e-02 4.943932756149911900e-01 3.390404112348773674e-02 4.053063700551880698e-04
1.464730292022782196e-02 4.640437222446996413e-01 3.197305830499266172e-02 4.073329019054639909e-04
1.472053943482895880e-02 5.034701062256384807e-01 3.321671851865527769e-02 4.093695664149912751e-04
1.479414213200310087e-02 5.080582179356393224e-01 3.127926193036321273e-02 4.114164142470661261e-04
1.486811284266311567e-02 4.480750282995867861e-01 2.983520454197568714e-02 4.134734963183014293e-04
1.494245340687642976e-02 4.244100879831848028e-01 2.934695458574144641e-02 4.155408637998929378e-04
1.501716567391080982e-02 3.866219515903051573e-01 2.652237754414800419e-02 4.176185681188923421e-04
1.509225150228036064e-02 3.870537887738385030e-01 2.660443724314420083e-02 4.197066609594866829e-04
1.516771275979176062e-02 3.935936837236538310e-01 2.614779890955412980e-02 4.218051942642840526e-04
1.524355132359071774e-02 3.391663114829406855e-01 2.383978659710667483e-02 4.239142202356054761e-04
1.531976908020867001e-02 3.245724201384151963e-01 2.369622138992986612e-02 4.260337913367834599e-04
1.539636792560971322e-02 3.942733342489829762e-01 2.596632739116163172e-02 4.281639602934673712e-04
1.547334976523776114e-02 2.916624011017519003e-01 2.243927474151833149e-02 4.303047800949346725e-04
1.555071651406394681e-02 3.270345145041156365e-01 2.297490684780040607e-02 4.324563039954092570e-04
1.562847009663426504e-02 3.023781657669091238e-01 2.141719166020442447e-02 4.346185855153862892e-04
1.570661244711743509e-02 2.977381360597098903e-01 2.141642290493653289e-02 4.367916784429631718e-04
1.578514550935301852e-02 2.793476811866374421e-01 2.052554409136502292e-02 4.389756368351778850e-04
1.586407123689978493e-02 3.232607524542231991e-01 2.232336738658773426e-02 4.411705150193537760e-04
1.594339159308428081e-02 2.813796640905208979e-01 2.008394061902566211e-02 4.433763675944504758e-04
1.602310855104970011e-02 2.370780341049215645e-01 1.861137439220228798e-02 4.455932494324226748e-04
1.610322409380494577e-02 2.555532591766870865e-01 1.872822503066916278e-02 4.478212156795847000e-04
1.618374021427396864e-02 2.725629398839451989e-01 1.911646142999288631e-02 4.500603217579825731e-04
1.626465891534533553e-02 2.201994111607063209e-01 1.708819342744079608e-02 4.523106233667724104e-04
1.634598220992206086e-02 2.314343323375542827e-01 1.748055008208045102e-02 4.545721764836062502e-04
1.642771212097167421e-02 1.945620947531947753e-01 1.576607324714354372e-02 4.568450373660243313e-04
1.650985068157653085e-02 1.954775939947655250e-01 1.574372643138643654e-02 4.591292625528544183e-04
1.659239993498441007e-02 1.975287936810936062e-01 1.545621545148057052e-02 4.614249088656186080e-04
1.667536193465932876e-02 1.939509965441211237e-01 1.487522206102225367e-02 4.637320334099465872e-04
1.675873874433262550e-02 1.748077722297712577e-01 1.423239167745563895e-02 4.660506935769963169e-04
1.684253243805428762e-02 1.497206735909538955e-01 1.280216823863756723e-02 4.683809470448812760e-04
1.692674510024455570e-02 1.341231645043340359e-01 1.241820863139442462e-02 4.707228517801056197e-04
1.701137882574577792e-02 1.374203760294289145e-01 1.214822134332013866e-02 4.730764660390061145e-04
1.709643571987450386e-02 1.312895271619956561e-01 1.148395441307716730e-02 4.754418483692010654e-04
1.718191789847387657e-02 1.582323995375296555e-01 1.280085288328097586e-02 4.778190576110471046e-04
1.726782748796624328e-02 1.226855444226751107e-01 1.129475834186671919e-02 4.802081528991022138e-04
1.735416662540607141e-02 1.239634842132120301e-01 1.097238374340733270e-02 4.826091936635976912e-04
1.744093745853309702e-02 1.189496758245028873e-01 1.057070694489149754e-02 4.850222396319155398e-04
1.752814214582576469e-02 1.131179423352335761e-01 1.069247736845952389e-02 4.874473508300751793e-04
1.761578285655489295e-02 1.024389577761423559e-01 9.877527250108771029e-03 4.898845875842255254e-04
1.770386177083766582e-02 1.008190643708277712e-01 9.421296859955042083e-03 4.923340105221466097e-04
1.779238107969184982e-02 9.879049891880542500e-02 9.560450611962119719e-03 4.947956805747571627e-04
1.788134298509030939e-02 7.289326079454100382e-02 8.112390887786037966e-03 4.972696589776309795e-04
1.797074970001575484e-02 7.678044119573491921e-02 8.194824863704083806e-03 4.997560072725190303e-04
1.806060344851583357e-02 6.694723742684625944e-02 7.423655265096285559e-03 5.022547873088815474e-04
1.815090646575841238e-02 7.780637844039446638e-02 8.052327444355748126e-03 5.047660612454259654e-04
1.824166099808720298e-02 7.103711424324271606e-02 7.432452039612473006e-03 5.072898915516531023e-04
1.833286930307763407e-02 6.546837796224758144e-02 7.241384109364310158e-03 5.098263410094112545e-04
1.842453364959302162e-02 7.666761150966040772e-02 7.757246909105354124e-03 5.123754727144582072e-04
1.851665631784098556e-02 5.051956271850934627e-02 6.115705643760847507e-03 5.149373500780305086e-04
1.860923959943018915e-02 6.460051917049541848e-02 6.836011470374374344e-03 5.175120368284206584e-04
1.870228579742733849e-02 6.334704863574709688e-02 6.741670378932064500e-03 5.200995970125626457e-04
1.879579722641447001e-02 6.191478258139107571e-02 6.480175069017870756e-03 5.227000949976252919e-04
1.888977621254653988e-02 4.308591003430731897e-02 5.377503406223871872e-03 5.253135954726134010e-04
1.898422509360927352e-02 5.907320506366856017e-02 6.323899511046823796e-03 5.279401634499764984e-04
1.907914621907731700e-02 3.858124188927002096e-02 5.264470724759552980e-03 5.305798642672263522e-04
1.917454195017270074e-02 4.708525966834809645e-02 5.855695545251830836e-03 5.332327635885623007e-04
1.927041465992356331e-02 3.519070467325428886e-02 4.943515783294534158e-03 5.358989274065051453e-04
1.936676673322317715e-02 3.181027204330490188e-02 4.655769039066851023e-03 5.385784220435375479e-04
1.946360056688929002e-02 3.106578556522359910e-02 4.302390774036680791e-03 5.412713141537551630e-04
1.956091856972373699e-02 2.976481892259921769e-02 4.246736797993907152e-03 5.439776707245239486e-04
1.965872316257235436e-02 3.293382430193064758e-02 4.582123962421783339e-03 5.466975590781464767e-04
1.975701677838521270e-02 2.393021047772728518e-02 3.732678779033341433e-03 5.494310468735371343e-04
1.985580186227713789e-02 3.059457858608280803e-02 4.298618230623552083e-03 5.521782021079048048e-04
1.995508087158852362e-02 2.908435067768568374e-02 4.067785707426957269e-03 5.549390931184443321e-04
2.005485627594646297e-02 3.017086161666081290e-02 3.991500850805897345e-03 5.577137885840364410e-04
2.015513055732619241e-02 2.689651664448314272e-02 3.837854701224343267e-03 5.605023575269565484e-04
2.025590621011282011e-02 2.823204555579093139e-02 3.837439191670193820e-03 5.633048693145912720e-04
2.035718574116338053e-02 3.028386218645486364e-02 4.006510812399912552e-03 5.661213936611641552e-04
2.045897166986919424e-02 3.029133627696492873e-02 3.972813947019035626e-03 5.689520006294698480e-04
2.056126652821854001e-02 2.141727207636483221e-02 3.262290751163430657e-03 5.717967606326171794e-04
2.066407286085962872e-02 2.899205233723443215e-02 3.738438202540421678e-03 5.746557444357801433e-04
2.076739322516392428e-02 2.373937685159373256e-02 3.512717479145429766e-03 5.775290231579589687e-04
2.087123019128974549e-02 1.843861944231770314e-02 2.948956023161690854e-03 5.804166682737488866e-04
2.097558634224619065e-02 2.645986836480433702e-02 3.531425097818232176e-03 5.833187516151174630e-04
2.108046427395741940e-02 2.938343094115857673e-02 3.668248277026150972e-03 5.862353453731929901e-04
2.118586659532720531e-02 2.295587861725324405e-02 3.393842405243341267e-03 5.891665221000589496e-04
2.129179592830383883e-02 2.725336170962669100e-02 3.456580253560049588e-03 5.921123547105592091e-04
2.139825490794535628e-02 2.376497910439874864e-02 3.200143469543911042e-03 5.950729164841118924e-04
2.150524618248508130e-02 2.763150544164245243e-02 3.449125901722802697e-03 5.980482810665324655e-04
2.161277241339750604e-02 3.128867525479544359e-02 3.632027885962676398e-03 6.010385224718650622e-04
2.172083627546448834e-02 2.442801763849271682e-02 3.175580062583199369e-03 6.040437150842242189e-04
2.182944045684180601e-02 2.567196670996495927e-02 3.229490888028731070e-03 6.070639336596452820e-04
2.193858765912601316e-02 2.806627703946235411e-02 3.325682723498154560e-03 6.100992533279433810e-04
2.204828059742164337e-02 2.220093388615440241e-02 2.910432227837445214e-03 6.131497495945831353e-04
2.215852200040874936e-02 2.925113936183749638e-02 3.327897200394101286e-03 6.162154983425559502e-04
2.226931461041078975e-02 2.468681659832111172e-02 3.056793567101397015e-03 6.192965758342686968e-04
2.238066118346284175e-02 2.623597843947634081e-02 3.086531023920412523e-03 6.223930587134399823e-04
2.249256448938015407e-02 2.882834448131807795e-02 3.237611469123957177e-03 6.255050240070071524e-04
2.260502731182705005e-02 2.685551242976839947e-02 3.074776179276079643e-03 6.286325491270420771e-04
2.271805244838618482e-02 2.373860781424128735e-02 2.873203890734727685e-03 6.317757118726772354e-04
2.283164271062811460e-02 2.652172588366101882e-02 3.109666362521997310e-03 6.349345904320405831e-04
2.294580092418125120e-02 3.669524897349225184e-02 3.523924577870378178e-03 6.381092633842007193e-04
2.306052992880215646e-02 2.840521607945303839e-02 3.092820913939921604e-03 6.412998097011215950e-04
2.317583257844616634e-02 2.503397182687092104e-02 2.865505406640884555e-03 6.445063087496271954e-04
2.329171174133839312e-02 2.789507590922279262e-02 3.104439958107369120e-03 6.477288402933752218e-04
2.340817030004507804e-02 2.702096772856435805e-02 2.924372204993134182e-03 6.509674844948419407e-04
2.352521115154530135e-02 2.507176622103518895e-02 2.814425595702167021e-03 6.542223219173160312e-04
2.364283720730302879e-02 2.341549263456863331e-02 2.679795872968321769e-03 6.574934335269027328e-04
2.376105139333953981e-02 2.721800340852396222e-02 2.991752819482048492e-03 6.607809006945371006e-04
2.387985665030623386e-02 2.159160515704224709e-02 2.622639672402852541e-03 6.640848051980096202e-04
2.399925593355776293e-02 2.539102183773402771e-02 2.824218424246861467e-03 6.674052292239996288e-04
2.411925221322554908e-02 2.691364776922526569e-02 2.814409986877350594e-03 6.707422553701195781e-04
2.423984847429167672e-02 2.728251080934154804e-02 2.792257624620173538e-03 6.740959666469701402e-04
2.436104771666313187e-02 2.451405174127445699e-02 2.726590921597315045e-03 6.774664464802049616e-04
2.448285295524644731e-02 2.575809029477653042e-02 2.763996454506700406e-03 6.808537787126059350e-04
2.460526722002267380e-02 2.376025466761695973e-02 2.617596815479464149e-03 6.842580476061688784e-04
2.472829355612278512e-02 2.643748469165562581e-02 2.828055593170158716e-03 6.876793378441996242e-04
2.485193502390339870e-02 2.113235852842658413e-02 2.566477799051547319e-03 6.911177345334206228e-04
2.497619469902290917e-02 2.323479581906540484e-02 2.538166927651221150e-03 6.945733232060875232e-04
2.510107567251802091e-02 2.691979659120311008e-02 2.607903059545848244e-03 6.980461898221178947e-04
2.522658105088061015e-02 2.369171766886418035e-02 2.528089216737612957e-03 7.015364207712284066e-04
2.535271395613501039e-02 2.151279777224396339e-02 2.327290564796464893e-03 7.050441028750844760e-04
2.547947752591567944e-02 2.212599739823585890e-02 2.360302244089947793e-03 7.085693233894597813e-04
2.560687491354525849e-02 2.316731402909233059e-02 2.358473313643142527e-03 7.121121700064070520e-04
2.573490928811298165e-02 2.077314477915560842e-02 2.296812728673655341e-03 7.156727308564390499e-04
2.586358383455354334e-02 2.007549293194380371e-02 2.159387791049695391e-03 7.192510945107211508e-04
2.599290175372630934e-02 1.710957593269218924e-02 2.095740798634566047e-03 7.228473499832746606e-04
2.612286626249493704e-02 2.009772656185492348e-02 2.149434898487793694e-03 7.264615867331909727e-04
2.625348059380740867e-02 1.540511953456758822e-02 2.021368586190033529e-03 7.300938946668567844e-04
2.638474799677644617e-02 1.880414161703763271e-02 2.046796577884989025e-03 7.337443641401911317e-04
2.651667173676032496e-02 1.657637198129815678e-02 1.935590295631682382e-03 7.374130859608919644e-04
2.664925509544412152e-02 1.612058301033507737e-02 1.987900051028525066e-03 7.411001513906962735e-04
2.678250137092134248e-02 1.764784949453620730e-02 1.994038554697575693e-03 7.448056521476497608e-04
2.691641387777594235e-02 1.426319706404293765e-02 1.963376048839095278e-03 7.485296804083878914e-04
2.705099594716482009e-02 1.454204649981340018e-02 1.843236365846508519e-03 7.522723288104297404e-04
2.718625092690064166e-02 1.179207975805417370e-02 1.623660867655206223e-03 7.560336904544818137e-04
2.732218218153514150e-02 1.274403863659034908e-02 1.615054720442984232e-03 7.598138589067541214e-04
2.745879309244281599e-02 1.399811887334662455e-02 1.669721807821461512e-03 7.636129282012878508e-04
2.759608705790502631e-02 1.180778357201158965e-02 1.534203100431151068e-03 7.674309928422942077e-04
2.773406749319454884e-02 1.094175188192094902e-02 1.472528134371214751e-03 7.712681478065056169e-04
2.787273783066051419e-02 1.286012292338825115e-02 1.568169076197925256e-03 7.751244885455379824e-04
2.801210151981381458e-02 1.042857419451207954e-02 1.429853479797927327e-03 7.790001109882655232e-04
2.815216202741288587e-02 9.441986127294974343e-03 1.346522980871694801e-03 7.828951115432069945e-04
2.829292283754994419e-02 8.849580691953858047e-03 1.450548778082065213e-03 7.868095871009228581e-04
2.843438745173769086e-02 1.008204915527893125e-02 1.506780992263875331e-03 7.907436350364273076e-04
2.857655938899637815e-02 7.666018116976231790e-03 1.210271826000002948e-03 7.946973532116093997e-04
2.871944218594135734e-02 8.100955354891616056e-03 1.233542310198033941e-03 7.986708399776674136e-04
2.886303939687106038e-02 7.997526452480304554e-03 1.232275790039616533e-03 8.026641941775556786e-04
2.900735459385541531e-02 7.462579371533707012e-03 1.178307154345728221e-03 8.066775151484434359e-04
2.915239136682468840e-02 7.380082987912573410e-03 1.165336398189086627e-03 8.107109027241855186e-04
2.929815332365880848e-02 1.089322371078435547e-02 1.404489803763014130e-03 8.147644572378063676e-04
2.944464409027709728e-02 8.804864031814716580e-03 1.269240463250845274e-03 8.188382795239952140e-04
2.959186731072847854e-02 6.847789357143623662e-03 1.193884184562784634e-03 8.229324709216151402e-04
2.973982664728212072e-02 6.011754105005196608e-03 1.029758125243271675e-03 8.270471332762231991e-04
2.988852578051852740e-02 6.233882854561300681e-03 1.052457086095090390e-03 8.311823689426041948e-04
3.003796840942111676e-02 5.853429473109014042e-03 1.017760050776986063e-03 8.353382807873171480e-04
3.018815825146821744e-02 5.783521473489279703e-03 1.060012097782022863e-03 8.395149721912535798e-04
3.033909904272555358e-02 6.591516083341236211e-03 1.068057175821832865e-03 8.437125470522096726e-04
3.049079453793918093e-02 7.855936878637857779e-03 1.169749519705613706e-03 8.479311097874706830e-04
3.064324851062887045e-02 4.981312411141722123e-03 9.239457798449569664e-04 8.521707653364079312e-04
3.079646475318201237e-02 6.057465171382244926e-03 1.022706617627188721e-03 8.564316191630898852e-04
3.095044707694791924e-02 6.155822022079707884e-03 1.106866480319546910e-03 8.607137772589052794e-04
3.110519931233265631e-02 7.284965010683153164e-03 1.109387159772603658e-03 8.650173461451996773e-04
3.126072530889431600e-02 5.488882944424112315e-03 1.022786669108781323e-03 8.693424328759255873e-04
3.141702893543878161e-02 6.313368334937317222e-03 1.022857627558330235e-03 8.736891450403050461e-04
3.157411408011597670e-02 4.544847075907184480e-03 1.093387461192127375e-03 8.780575907655066223e-04
3.173198465051654815e-02 5.166611061612982718e-03 1.091502026545014721e-03 8.824478787193339125e-04
3.189064457376912520e-02 6.670603765115303355e-03 1.100775425343573748e-03 8.868601181129304092e-04
3.205009779663797742e-02 6.286001116639504741e-03 1.018353007444792232e-03 8.912944187034952098e-04
3.221034828562116537e-02 6.362290796640676649e-03 1.109097131907693179e-03 8.957508907970127129e-04
3.237140002704926023e-02 5.536440647553405973e-03 1.031806673970405873e-03 9.002296452509974930e-04
3.253325702718450757e-02 7.657080457064613724e-03 1.152805784023798593e-03 9.047307934772525102e-04
3.269592331232042820e-02 6.693127395489001027e-03 1.114073997518308769e-03 9.092544474446387056e-04
3.285940292888202274e-02 6.613408474071992040e-03 1.100757642115800369e-03 9.138007196818616167e-04
3.302369994352642724e-02 8.218964961740687566e-03 1.210159330160300289e-03 9.183697232802707881e-04
3.318881844324406138e-02 6.534405496689646951e-03 1.058486643646861913e-03 9.229615718966721919e-04
3.335476253546027642e-02 7.710765489458871504e-03 1.147718642377011438e-03 9.275763797561553930e-04
3.352153634813757888e-02 6.910248391313253413e-03 1.077483939418998277e-03 9.322142616549362187e-04
3.368914402987825685e-02 5.139179184575173517e-03 9.215292179748867628e-04 9.368753329632105963e-04
3.385758975002764459e-02 7.691095893245035453e-03 1.189333244571001572e-03 9.415597096280266037e-04
3.402687769877778268e-02 7.650926900339317591e-03 1.114111970038308020e-03 9.462675081761667134e-04
3.419701208727166097e-02 6.569220643321580649e-03 1.096503653722721979e-03 9.509988457170472738e-04
3.436799714770802372e-02 7.299021720602783328e-03 1.074264632229199453e-03 9.557538399456326278e-04
3.453983713344655621e-02 8.898922344372225263e-03 1.176544177653311186e-03 9.605326091453606158e-04
3.471253631911378618e-02 5.137752112187735434e-03 8.795057666022620740e-04 9.653352721910872687e-04
3.488609900070935299e-02 6.471104576512409084e-03 9.849559486373997853e-04 9.701619485520426682e-04
3.506052949571289434e-02 6.615398441859352691e-03 9.842599877161164936e-04 9.750127582948027449e-04
3.523583214319145340e-02 5.679168964122686264e-03 9.629706266692814130e-04 9.798878220862766893e-04
3.541201130390740637e-02 4.985633225183848730e-03 8.533729714585617339e-04 9.847872611967079144e-04
3.558907136042693820e-02 5.466083153870597740e-03 8.849912759889899195e-04 9.897111975026911743e-04
3.576701671722907344e-02 7.263541981951171511e-03 1.062445954633637734e-03 9.946597534902046431e-04
3.594585180081521364e-02 5.890685833780256314e-03 9.585490711351482822e-04 9.996330522576556566e-04
3.612558105981928530e-02 5.766955032611473242e-03 9.100762557595772594e-04 1.004631217518943799e-03
3.630620896511838058e-02 6.016422881146520768e-03 9.157312509859397457e-04 1.009654373606538522e-03
3.648774000994396693e-02 6.616586318953426860e-03 9.531913590889350618e-04 1.014702645474571067e-03
3.667017870999368656e-02 8.262245335963380038e-03 1.064626539350376367e-03 1.019776158701943746e-03
3.685352960354364854e-02 4.814048767082759750e-03 8.122107823549459685e-04 1.024875039495453310e-03
3.703779725156136626e-02 5.209145349710381408e-03 8.434776107132509410e-04 1.029999414692930578e-03
3.722298623781916671e-02 5.826104834309302552e-03 8.868948940242344682e-04 1.035149411766395034e-03
3.740910116900825200e-02 6.913205422283798599e-03 9.663233241675732617e-04 1.040325158825226772e-03
3.759614667485329520e-02 4.109722505593664706e-03 7.368780937387406750e-04 1.045526784619352960e-03
3.778412740822754967e-02 4.323432911678452666e-03 7.513386816089013143e-04 1.050754418542449494e-03
3.797304804526868693e-02 4.692983148043743460e-03 7.809272837943591599e-04 1.056008190635161726e-03
3.816291328549503009e-02 4.940979946067028394e-03 8.002708896138481433e-04 1.061288231588337341e-03
3.835372785192249501e-02 4.955827416283074306e-03 8.027233586078849018e-04 1.066594672746278743e-03
3.854549649118210741e-02 3.262250465582434977e-03 6.972655527006518198e-04 1.071927646110010192e-03
3.873822397363801268e-02 4.592296684640174466e-03 7.643018259457431138e-04 1.077287284340560118e-03
3.893191509350620028e-02 4.339488602080572750e-03 7.432058231412327302e-04 1.082673720762262950e-03
3.912657466897372788e-02 3.153411452096759396e-03 6.298291787630542083e-04 1.088087089366074171e-03
3.932220754231859072e-02 2.370327625586617429e-03 6.230000476865906432e-04 1.093527524812904243e-03
3.951881858003018083e-02 2.565504954324635944e-03 5.591476567130868698e-04 1.098995162436968787e-03
3.971641267293032906e-02 2.249917906944087689e-03 5.296847159913556065e-04 1.104490138249153517e-03
3.991499473629497863e-02 2.416913556345628988e-03 6.040124841640251863e-04 1.110012588940399118e-03
4.011456970997644145e-02 3.122046304583897449e-03 6.675374680680162603e-04 1.115562651885100868e-03
4.031514255852632067e-02 2.682134797542088875e-03 5.712162573199870827e-04 1.121140465144526265e-03
4.051671827131894665e-02 1.694480840942121872e-03 4.523835909875077873e-04 1.126746167470248691e-03
4.071930186267554153e-02 2.170908550331513472e-03 5.111600203625354206e-04 1.132379898307599945e-03
4.092289837198891111e-02 2.285065637532164400e-03 5.236890356341172186e-04 1.138041797799137743e-03
4.112751286384885852e-02 2.495361751479135623e-03 6.168198484489326432e-04 1.143732006788133592e-03
4.133315042816809726e-02 1.804979538883667682e-03 5.508765827131368057e-04 1.149450666822074115e-03
4.153981618030892775e-02 2.019174954073719649e-03 4.892302306397320341e-04 1.155197920156184272e-03
4.174751526121046885e-02 3.140847062675494131e-03 6.038498849856375594e-04 1.160973909756964897e-03
4.195625283751651391e-02 2.008259692014422414e-03 4.865858667483353669e-04 1.166778779305749532e-03
4.216603410170409461e-02 2.023845565404473919e-03 5.395139201990224861e-04 1.172612673202278388e-03
4.237686427221261376e-02 2.491345115731583449e-03 5.879639508515804641e-04 1.178475736568289660e-03
4.258874859357367204e-02 2.338763523714140844e-03 5.224101755776374518e-04 1.184368115251131000e-03
4.280169233654153305e-02 1.632183660009175726e-03 5.208185681865476566e-04 1.190289955827386397e-03
4.301570079822424064e-02 2.323516238701244397e-03 5.917398249710712540e-04 1.196241405606523426e-03
4.323077930221535387e-02 1.378525879585235829e-03 3.974854604746835504e-04 1.202222612634555685e-03
4.344693319872642429e-02 2.744711858183479080e-03 5.596133744180416389e-04 1.208233725697728436e-03
4.366416786472004929e-02 2.058844184825099882e-03 5.596779494537847599e-04 1.214274894326216811e-03
4.388248870404365398e-02 2.367204815948216901e-03 5.159274187440461741e-04 1.220346268797848103e-03
4.410190114756386282e-02 2.634461540423815775e-03 5.486436608134934688e-04 1.226448000141837054e-03
4.432241065330168317e-02 2.485307297492643768e-03 5.969871931516114536e-04 1.232580240142546303e-03
4.454402270656818152e-02 2.522324904055800107e-03 6.058763089462239479e-04 1.238743141343258761e-03
4.476674282010102007e-02 3.445970357990481465e-03 6.654863424903225246e-04 1.244936857049974916e-03
4.499057653420152070e-02 3.556044218287760222e-03 6.378040601481268839e-04 1.251161541335224676e-03
4.521552941687251997e-02 1.933477531572747694e-03 4.682908171491181773e-04 1.257417349041900457e-03
4.544160706395687643e-02 3.741398313586739854e-03 6.503659189845765586e-04 1.263704435787109783e-03
4.566881509927665783e-02 1.971233912295597759e-03 4.774118530541780910e-04 1.270022957966045240e-03
4.589715917477303619e-02 3.038833677118556436e-03 5.951195823940791082e-04 1.276373072755875460e-03
4.612664497064689756e-02 2.923509688296618836e-03 6.394439442250998652e-04 1.282754938119654757e-03
4.635727819550012480e-02 3.225960471504049284e-03 6.318020554176024661e-04 1.289168712810252705e-03
4.658906458647761595e-02 2.655724648268512154e-03 5.787287877602020469e-04 1.295614556374303670e-03
4.682200990941000340e-02 2.914726563355147983e-03 7.276678261278502488e-04 1.302092629156175211e-03
4.705611995895704613e-02 3.375230859719079244e-03 6.258926195629601437e-04 1.308603092301955989e-03
4.729140055875183379e-02 2.684700479477678415e-03 5.590148234389069430e-04 1.315146107763465796e-03
4.752785756154558061e-02 3.272964685979144316e-03 6.176624088057503697e-04 1.321721838302282719e-03
4.776549684935330747e-02 3.054986198818978628e-03 5.982895888146657574e-04 1.328330447493794152e-03
4.800432433360006523e-02 2.515270759784503981e-03 5.934742206623498054e-04 1.334972099731262987e-03
4.824434595526806702e-02 1.914796276926938271e-03 4.780937301219653464e-04 1.341646960229919174e-03
4.848556768504440340e-02 1.841454598160948471e-03 4.748646995301044954e-04 1.348355195031068635e-03
4.872799552346961799e-02 2.287288748273474167e-03 5.241129884007103166e-04 1.355096971006223856e-03
4.897163550108696306e-02 2.577683352158889173e-03 5.489072356478095962e-04 1.361872455861254860e-03
4.921649367859239066e-02 2.633273992277101409e-03 5.484332020231775639e-04 1.368681818140561005e-03
4.946257614698534866e-02 1.832497730708013833e-03 5.366007499234356657e-04 1.375525227231263591e-03
4.970988902772026374e-02 1.841798786105226446e-03 4.599373339360063946e-04 1.382402853367419721e-03
4.995843847285886402e-02 2.009560433444164754e-03 4.868763736703038652e-04 1.389314867634256758e-03
5.020823066522315387e-02 2.337958716743084378e-03 5.222541072763044754e-04 1.396261441972427826e-03
5.045927181854926308e-02 1.630498418023706552e-03 4.353277851456930367e-04 1.403242749182289847e-03
5.071156817764200381e-02 2.232757784272465691e-03 5.117600880544628025e-04 1.410258962928201106e-03
5.096512601853020463e-02 1.178200428855716471e-03 4.708743399335110053e-04 1.417310257742841794e-03
5.121995164862284955e-02 1.427610703703973728e-03 4.117608289795747110e-04 1.424396809031556023e-03
5.147605140686596636e-02 1.067186201425922515e-03 3.554390798822844181e-04 1.431518793076713789e-03
5.173343166390028530e-02 7.231803743578170147e-04 2.950078247125091841e-04 1.438676387042097000e-03
5.199209882221978579e-02 6.136032348442297833e-04 4.067021863565946490e-04 1.445869768977307412e-03
5.225205931633088163e-02 7.892655462940009617e-04 4.004873475713217564e-04 1.453099117822193856e-03
5.251331961291252903e-02 3.756751525959648461e-04 2.167472053633203062e-04 1.460364613411304626e-03
5.277588621097707711e-02 8.755932648185029863e-04 3.307158846944252290e-04 1.467666436478360899e-03
