1.442977229909739312e-02 5.184604508678382073e-01 3.475471389427633312e-02 4.012574277894008241e-04
1.450192116059288022e-02 4.818759954427634384e-01 3.208282018165718730e-02 4.032637149283478098e-04
1.457443076639584369e-02 4.216245589113536973e-01 3.156285381888334490e-02 4.052800335029895494e-04
1.464730292022782196e-02 4.504971261349319245e-01 3.090405042532740065e-02 4.073064336705044751e-04
1.472053943482895880e-02 4.540479250289678470e-01 3.129786906734302598e-02 4.093429658388569024e-04
1.479414213200310087e-02 4.545678512569086838e-01 3.015432706717719596e-02 4.113896806680511259e-04
1.486811284266311567e-02 3.850348975138087604e-01 2.804510449942964473e-02 4.134466290713913715e-04
1.494245340687642976e-02 4.332254847196094216e-01 2.904106620308328363e-02 4.155138622167482525e-04
1.501716567391080982e-02 4.081211709484541261e-01 2.723375505497059243e-02 4.175914315278319482e-04
1.509225150228036064e-02 3.755577976822087050e-01 2.588589998069039388e-02 4.196793886854710207e-04
1.516771275979176062e-02 4.223336469050793518e-01 2.705394448877980126e-02 4.217777856288983324e-04
1.524355132359071774e-02 3.496930218786208355e-01 2.416251047321532966e-02 4.238866745570427650e-04
1.531976908020867001e-02 3.698696988369905014e-01 2.529703492666085518e-02 4.260061079298279305e-04
1.539636792560971322e-02 2.742901187539750762e-01 2.167831407450986417e-02 4.281361384694770634e-04
1.547334976523776114e-02 3.229448664205203379e-01 2.293047593158904426e-02 4.302768191618244710e-04
1.555071651406394681e-02 3.429517199491794455e-01 2.345201573467980277e-02 4.324282032576334898e-04
1.562847009663426504e-02 3.044296208641518175e-01 2.182988479520157205e-02 4.345903442739215976e-04
1.570661244711743509e-02 3.023925985255957460e-01 2.152813233810575363e-02 4.367632959952912172e-04
1.578514550935301852e-02 3.096308669907248401e-01 2.166001598862016958e-02 4.389471124752675679e-04
1.586407123689978493e-02 2.883871085696540493e-01 2.085297167865452286e-02 4.411418480376439431e-04
1.594339159308428081e-02 2.754470521836050456e-01 1.986525613596853285e-02 4.433475572778320306e-04
1.602310855104970011e-02 2.626346428284181966e-01 1.966591588193200221e-02 4.455642950642211761e-04
1.610322409380494577e-02 2.538085065648684746e-01 1.860028787524203517e-02 4.477921165395422017e-04
1.618374021427396864e-02 2.667700567325060335e-01 1.885062860401378465e-02 4.500310771222398431e-04
1.626465891534533553e-02 2.565587563644019520e-01 1.850525750802055336e-02 4.522812325078509328e-04
1.634598220992206086e-02 2.515567197643548969e-01 1.791234724643879853e-02 4.545426386703901736e-04
1.642771212097167421e-02 2.242683851390534222e-01 1.666436535189017021e-02 4.568153518637421999e-04
1.650985068157653085e-02 2.122391148102911462e-01 1.630798271040988581e-02 4.590994286230608485e-04
1.659239993498441007e-02 1.992872071937007439e-01 1.537477285533949203e-02 4.613949257661760744e-04
1.667536193465932876e-02 1.862822972265682775e-01 1.475995486424495906e-02 4.637019003950068824e-04
1.675873874433262550e-02 1.757460653963315300e-01 1.454171115477166480e-02 4.660204098969819033e-04
1.684253243805428762e-02 1.808437896030855863e-01 1.408169484928748806e-02 4.683505119464668001e-04
1.692674510024455570e-02 2.034330186542289143e-01 1.490771792516713649e-02 4.706922645061990471e-04
1.701137882574577792e-02 1.526452444276959752e-01 1.255547711022859253e-02 4.730457258287300271e-04
1.709643571987450386e-02 1.687691477104658611e-01 1.302472467581732539e-02 4.754109544578735799e-04
1.718191789847387657e-02 1.523552929082689911e-01 1.283185327094910760e-02 4.777880092301629530e-04
1.726782748796624328e-02 1.393780787597937165e-01 1.183400645701022241e-02 4.801769492763137154e-04
1.735416662540607141e-02 1.422517800384042186e-01 1.198216212814186103e-02 4.825778340226951832e-04
1.744093745853309702e-02 1.517839295870772320e-01 1.193272729301959705e-02 4.849907231928085117e-04
1.752814214582576469e-02 1.511721865088261618e-01 1.215278411170441462e-02 4.874156768087725949e-04
1.761578285655489295e-02 1.065858175028593646e-01 9.667101595539318373e-03 4.898527551928164156e-04
1.770386177083766582e-02 1.085185413445041297e-01 9.762693975738043553e-03 4.923020189687805567e-04
1.779238107969184982e-02 9.730795075858374166e-02 9.506592136612918367e-03 4.947635290636242427e-04
1.788134298509030939e-02 1.177816559975257971e-01 9.968642896142073523e-03 4.972373467089424631e-04
1.797074970001575484e-02 9.172382241766662003e-02 9.375284037765751685e-03 4.997235334424870003e-04
1.806060344851583357e-02 8.842242178401715780e-02 8.530854136314302769e-03 5.022221511096993827e-04
1.815090646575841238e-02 9.448879709771865198e-02 8.871332154531397229e-03 5.047332618652478498e-04
1.824166099808720298e-02 9.062655801202576522e-02 8.398308274712039737e-03 5.072569281745740750e-04
1.833286930307763407e-02 1.051772055657688165e-01 8.969133832043145113e-03 5.097932128154468272e-04
1.842453364959302162e-02 7.497719846287569101e-02 7.622463234744748274e-03 5.123421788795239811e-04
1.851665631784098556e-02 7.026021913570590360e-02 7.195909622587914715e-03 5.149038897739215744e-04
1.860923959943018915e-02 6.838318374670053490e-02 7.041247428341231886e-03 5.174784092227912137e-04
1.870228579742733849e-02 8.172652874326866157e-02 7.641765236825893981e-03 5.200658012689050695e-04
1.879579722641447001e-02 6.219431358695266115e-02 6.509431844571611850e-03 5.226661302752494366e-04
1.888977621254653988e-02 6.339037632771242492e-02 6.528220065525131705e-03 5.252794609266256669e-04
1.898422509360927352e-02 4.550982425080062760e-02 5.703383584092659025e-03 5.279058582312588007e-04
1.907914621907731700e-02 5.561902029115881052e-02 6.233050415195774858e-03 5.305453875224149787e-04
1.917454195017270074e-02 5.217686886506837235e-02 5.789287315139064749e-03 5.331981144600269869e-04
1.927041465992356331e-02 4.451779110545479173e-02 5.351984928496854657e-03 5.358641050323271733e-04
1.936676673322317715e-02 4.105070209233097761e-02 5.084891537781419460e-03 5.385434255574886048e-04
1.946360056688929002e-02 4.236987179482745031e-02 5.021769587305976133e-03 5.412361426852759817e-04
1.956091856972373699e-02 4.201020848066435581e-02 5.051037896791562426e-03 5.439423233987024072e-04
1.965872316257235436e-02 3.862382768283124240e-02 4.784712654177491684e-03 5.466620350156959143e-04
1.975701677838521270e-02 3.808959441824491532e-02 4.851483252119054984e-03 5.493953451907742334e-04
1.985580186227713789e-02 4.110629022437572999e-02 4.805413551681009601e-03 5.521423219167281241e-04
1.995508087158852362e-02 3.475023054127944488e-02 4.444028302519929287e-03 5.549030335263117550e-04
2.005485627594646297e-02 2.751738143659828578e-02 4.025340093591065101e-03 5.576775486939432747e-04
2.015513055732619241e-02 2.637942391177502607e-02 3.803088434236621962e-03 5.604659364374128643e-04
2.025590621011282011e-02 3.137004752064170149e-02 4.045157923851741381e-03 5.632682661195997876e-04
2.035718574116338053e-02 3.291195122455387728e-02 4.174940666725416444e-03 5.660846074501976830e-04
2.045897166986919424e-02 2.776928291064545071e-02 3.809960406647179727e-03 5.689150304874486357e-04
2.056126652821854001e-02 2.007081682977208612e-02 3.312447175383489897e-03 5.717596056398859244e-04
2.066407286085962872e-02 1.708125577572972356e-02 3.031302064488675726e-03 5.746184036680852250e-04
2.076739322516392428e-02 2.193117585741765144e-02 3.396654161992816983e-03 5.774914956864255714e-04
2.087123019128974549e-02 2.070985784031993335e-02 3.118349035131649186e-03 5.803789531648576895e-04
2.097558634224619065e-02 2.182864107807160753e-02 3.214430708750207286e-03 5.832808479306818717e-04
2.108046427395741940e-02 2.031385067573730080e-02 3.375140835996402744e-03 5.861972521703352843e-04
2.118586659532720531e-02 2.299419471270533130e-02 3.215639403799352199e-03 5.891282384311868642e-04
2.129179592830383883e-02 2.687604749083197242e-02 3.436557377141786357e-03 5.920738796233427324e-04
2.139825490794535628e-02 1.395789742424277668e-02 2.601293020969870553e-03 5.950342490214594136e-04
2.150524618248508130e-02 2.074644137492948764e-02 2.990318304032295923e-03 5.980094202665667052e-04
2.161277241339750604e-02 2.214788401437587165e-02 3.174193646779993778e-03 6.009994673678994374e-04
2.172083627546448834e-02 2.112824757690603961e-02 2.954203349059646069e-03 6.040044647047388814e-04
2.182944045684180601e-02 2.199559695119349123e-02 2.988702710150336738e-03 6.070244870282623991e-04
2.193858765912601316e-02 1.976201581344917690e-02 2.790407787128967431e-03 6.100596094634037165e-04
2.204828059742164337e-02 2.071340749591166902e-02 2.814199641527643809e-03 6.131099075107206793e-04
2.215852200040874936e-02 2.352702721208164635e-02 2.982932501895913056e-03 6.161754570482741748e-04
2.226931461041078975e-02 1.779810581147584295e-02 2.591685562475630131e-03 6.192563343335155115e-04
2.238066118346284175e-02 1.757461870310105326e-02 2.532231899811728838e-03 6.223526160051830137e-04
2.249256448938015407e-02 2.039743619388864615e-02 2.720821724428794733e-03 6.254643790852089163e-04
2.260502731182705005e-02 1.911593441883847194e-02 2.596480367651574517e-03 6.285917009806348248e-04
2.271805244838618482e-02 2.264209937432365080e-02 2.803025611244863106e-03 6.317346594855379090e-04
2.283164271062811460e-02 2.220632399563875897e-02 2.897300849139164153e-03 6.348933327829656614e-04
2.294580092418125120e-02 2.510169635109186712e-02 2.912163737780522170e-03 6.380677994468803059e-04
2.306052992880215646e-02 1.908072757755705298e-02 2.627271893217996562e-03 6.412581384441146982e-04
2.317583257844616634e-02 2.638062055941289147e-02 2.943191750811559575e-03 6.444644291363352739e-04
2.329171174133839312e-02 2.374656205249591617e-02 2.843040035878455392e-03 6.476867512820168142e-04
2.340817030004507804e-02 2.232786309804605726e-02 2.662804791632288320e-03 6.509251850384267530e-04
2.352521115154530135e-02 2.090826053815359950e-02 2.567807726219934090e-03 6.541798109636188076e-04
2.364283720730302879e-02 2.064821663610354185e-02 2.516811699666387635e-03 6.574507100184369098e-04
2.376105139333953981e-02 2.212617910865687793e-02 2.687469740754959598e-03 6.607379635685290027e-04
2.387985665030623386e-02 2.719580224523312009e-02 2.828596521637963788e-03 6.640416533863715718e-04
2.399925593355776293e-02 3.000828920102990849e-02 2.993532263654685895e-03 6.673618616533032828e-04
2.411925221322554908e-02 2.160581602455364028e-02 2.522579496727292599e-03 6.706986709615697867e-04
2.423984847429167672e-02 2.414698652390315572e-02 2.628187124333136379e-03 6.740521643163776330e-04
2.436104771666313187e-02 2.671661555457697027e-02 2.778536267625709641e-03 6.774224251379594572e-04
2.448285295524644731e-02 2.424173579019027122e-02 2.713970566496686377e-03 6.808095372636491444e-04
2.460526722002267380e-02 2.572993230680577920e-02 2.720846725084932055e-03 6.842135849499672920e-04
2.472829355612278512e-02 2.615620114540278748e-02 2.814186513315135828e-03 6.876346528747170807e-04
2.485193502390339870e-02 2.250291419261541206e-02 2.574981729775999238e-03 6.910728261390906629e-04
2.497619469902290917e-02 2.610548418177774388e-02 2.603996697635886474e-03 6.945281902697859585e-04
2.510107567251802091e-02 2.595949471839594305e-02 2.563709123950375958e-03 6.980008312211347273e-04
2.522658105088061015e-02 2.009059597230236985e-02 2.338496201273613465e-03 7.014908353772403987e-04
2.535271395613501039e-02 2.708568167205798946e-02 2.611620160684650308e-03 7.049982895541265270e-04
2.547947752591567944e-02 2.569367244406146195e-02 2.489121816560775982e-03 7.085232810018969552e-04
2.560687491354525849e-02 1.974518050944770731e-02 2.253084557849688568e-03 7.120658974069064969e-04
2.573490928811298165e-02 2.079876958642841445e-02 2.224221209280185813e-03 7.156262268939409411e-04
2.586358383455354334e-02 2.329382489853301652e-02 2.392254573291827113e-03 7.192043580284106100e-04
2.599290175372630934e-02 2.213391884120439676e-02 2.309310882750255887e-03 7.228003798185525909e-04
2.612286626249493704e-02 2.202502331011957012e-02 2.254195701755317555e-03 7.264143817176452189e-04
2.625348059380740867e-02 2.101653958448647386e-02 2.243056608004976877e-03 7.300464536262334016e-04
2.638474799677644617e-02 2.204501805592220393e-02 2.263419792635334993e-03 7.336966858943645697e-04
2.651667173676032496e-02 1.972102386215888667e-02 2.180839815560603814e-03 7.373651693238362278e-04
2.664925509544412152e-02 1.911983704399704276e-02 2.127097214518028443e-03 7.410519951704553233e-04
2.678250137092134248e-02 1.814420813249105480e-02 2.024385950854809459e-03 7.447572551463075901e-04
2.691641387777594235e-02 2.036736034122716907e-02 2.231080841565533709e-03 7.484810414220389270e-04
2.705099594716482009e-02 1.690640957988679902e-02 2.103530241575570035e-03 7.522234466291491351e-04
2.718625092690064166e-02 2.418683780462125427e-02 2.241060390067703845e-03 7.559845638622947643e-04
2.732218218153514150e-02 1.887125933997285676e-02 2.014039565705122090e-03 7.597644866816061606e-04
2.745879309244281599e-02 1.514836751470593525e-02 1.734133392461978613e-03 7.635633091150141648e-04
2.759608705790502631e-02 1.652485445671635772e-02 1.989010602623083202e-03 7.673811256605890616e-04
2.773406749319454884e-02 1.731282992296739875e-02 1.852535471219103006e-03 7.712180312888919972e-04
2.787273783066051419e-02 1.595710374102245893e-02 1.748239977053420331e-03 7.750741214453362631e-04
2.801210151981381458e-02 1.088443595414149631e-02 1.513485782492537306e-03 7.789494920525628918e-04
2.815216202741288587e-02 1.425952838009679653e-02 1.654770471999534144e-03 7.828442395128256846e-04
2.829292283754994419e-02 1.225858068117459572e-02 1.541881076965524820e-03 7.867584607103896835e-04
2.843438745173769086e-02 1.229081044693338190e-02 1.546079598095596386e-03 7.906922530139415695e-04
2.857655938899637815e-02 1.129924284555256300e-02 1.468811202272503206e-03 7.946457142790112286e-04
2.871944218594135734e-02 9.862974504552080718e-03 1.413473694821030949e-03 7.986189428504062186e-04
2.886303939687106038e-02 1.259474694410204869e-02 1.548083431794436589e-03 8.026120375646581635e-04
2.900735459385541531e-02 1.006660819684478646e-02 1.368010895088698055e-03 8.066250977524813985e-04
2.915239136682468840e-02 6.819604184684796913e-03 1.119639901278429890e-03 8.106582232412437583e-04
2.929815332365880848e-02 7.092098820184421053e-03 1.218291823622055358e-03 8.147115143574498340e-04
2.944464409027709728e-02 1.025299266042797690e-02 1.368368045406695996e-03 8.187850719292369146e-04
2.959186731072847854e-02 7.628846820903273200e-03 1.226220551041582677e-03 8.228789972888829636e-04
2.973982664728212072e-02 6.804900730062398567e-03 1.154687384550711965e-03 8.269933922753273893e-04
2.988852578051852740e-02 7.112139204870963904e-03 1.123181744086494682e-03 8.311283592367039574e-04
3.003796840942111676e-02 6.387061193269390376e-03 1.063279950011861803e-03 8.352840010328873655e-04
3.018815825146821744e-02 5.548385475374163073e-03 9.797015205053533678e-04 8.394604210380516348e-04
3.033909904272555358e-02 5.964527050600251269e-03 1.075442548676563406e-03 8.436577231432418377e-04
3.049079453793918093e-02 4.010120352433205713e-03 8.352077825212571305e-04 8.478760117589579683e-04
3.064324851062887045e-02 5.151709693168148724e-03 9.394906446393093457e-04 8.521153918177525825e-04
3.079646475318201237e-02 5.887591113810988590e-03 1.008542676895772148e-03 8.563759687768413400e-04
3.095044707694791924e-02 5.993735643647426191e-03 1.011930298640270577e-03 8.606578486207254724e-04
3.110519931233265631e-02 6.423466566416389557e-03 1.040584902270930059e-03 8.649611378638289967e-04
3.126072530889431600e-02 4.063177165128327960e-03 8.281388205704457578e-04 8.692859435531480718e-04
3.141702893543878161e-02 4.655503120020482340e-03 8.786571246121378017e-04 8.736323732709135818e-04
3.157411408011597670e-02 4.315447424700219470e-03 8.452800122456008121e-04 8.780005351372682483e-04
3.173198465051654815e-02 2.337004213364341984e-03 6.237938152491781518e-04 8.823905378129542594e-04
3.189064457376912520e-02 2.804044674794486675e-03 6.792103523708816837e-04 8.868024905020188958e-04
3.205009779663797742e-02 3.796560884015988922e-03 7.905732989921825018e-04 8.912365029545291561e-04
3.221034828562116537e-02 4.520057930113273795e-03 8.687137250393314313e-04 8.956926854693017786e-04
3.237140002704926023e-02 3.757324193027104537e-03 7.999759441768769519e-04 9.001711488966480067e-04
3.253325702718450757e-02 4.173467265462158481e-03 8.507676390500538630e-04 9.046720046411312575e-04
3.269592331232042820e-02 5.020043484099618106e-03 1.066686693285188439e-03 9.091953646643368249e-04
3.285940292888202274e-02 5.323799834601418077e-03 9.872847640716481306e-04 9.137413414876583871e-04
3.302369994352642724e-02 3.396853996777081906e-03 7.782236284823952285e-04 9.183100481950964410e-04
3.318881844324406138e-02 4.303049766393916842e-03 8.593780053288339969e-04 9.229015984360720241e-04
3.335476253546027642e-02 6.666621045847292287e-03 1.065902944183010287e-03 9.275161064282522530e-04
3.352153634813757888e-02 6.083085812850616038e-03 1.093372599555668141e-03 9.321536869603935360e-04
3.368914402987825685e-02 5.300835963242068842e-03 9.355469176473565299e-04 9.368144553951951925e-04
3.385758975002764459e-02 5.226943227904999080e-03 9.224624312530104939e-04 9.414985276721710714e-04
3.402687769877778268e-02 5.703205183385613372e-03 9.623846522548038180e-04 9.462060203105319024e-04
3.419701208727166097e-02 6.240525532391717756e-03 9.975304089346332791e-04 9.509370504120843439e-04
3.436799714770802372e-02 7.134066481880675659e-03 1.061589055901244723e-03 9.556917356641448855e-04
3.453983713344655621e-02 7.559379345268553083e-03 1.130257801650386227e-03 9.604701943424653497e-04
3.471253631911378618e-02 6.674509361436781890e-03 1.004379901309426304e-03 9.652725453141775859e-04
3.488609900070935299e-02 4.658163450114560095e-03 8.350366703251512271e-04 9.700989080407484630e-04
3.506052949571289434e-02 6.916933966091525464e-03 1.006989128010330435e-03 9.749494025809519928e-04
3.523583214319145340e-02 6.044488396713168163e-03 9.421638618500726304e-04 9.798241495938566324e-04
3.541201130390740637e-02 6.887416561623162410e-03 1.002687128126439082e-03 9.847232703418258137e-04
3.558907136042693820e-02 7.494578782249590627e-03 1.037289738187197399e-03 9.896468866935348441e-04
3.576701671722907344e-02 6.481121559076701878e-03 9.642633533968298460e-04 9.945951211270025530e-04
3.594585180081521364e-02 6.687958294668619290e-03 1.033925909182566247e-03 9.995680967326372492e-04
3.612558105981928530e-02 7.361977836943465504e-03 1.028893997356911160e-03 1.004565937216300459e-03
3.630620896511838058e-02 8.798940100551568694e-03 1.106430416144311545e-03 1.009588766902381942e-03
3.648774000994396693e-02 8.406815025863498617e-03 1.074319129080241516e-03 1.014636710736893568e-03
3.667017870999368656e-02 7.032105522729140655e-03 9.828246575167964155e-04 1.019709894290578159e-03
3.685352960354364854e-02 6.179310235380845381e-03 9.194455843633849009e-04 1.024808443762030910e-03
3.703779725156136626e-02 5.894560244422199571e-03 8.972486243189178650e-04 1.029932485980840969e-03
3.722298623781916671e-02 6.912815541205349738e-03 9.662688268514344880e-04 1.035082148410744951e-03
3.740910116900825200e-02 5.970397701859468664e-03 8.984729587805830161e-04 1.040257559152798442e-03
3.759614667485329520e-02 6.219252853208714384e-03 9.056351723650828307e-04 1.045458846948562476e-03
3.778412740822754967e-02 7.743154117286070968e-03 1.006365858407253216e-03 1.050686141183304959e-03
3.797304804526868693e-02 5.724204530530458204e-03 8.615743749918260445e-04 1.055939571889221405e-03
3.816291328549503009e-02 5.062959059457867138e-03 8.094459205809760322e-04 1.061219269748667595e-03
3.835372785192249501e-02 5.502865004715403428e-03 8.478192677872977432e-04 1.066525366097410658e-03
3.854549649118210741e-02 6.280497634538636381e-03 8.958977157071062016e-04 1.071857992927897733e-03
3.873822397363801268e-02 5.862497634279022901e-03 8.631511849527331859e-04 1.077217282892536975e-03
3.893191509350620028e-02 4.909947503901289194e-03 8.330219485882834219e-04 1.082603369306999602e-03
3.912657466897372788e-02 4.407584888293209803e-03 7.440142278552885468e-04 1.088016386153534522e-03
3.932220754231859072e-02 3.865638791477853976e-03 7.575716925403072882e-04 1.093456468084302033e-03
3.951881858003018083e-02 4.324072099010177646e-03 7.673281059816693594e-04 1.098923750424723360e-03
3.971641267293032906e-02 5.000945961425366966e-03 7.897877190635884228e-04 1.104418369176846885e-03
3.991499473629497863e-02 3.491577951790868824e-03 6.590852798695451915e-04 1.109940461022731074e-03
4.011456970997644145e-02 3.681473723249192517e-03 6.713953525366496986e-04 1.115490163327844536e-03
4.031514255852632067e-02 4.516560291576671854e-03 7.417170296937555113e-04 1.121067614144483646e-03
4.051671827131894665e-02 2.834328759775944957e-03 6.351952896312994864e-04 1.126672952215205777e-03
4.071930186267554153e-02 2.888090711009898368e-03 6.584333463768623487e-04 1.132306316976281835e-03
4.092289837198891111e-02 3.248497432685525359e-03 6.904422134405934202e-04 1.137967848561163104e-03
4.112751286384885852e-02 3.920951490266911046e-03 7.412570619987398496e-04 1.143657687803968908e-03
4.133315042816809726e-02 1.443360247062581416e-03 4.162437799098242823e-04 1.149375976242988581e-03
4.153981618030892775e-02 3.566592493874057909e-03 6.505140060612494158e-04 1.155122856124203394e-03
4.174751526121046885e-02 1.905565126580509002e-03 5.263269188686095935e-04 1.160898470404824303e-03
4.195625283751651391e-02 1.537327393217902908e-03 4.259501434365085739e-04 1.166702962756848132e-03
4.216603410170409461e-02 1.393490265988770556e-03 4.921631579881636728e-04 1.172536477570632410e-03
4.237686427221261376e-02 2.845279432368630519e-03 6.225358343981192985e-04 1.178399159958485589e-03
4.258874859357367204e-02 1.634281981109579011e-03 4.363209836094533505e-04 1.184291155758277880e-03
4.280169233654153305e-02 1.631844718670615773e-03 4.356575894111947575e-04 1.190212611537068985e-03
4.301570079822424064e-02 1.974681832925623270e-03 5.564710800613898150e-04 1.196163674594754277e-03
4.323077930221535387e-02 1.424483050080656895e-03 4.669417573455027855e-04 1.202144492967727879e-03
4.344693319872642429e-02 2.291867892125798965e-03 5.118839703515684972e-04 1.208155215432566354e-03
4.366416786472004929e-02 9.130049787234123483e-04 3.224030956082065422e-04 1.214195991509728866e-03
4.388248870404365398e-02 1.850432731096393222e-03 5.109794433674972854e-04 1.220266971467277731e-03
4.410190114756386282e-02 2.521708856169115314e-03 5.369650558299566851e-04 1.226368306324613928e-03
4.432241065330168317e-02 2.529296231529116080e-03 5.811554598302230267e-04 1.232500147856236891e-03
4.454402270656818152e-02 2.973162233536819337e-03 5.823157577228742698e-04 1.238662648595517972e-03
4.476674282010102007e-02 2.838733610384327252e-03 5.669855818173678234e-04 1.244855961838495359e-03
4.499057653420152070e-02 3.670805150954247441e-03 6.480183696708386332e-04 1.251080241647687654e-03
4.521552941687251997e-02 1.705859636133244929e-03 4.398439636371521532e-04 1.257335642855925877e-03
4.544160706395687643e-02 1.923636840110429626e-03 4.658870594905409725e-04 1.263622321070205414e-03
4.566881509927665783e-02 2.088200243706591925e-03 5.675246815403951067e-04 1.269940432675556409e-03
4.589715917477303619e-02 2.917887431226001606e-03 5.827489851188704956e-04 1.276290134838934092e-03
4.612664497064689756e-02 2.885234320459673096e-03 6.575656846470004802e-04 1.282671585513128635e-03
4.635727819550012480e-02 2.277118551184848048e-03 5.870107192491086281e-04 1.289084943440694077e-03
4.658906458647761595e-02 3.533140648472521059e-03 6.667864594506030468e-04 1.295530368157897213e-03
4.682200990941000340e-02 2.720596740411212414e-03 6.920758559211076478e-04 1.302008019998686632e-03
4.705611995895704613e-02 1.443933979760980138e-03 5.523197125153505487e-04 1.308518060098679990e-03
4.729140055875183379e-02 2.683994610373032809e-03 5.588671206519825463e-04 1.315060650399173378e-03
4.752785756154558061e-02 3.505146956152959108e-03 6.390494577004476786e-04 1.321635953651168925e-03
4.776549684935330747e-02 3.058293586395840861e-03 5.989373087925319245e-04 1.328244133419424723e-03
4.800432433360006523e-02 2.582680336018097853e-03 5.499329997698918122e-04 1.334885354086521670e-03
4.824434595526806702e-02 5.145374959656897652e-03 7.836700843657759584e-04 1.341559780856954164e-03
4.848556768504440340e-02 2.062859953048925589e-03 6.841249164182087181e-04 1.348267579761239015e-03
4.872799552346961799e-02 2.532254230944979995e-03 5.519228665138838042e-04 1.355008917660044951e-03
4.897163550108696306e-02 3.273985342645502339e-03 6.179857273302782937e-04 1.361783962248345114e-03
4.921649367859239066e-02 3.140100768543669946e-03 6.430637963506487600e-04 1.368592882059586468e-03
4.946257614698534866e-02 2.059517538868434108e-03 5.599059500116380147e-04 1.375435846469884359e-03
4.970988902772026374e-02 3.573812663619355210e-03 7.004665885788102135e-04 1.382313025702233559e-03
4.995843847285886402e-02 2.120710725679348686e-03 5.765661825423719876e-04 1.389224590830744673e-03
5.020823066522315387e-02 2.344921317425616852e-03 5.238094156839264879e-04 1.396170713784898121e-03
5.045927181854926308e-02 3.136446896660537685e-03 6.029982907975049884e-04 1.403151567353822611e-03
5.071156817764200381e-02 2.002531722850984033e-03 4.852237760352476315e-04 1.410167325190591400e-03
5.096512601853020463e-02 1.292345175028816609e-03 3.893211881886819042e-04 1.417218161816544142e-03
5.121995164862284955e-02 5.947899824764134574e-04 4.900540221492146126e-04 1.424304252625626733e-03
5.147605140686596636e-02 1.779632338992757868e-03 4.591292529062131309e-04 1.431425773888755004e-03
5.173343166390028530e-02 1.133261593049796762e-03 4.436032204873730303e-04 1.438582902758198372e-03
5.199209882221978579e-02 2.210802981346169684e-03 5.206865013778391163e-04 1.445775817271989288e-03
5.225205931633088163e-02 1.897261690396387975e-03 5.444740630632280117e-04 1.453004696358349166e-03
5.251331961291252903e-02 1.374903902710766616e-03 5.990254033707905369e-04 1.460269719840140770e-03
5.277588621097707711e-02 1.003075039859552481e-03 4.688232241092234686e-04 1.467571068439341197e-03
