1.442977229909739312e-02 5.915909870181127461e-01 3.713939392702194503e-02 4.012835029382323475e-04
1.450192116059288022e-02 5.295402378328183390e-01 3.378143446214586926e-02 4.032899204529234965e-04
1.457443076639584369e-02 5.713260756033748944e-01 3.627866716009259945e-02 4.053063700551880698e-04
1.464730292022782196e-02 5.209229408754030288e-01 3.385213557711207188e-02 4.073329019054639909e-04
1.472053943482895880e-02 4.503407800046481668e-01 3.104214648336164895e-02 4.093695664149912751e-04
1.479414213200310087e-02 4.330664840081958622e-01 2.966606597545308130e-02 4.114164142470661261e-04
1.486811284266311567e-02 4.066642966866587106e-01 2.886055043093285061e-02 4.134734963183014293e-04
1.494245340687642976e-02 4.242509907553643766e-01 2.870022712000450116e-02 4.155408637998929378e-04
1.501716567391080982e-02 3.578290218238109888e-01 2.553410463515884410e-02 4.176185681188923421e-04
1.509225150228036064e-02 4.594023323966532901e-01 2.894514583845833253e-02 4.197066609594866829e-04
1.516771275979176062e-02 3.311046582423232132e-01 2.399953191796182564e-02 4.218051942642840526e-04
1.524355132359071774e-02 3.251312851181593633e-01 2.396700706781383639e-02 4.239142202356054761e-04
1.531976908020867001e-02 3.653386869738048381e-01 2.488875602296649475e-02 4.260337913367834599e-04
1.539636792560971322e-02 3.517459433623365550e-01 2.454361824014416812e-02 4.281639602934673712e-04
1.547334976523776114e-02 3.375341752504649739e-01 2.349420056025264616e-02 4.303047800949346725e-04
1.555071651406394681e-02 3.148612581751509265e-01 2.223973910394110368e-02 4.324563039954092570e-04
1.562847009663426504e-02 2.820202501273680884e-01 2.093086582532969683e-02 4.346185855153862892e-04
1.570661244711743509e-02 2.894786136221448869e-01 2.170092183800047606e-02 4.367916784429631718e-04
1.578514550935301852e-02 2.691149300917248799e-01 2.049964134991377404e-02 4.389756368351778850e-04
1.586407123689978493e-02 2.865450188118536246e-01 2.082968432823854160e-02 4.411705150193537760e-04
1.594339159308428081e-02 2.890179020427645074e-01 2.036967783072880442e-02 4.433763675944504758e-04
1.602310855104970011e-02 2.743897900903789489e-01 1.968677339092210141e-02 4.455932494324226748e-04
1.610322409380494577e-02 2.343479376652530810e-01 1.847778177332963512e-02 4.478212156795847000e-04
1.618374021427396864e-02 2.189107716794159164e-01 1.745894805123652735e-02 4.500603217579825731e-04
1.626465891534533553e-02 2.370953907778407810e-01 1.795156995056533186e-02 4.523106233667724104e-04
1.634598220992206086e-02 2.006139736678339558e-01 1.644427226168640802e-02 4.545721764836062502e-04
1.642771212097167421e-02 2.098933100580412103e-01 1.637220446331212609e-02 4.568450373660243313e-04
1.650985068157653085e-02 2.240828917518845886e-01 1.655925362383773788e-02 4.591292625528544183e-04
1.659239993498441007e-02 1.949657321388676423e-01 1.517830527839661089e-02 4.614249088656186080e-04
1.667536193465932876e-02 1.884896059340016028e-01 1.494108333333258806e-02 4.637320334099465872e-04
1.675873874433262550e-02 1.708668123577916920e-01 1.483815960267164183e-02 4.660506935769963169e-04
1.684253243805428762e-02 1.554525928070795426e-01 1.305450558173545765e-02 4.683809470448812760e-04
1.692674510024455570e-02 1.542423993760698164e-01 1.281774083979859459e-02 4.707228517801056197e-04
1.701137882574577792e-02 1.545918027714372200e-01 1.303482217739790686e-02 4.730764660390061145e-04
1.709643571987450386e-02 1.264263419670603183e-01 1.127751525641474198e-02 4.754418483692010654e-04
1.718191789847387657e-02 1.469955442748433205e-01 1.260694328998871599e-02 4.778190576110471046e-04
1.726782748796624328e-02 1.386541373475514982e-01 1.181543867904126868e-02 4.802081528991022138e-04
1.735416662540607141e-02 1.192580743458086651e-01 1.077001324205782359e-02 4.826091936635976912e-04
1.744093745853309702e-02 1.257419516324370101e-01 1.087630198747099354e-02 4.850222396319155398e-04
1.752814214582576469e-02 1.236891711323793580e-01 1.099278769805671005e-02 4.874473508300751793e-04
1.761578285655489295e-02 9.959198545517743140e-02 9.347069149396338567e-03 4.898845875842255254e-04
1.770386177083766582e-02 9.830947517808062697e-02 9.310122925234757402e-03 4.923340105221466097e-04
1.779238107969184982e-02 8.303480658944785431e-02 8.545495040141477122e-03 4.947956805747571627e-04
1.788134298509030939e-02 9.422048421296792819e-02 8.923869733657103023e-03 4.972696589776309795e-04
1.797074970001575484e-02 9.254178305860553955e-02 8.805147388641534900e-03 4.997560072725190303e-04
1.806060344851583357e-02 7.863544476377411219e-02 8.051550069397865259e-03 5.022547873088815474e-04
1.815090646575841238e-02 6.535209865180091615e-02 7.385189354714564482e-03 5.047660612454259654e-04
1.824166099808720298e-02 7.426913546813398992e-02 7.605227468798532973e-03 5.072898915516531023e-04
1.833286930307763407e-02 5.988395394343643680e-02 6.767872450453356337e-03 5.098263410094112545e-04
1.842453364959302162e-02 7.305319823195995099e-02 7.588371945088415518e-03 5.123754727144582072e-04
1.851665631784098556e-02 6.621846150721460988e-02 7.006888756138626717e-03 5.149373500780305086e-04
1.860923959943018915e-02 5.262811135550715669e-02 6.349560091279279894e-03 5.175120368284206584e-04
1.870228579742733849e-02 5.190548268793911818e-02 6.107016847585672488e-03 5.200995970125626457e-04
1.879579722641447001e-02 5.110356113185689220e-02 5.891601551054784919e-03 5.227000949976252919e-04
1.888977621254653988e-02 4.584618063563511425e-02 5.790877924876499869e-03 5.253135954726134010e-04
1.898422509360927352e-02 5.712029725341966763e-02 6.223050808090847645e-03 5.279401634499764984e-04
1.907914621907731700e-02 4.125761532199142406e-02 5.190473868607852446e-03 5.305798642672263522e-04
1.917454195017270074e-02 3.726093960206768030e-02 4.885735700448550281e-03 5.332327635885623007e-04
1.927041465992356331e-02 4.340500461764037338e-02 5.295521975680709051e-03 5.358989274065051453e-04
1.936676673322317715e-02 3.982120829511995308e-02 5.010279903846892591e-03 5.385784220435375479e-04
1.946360056688929002e-02 3.111122864809435715e-02 4.308694830143773233e-03 5.412713141537551630e-04
1.956091856972373699e-02 3.041696148208531195e-02 4.296156749561414433e-03 5.439776707245239486e-04
1.965872316257235436e-02 2.881473983470603933e-02 4.310761917672358869e-03 5.466975590781464767e-04
1.975701677838521270e-02 2.981050450164409588e-02 4.169179464999472375e-03 5.494310468735371343e-04
1.985580186227713789e-02 2.759790278626492524e-02 3.937878566165991384e-03 5.521782021079048048e-04
1.995508087158852362e-02 2.729948421052119309e-02 4.273349164510303888e-03 5.549390931184443321e-04
2.005485627594646297e-02 3.604617766394215689e-02 4.366068347765895800e-03 5.577137885840364410e-04
2.015513055732619241e-02 3.265300194440753229e-02 4.377427103637972911e-03 5.605023575269565484e-04
2.025590621011282011e-02 2.722628810953207218e-02 3.771229898502828203e-03 5.633048693145912720e-04
2.035718574116338053e-02 3.032830945174264450e-02 4.012391120791909162e-03 5.661213936611641552e-04
2.045897166986919424e-02 2.667457508860272830e-02 3.730836246239241198e-03 5.689520006294698480e-04
2.056126652821854001e-02 2.543916652991978430e-02 3.558037709960077712e-03 5.717967606326171794e-04
2.066407286085962872e-02 1.838871139880948746e-02 2.979509149474101476e-03 5.746557444357801433e-04
2.076739322516392428e-02 2.839445722367030592e-02 3.692212903076856623e-03 5.775290231579589687e-04
2.087123019128974549e-02 2.130659481241219469e-02 3.172339225305790232e-03 5.804166682737488866e-04
2.097558634224619065e-02 2.479521513688303508e-02 3.738016672269446096e-03 5.833187516151174630e-04
2.108046427395741940e-02 2.115041067909868844e-02 3.114477926439003248e-03 5.862353453731929901e-04
2.118586659532720531e-02 2.569402898661141132e-02 3.398821574901363281e-03 5.891665221000589496e-04
2.129179592830383883e-02 2.201081025476947159e-02 3.108658676916443292e-03 5.921123547105592091e-04
2.139825490794535628e-02 2.380015470018384191e-02 3.375142778280223934e-03 5.950729164841118924e-04
2.150524618248508130e-02 2.378067645456209689e-02 3.202117847194922273e-03 5.980482810665324655e-04
2.161277241339750604e-02 1.863138216191048344e-02 2.804765025267195750e-03 6.010385224718650622e-04
2.172083627546448834e-02 2.172721515646109866e-02 3.113786588341317402e-03 6.040437150842242189e-04
2.182944045684180601e-02 2.546477395478561820e-02 3.324361154821978658e-03 6.070639336596452820e-04
2.193858765912601316e-02 2.731604858538423664e-02 3.283339666170297447e-03 6.100992533279433810e-04
2.204828059742164337e-02 2.108350838517741854e-02 3.132692748312191581e-03 6.131497495945831353e-04
2.215852200040874936e-02 2.944646766863969270e-02 3.430060519983988560e-03 6.162154983425559502e-04
2.226931461041078975e-02 2.624461835196510717e-02 3.154076174607009422e-03 6.192965758342686968e-04
2.238066118346284175e-02 2.335524719038942904e-02 2.914289556183790025e-03 6.223930587134399823e-04
2.249256448938015407e-02 2.338888546878878025e-02 2.918354710272235732e-03 6.255050240070071524e-04
2.260502731182705005e-02 2.335611475312464672e-02 2.997159424980345727e-03 6.286325491270420771e-04
2.271805244838618482e-02 2.552127987455114766e-02 2.981319559756574929e-03 6.317757118726772354e-04
2.283164271062811460e-02 2.711687093761207951e-02 3.064351781462739451e-03 6.349345904320405831e-04
2.294580092418125120e-02 2.463556248578794780e-02 2.971344291269971578e-03 6.381092633842007193e-04
2.306052992880215646e-02 2.892102117943732079e-02 3.303620313800281934e-03 6.412998097011215950e-04
2.317583257844616634e-02 2.078234996108188973e-02 2.612775696617656695e-03 6.445063087496271954e-04
2.329171174133839312e-02 2.449281063674447340e-02 2.998207371733985736e-03 6.477288402933752218e-04
2.340817030004507804e-02 2.292194209329527846e-02 2.695419425503933417e-03 6.509674844948419407e-04
2.352521115154530135e-02 3.063909275113822425e-02 3.180005613057773888e-03 6.542223219173160312e-04
2.364283720730302879e-02 2.345005944397568834e-02 2.683740431754854956e-03 6.574934335269027328e-04
2.376105139333953981e-02 3.202795615814143376e-02 3.293163792502417416e-03 6.607809006945371006e-04
2.387985665030623386e-02 2.517780912990425987e-02 2.724403988560324986e-03 6.640848051980096202e-04
2.399925593355776293e-02 2.753727492570108223e-02 2.938018513417088064e-03 6.674052292239996288e-04
2.411925221322554908e-02 2.784175330317062783e-02 2.864625451152735380e-03 6.707422553701195781e-04
2.423984847429167672e-02 2.128282618122075490e-02 2.468007146695705423e-03 6.740959666469701402e-04
2.436104771666313187e-02 2.617894271539663448e-02 2.752703202636328731e-03 6.774664464802049616e-04
2.448285295524644731e-02 2.893456944660849697e-02 2.924616632952967490e-03 6.808537787126059350e-04
2.460526722002267380e-02 2.437509993391407184e-02 2.653193249534089009e-03 6.842580476061688784e-04
2.472829355612278512e-02 2.708493694269727831e-02 2.864575437852279454e-03 6.876793378441996242e-04
2.485193502390339870e-02 2.335531138144110799e-02 2.759756675126405229e-03 6.911177345334206228e-04
2.497619469902290917e-02 2.023626626000678275e-02 2.355227317716806958e-03 6.945733232060875232e-04
2.510107567251802091e-02 1.775244896906745876e-02 2.242108035876605975e-03 6.980461898221178947e-04
2.522658105088061015e-02 2.551227604646164743e-02 2.544549696521041047e-03 7.015364207712284066e-04
2.535271395613501039e-02 2.483936233502610780e-02 2.502596678509372546e-03 7.050441028750844760e-04
2.547947752591567944e-02 2.351610209877733754e-02 2.454059597042675903e-03 7.085693233894597813e-04
2.560687491354525849e-02 2.295952439275610393e-02 2.349595152774047215e-03 7.121121700064070520e-04
2.573490928811298165e-02 1.683405064177854321e-02 2.059548662882368809e-03 7.156727308564390499e-04
2.586358383455354334e-02 2.267652182550072837e-02 2.296699794292062381e-03 7.192510945107211508e-04
2.599290175372630934e-02 1.880636272739783302e-02 2.084456513677931076e-03 7.228473499832746606e-04
2.612286626249493704e-02 1.952565275972814249e-02 2.171800144337057703e-03 7.264615867331909727e-04
2.625348059380740867e-02 1.792339156199139819e-02 2.011643497939273606e-03 7.300938946668567844e-04
2.638474799677644617e-02 1.421342366152324004e-02 1.838297483945300955e-03 7.337443641401911317e-04
2.651667173676032496e-02 1.978451533444108498e-02 2.116166723050497567e-03 7.374130859608919644e-04
2.664925509544412152e-02 1.759949870572145511e-02 2.048918750887474861e-03 7.411001513906962735e-04
2.678250137092134248e-02 1.336861681188284898e-02 1.736798170938524738e-03 7.448056521476497608e-04
2.691641387777594235e-02 1.561419270548472515e-02 2.020212175183709515e-03 7.485296804083878914e-04
2.705099594716482009e-02 1.291913601439617469e-02 1.830994486786059880e-03 7.522723288104297404e-04
2.718625092690064166e-02 1.319033018939795229e-02 1.658410459284546511e-03 7.560336904544818137e-04
2.732218218153514150e-02 1.235104005192001753e-02 1.591123670762083090e-03 7.598138589067541214e-04
2.745879309244281599e-02 1.201599749688334572e-02 1.548130840122802915e-03 7.636129282012878508e-04
2.759608705790502631e-02 1.182527352088132665e-02 1.536465213939735815e-03 7.674309928422942077e-04
2.773406749319454884e-02 9.961646328510148987e-03 1.406061116347029349e-03 7.712681478065056169e-04
2.787273783066051419e-02 9.995666989993079107e-03 1.383549432713476355e-03 7.751244885455379824e-04
2.801210151981381458e-02 9.852785102578193524e-03 1.390839588836451654e-03 7.790001109882655232e-04
2.815216202741288587e-02 1.061370246955199541e-02 1.428676885115748958e-03 7.828951115432069945e-04
2.829292283754994419e-02 8.393983309682275309e-03 1.277972313096206129e-03 7.868095871009228581e-04
2.843438745173769086e-02 9.551070974943043010e-03 1.362309013999547531e-03 7.907436350364273076e-04
2.857655938899637815e-02 8.636938670987441211e-03 1.368594878512166329e-03 7.946973532116093997e-04
2.871944218594135734e-02 9.056118502540649873e-03 1.305195151204823064e-03 7.986708399776674136e-04
2.886303939687106038e-02 8.199961096878547254e-03 1.248689444900706646e-03 8.026641941775556786e-04
2.900735459385541531e-02 5.231349850848741878e-03 9.872778244788987280e-04 8.066775151484434359e-04
2.915239136682468840e-02 7.206141781963275490e-03 1.152366330073520320e-03 8.107109027241855186e-04
2.929815332365880848e-02 7.091032046833963508e-03 1.134001340639210131e-03 8.147644572378063676e-04
2.944464409027709728e-02 7.531794745334835159e-03 1.174763078786185584e-03 8.188382795239952140e-04
2.959186731072847854e-02 5.594553501760013252e-03 1.003583815191537703e-03 8.229324709216151402e-04
2.973982664728212072e-02 5.489339264726043367e-03 9.847208408325820728e-04 8.270471332762231991e-04
2.988852578051852740e-02 4.994425800381844388e-03 9.427278336413149164e-04 8.311823689426041948e-04
3.003796840942111676e-02 8.704097468054929065e-03 1.241997017342933622e-03 8.353382807873171480e-04
3.018815825146821744e-02 4.161923266597877119e-03 8.485756998855838000e-04 8.395149721912535798e-04
3.033909904272555358e-02 6.080042835142238263e-03 1.026534698161019618e-03 8.437125470522096726e-04
3.049079453793918093e-02 5.944311592289377999e-03 1.018270434063805454e-03 8.479311097874706830e-04
3.064324851062887045e-02 4.472558932110033865e-03 8.761351453324693660e-04 8.521707653364079312e-04
3.079646475318201237e-02 4.506407852934885515e-03 8.827532380021179152e-04 8.564316191630898852e-04
3.095044707694791924e-02 5.993610825453491928e-03 1.011909225325453897e-03 8.607137772589052794e-04
3.110519931233265631e-02 4.071861184494164274e-03 9.279431078764575251e-04 8.650173461451996773e-04
3.126072530889431600e-02 6.005914738069741826e-03 1.065484286046660973e-03 8.693424328759255873e-04
3.141702893543878161e-02 6.156442757442769781e-03 1.010806480643351235e-03 8.736891450403050461e-04
3.157411408011597670e-02 5.813982200425126673e-03 9.815244475105552001e-04 8.780575907655066223e-04
3.173198465051654815e-02 4.339632459143423319e-03 8.499885669902189703e-04 8.824478787193339125e-04
3.189064457376912520e-02 5.787482336091560008e-03 9.770073497923944909e-04 8.868601181129304092e-04
3.205009779663797742e-02 6.460890874487098569e-03 1.033179540045875812e-03 8.912944187034952098e-04
3.221034828562116537e-02 6.371595723665750451e-03 1.032217331752202085e-03 8.957508907970127129e-04
3.237140002704926023e-02 5.613017853047907145e-03 1.173099420157024987e-03 9.002296452509974930e-04
3.253325702718450757e-02 5.925526727728227042e-03 1.014860829591010061e-03 9.047307934772525102e-04
3.269592331232042820e-02 7.261530054100749469e-03 1.247400705321804505e-03 9.092544474446387056e-04
3.285940292888202274e-02 6.254979628683099424e-03 1.071298398006385270e-03 9.138007196818616167e-04
3.302369994352642724e-02 5.010190858593138730e-03 9.455393118389372829e-04 9.183697232802707881e-04
3.318881844324406138e-02 4.994291707259979410e-03 1.017338955579451948e-03 9.229615718966721919e-04
3.335476253546027642e-02 7.104315889418663654e-03 1.156532859447273378e-03 9.275763797561553930e-04
3.352153634813757888e-02 4.962235625237836935e-03 9.762500657083201996e-04 9.322142616549362187e-04
3.368914402987825685e-02 9.961397219807800740e-03 1.283928489998958878e-03 9.368753329632105963e-04
3.385758975002764459e-02 5.309761419819900713e-03 9.892518086106979504e-04 9.415597096280266037e-04
3.402687769877778268e-02 8.803328256373305419e-03 1.195951958393733300e-03 9.462675081761667134e-04
3.419701208727166097e-02 6.803363582941398917e-03 1.092953135323194947e-03 9.509988457170472738e-04
3.436799714770802372e-02 6.833012598966978733e-03 1.040168100130519496e-03 9.557538399456326278e-04
3.453983713344655621e-02 7.504733029759068884e-03 1.081248762277097495e-03 9.605326091453606158e-04
3.471253631911378618e-02 6.204617703842877155e-03 9.672263154055676156e-04 9.653352721910872687e-04
3.488609900070935299e-02 7.987556500243677901e-03 1.095098142626766812e-03 9.701619485520426682e-04
3.506052949571289434e-02 6.095099160982927165e-03 9.918188812176617717e-04 9.750127582948027449e-04
3.523583214319145340e-02 8.738599034314221276e-03 1.135467664111609052e-03 9.798878220862766893e-04
3.541201130390740637e-02 5.874059505795550459e-03 9.269714600922772775e-04 9.847872611967079144e-04
3.558907136042693820e-02 6.482485777297389284e-03 9.644731250252774370e-04 9.897111975026911743e-04
3.576701671722907344e-02 5.051529580801445915e-03 9.875419061871576303e-04 9.946597534902046431e-04
3.594585180081521364e-02 6.896849771315041386e-03 1.031072645273650550e-03 9.996330522576556566e-04
3.612558105981928530e-02 7.074888427025131064e-03 1.008748195519412359e-03 1.004631217518943799e-03
3.630620896511838058e-02 6.305486679025661123e-03 9.381594028519384815e-04 1.009654373606538522e-03
3.648774000994396693e-02 7.316536717142233838e-03 1.003077190847719577e-03 1.014702645474571067e-03
3.667017870999368656e-02 6.481589299260812585e-03 9.436424476661692869e-04 1.019776158701943746e-03
3.685352960354364854e-02 5.096606534457193832e-03 8.363200953381238860e-04 1.024875039495453310e-03
3.703779725156136626e-02 4.804948973894592433e-03 8.106869494835681816e-04 1.029999414692930578e-03
3.722298623781916671e-02 4.749138392422772199e-03 8.013253641490242782e-04 1.035149411766395034e-03
3.740910116900825200e-02 5.294327886727148887e-03 8.462654641169347876e-04 1.040325158825226772e-03
3.759614667485329520e-02 5.443416972874187860e-03 8.486794181361380970e-04 1.045526784619352960e-03
3.778412740822754967e-02 5.117010792489890512e-03 8.179900561915851237e-04 1.050754418542449494e-03
3.797304804526868693e-02 5.222134169032659201e-03 8.243821565091117914e-04 1.056008190635161726e-03
3.816291328549503009e-02 3.385632259388284254e-03 6.629317744899536824e-04 1.061288231588337341e-03
3.835372785192249501e-02 4.832421425097041708e-03 7.932474507122935130e-04 1.066594672746278743e-03
3.854549649118210741e-02 3.395661992202937338e-03 7.100020650230985013e-04 1.071927646110010192e-03
3.873822397363801268e-02 3.832530620006629161e-03 7.654305715562687799e-04 1.077287284340560118e-03
3.893191509350620028e-02 3.834580251198109382e-03 6.991449318242534596e-04 1.082673720762262950e-03
3.912657466897372788e-02 3.663175998782311916e-03 6.793284768688825827e-04 1.088087089366074171e-03
3.932220754231859072e-02 2.998492455567920798e-03 6.113087876756994818e-04 1.093527524812904243e-03
3.951881858003018083e-02 2.446924110012107991e-03 5.464731155339243437e-04 1.098995162436968787e-03
3.971641267293032906e-02 4.255890912113579998e-03 7.290340646855976306e-04 1.104490138249153517e-03
3.991499473629497863e-02 2.370554422800500317e-03 6.231107125247167073e-04 1.110012588940399118e-03
4.011456970997644145e-02 2.092601497578109714e-03 5.069673868206949277e-04 1.115562651885100868e-03
4.031514255852632067e-02 3.345379753550471909e-03 6.851641921648624067e-04 1.121140465144526265e-03
4.051671827131894665e-02 2.593925824697017671e-03 6.121529061190783463e-04 1.126746167470248691e-03
4.071930186267554153e-02 2.294877809672716314e-03 5.259377793589294732e-04 1.132379898307599945e-03
4.092289837198891111e-02 1.927090022115120942e-03 4.812753443465681079e-04 1.138041797799137743e-03
4.112751286384885852e-02 1.475626269422583917e-03 4.837765962163082553e-04 1.143732006788133592e-03
4.133315042816809726e-02 2.651188739380513915e-03 5.646677010887196646e-04 1.149450666822074115e-03
4.153981618030892775e-02 2.260037768072096706e-03 5.179676414529632653e-04 1.155197920156184272e-03
4.174751526121046885e-02 1.514479222461585176e-03 4.196195584622861084e-04 1.160973909756964897e-03
4.195625283751651391e-02 1.183063053494909931e-03 3.737420562503632410e-04 1.166778779305749532e-03
4.216603410170409461e-02 3.261535422171797389e-03 6.157348534238419550e-04 1.172612673202278388e-03
4.237686427221261376e-02 2.448366088854668412e-03 5.337241618968046252e-04 1.178475736568289660e-03
4.258874859357367204e-02 3.044844313489219502e-03 5.965124174915902326e-04 1.184368115251131000e-03
4.280169233654153305e-02 2.568624451808077750e-03 5.470408325022189022e-04 1.190289955827386397e-03
4.301570079822424064e-02 2.373446641698295171e-03 5.759621687409924914e-04 1.196241405606523426e-03
4.323077930221535387e-02 1.725686407082369480e-03 5.265955843828035773e-04 1.202222612634555685e-03
4.344693319872642429e-02 2.153179854054494084e-03 5.957502699367693685e-04 1.208233725697728436e-03
4.366416786472004929e-02 2.634610508381019910e-03 5.486936490585123940e-04 1.214274894326216811e-03
4.388248870404365398e-02 2.596458099554164230e-03 5.407291982748537763e-04 1.220346268797848103e-03
4.410190114756386282e-02 2.408908272864415060e-03 5.250166014513551940e-04 1.226448000141837054e-03
4.432241065330168317e-02 3.167784594979468783e-03 5.978651458184654254e-04 1.232580240142546303e-03
4.454402270656818152e-02 3.100123910940940936e-03 5.958319393443621765e-04 1.238743141343258761e-03
4.476674282010102007e-02 2.043335673251802688e-03 4.809754964303903616e-04 1.244936857049974916e-03
4.499057653420152070e-02 2.871986598551010388e-03 5.736055940088298976e-04 1.251161541335224676e-03
4.521552941687251997e-02 3.189225156533949390e-03 6.018761565752831161e-04 1.257417349041900457e-03
4.544160706395687643e-02 2.838491075387545876e-03 5.668955378436641226e-04 1.263704435787109783e-03
4.566881509927665783e-02 1.741876825521924965e-03 4.491085339463382988e-04 1.270022957966045240e-03
4.589715917477303619e-02 2.809236549344356574e-03 5.726158976700527169e-04 1.276373072755875460e-03
4.612664497064689756e-02 3.479762876016033978e-03 6.452965132156444168e-04 1.282754938119654757e-03
4.635727819550012480e-02 4.597527749636176608e-03 7.548004755377911348e-04 1.289168712810252705e-03
4.658906458647761595e-02 3.292853279732070072e-03 6.448938350546069582e-04 1.295614556374303670e-03
4.682200990941000340e-02 3.527130404822010831e-03 6.540604130565447335e-04 1.302092629156175211e-03
4.705611995895704613e-02 2.564278007320286434e-03 6.159093368273859575e-04 1.308603092301955989e-03
4.729140055875183379e-02 2.104164271420577367e-03 4.952605042194886155e-04 1.315146107763465796e-03
4.752785756154558061e-02 1.521821032375014152e-03 4.214836881235279969e-04 1.321721838302282719e-03
4.776549684935330747e-02 3.059469965823113317e-03 5.991676913469397162e-04 1.328330447493794152e-03
4.800432433360006523e-02 2.354203856208935807e-03 5.257465772570871871e-04 1.334972099731262987e-03
4.824434595526806702e-02 2.277157838341049064e-03 5.217552157704681646e-04 1.341646960229919174e-03
4.848556768504440340e-02 2.581765362798624664e-03 5.626861619374769500e-04 1.348355195031068635e-03
4.872799552346961799e-02 2.338869896411779805e-03 5.844841066134472607e-04 1.355096971006223856e-03
4.897163550108696306e-02 1.760090855070682624e-03 4.539104547016826877e-04 1.361872455861254860e-03
4.921649367859239066e-02 1.834510016768051274e-03 4.580936039422738699e-04 1.368681818140561005e-03
4.946257614698534866e-02 2.179284878243556520e-03 4.994059099482828137e-04 1.375525227231263591e-03
4.970988902772026374e-02 1.383376479251397211e-03 3.989020207942402686e-04 1.382402853367419721e-03
4.995843847285886402e-02 8.287308028645825036e-04 4.263847602417758119e-04 1.389314867634256758e-03
5.020823066522315387e-02 1.756042583263153463e-03 4.529491375085900888e-04 1.396261441972427826e-03
5.045927181854926308e-02 9.797348887260000274e-04 4.129373153742931890e-04 1.403242749182289847e-03
5.071156817764200381e-02 2.471594653132104524e-03 5.388311578559338687e-04 1.410258962928201106e-03
5.096512601853020463e-02 1.769894489473061196e-03 4.565912714354421632e-04 1.417310257742841794e-03
5.121995164862284955e-02 1.548848156915282655e-03 4.292032722409695853e-04 1.424396809031556023e-03
5.147605140686596636e-02 1.116249043666367761e-03 4.369233212677302780e-04 1.431518793076713789e-03
5.173343166390028530e-02 1.207069629357519509e-03 3.814124384632510312e-04 1.438676387042097000e-03
5.199209882221978579e-02 4.916030504264982254e-04 2.456105976593194969e-04 1.445869768977307412e-03
5.225205931633088163e-02 8.645387074768639667e-04 4.449913506895719953e-04 1.453099117822193856e-03
5.251331961291252903e-02 1.755723790617867014e-03 4.689146914711643066e-04 1.460364613411304626e-03
5.277588621097707711e-02 1.252683375237891635e-03 3.958612365853728847e-04 1.467666436478360899e-03
