1.442977229909739312e-02 6.435397741968704732e-01 3.901008549969645078e-02 4.012867625701226548e-04
1.450192116059288022e-02 5.248860508812781545e-01 3.355323048002160913e-02 4.032931963829732946e-04
1.457443076639584369e-02 4.980619340363532932e-01 3.353920866762977182e-02 4.053096623648881082e-04
1.464730292022782196e-02 4.979939245007043991e-01 3.307215681274490449e-02 4.073362106767125165e-04
1.472053943482895880e-02 4.371128027333228694e-01 3.049708460251147543e-02 4.093728917300960379e-04
1.479414213200310087e-02 4.856402712470633265e-01 3.060794626888859588e-02 4.114197561887464392e-04
1.486811284266311567e-02 4.869632961275568994e-01 3.106787031346155623e-02 4.134768549696901749e-04
1.494245340687642976e-02 4.974869663501392814e-01 3.104689257078950548e-02 4.155442392445385727e-04
1.501716567391080982e-02 3.651089761501225550e-01 2.603192483838493582e-02 4.176219604407612287e-04
1.509225150228036064e-02 3.307732634133733751e-01 2.462216307009054694e-02 4.197100702429649327e-04
1.516771275979176062e-02 3.966336312616998150e-01 2.644898769875100170e-02 4.218086205941796942e-04
1.524355132359071774e-02 3.237326623802295744e-01 2.328204171439663545e-02 4.239176636971505696e-04
1.531976908020867001e-02 3.562604426394346824e-01 2.455889231237907630e-02 4.260372520156362653e-04
1.539636792560971322e-02 3.453121822369603078e-01 2.427378985604986342e-02 4.281674382757144626e-04
1.547334976523776114e-02 3.339936103402785239e-01 2.330463834054283256e-02 4.303082754670929980e-04
1.555071651406394681e-02 3.344498533369701931e-01 2.320920412857587975e-02 4.324598168444283614e-04
1.562847009663426504e-02 2.960236084732806305e-01 2.150715009094078187e-02 4.346221159286504823e-04
1.570661244711743509e-02 2.883825238152797898e-01 2.141251984934038413e-02 4.367952265082936970e-04
1.578514550935301852e-02 2.899742858913176291e-01 2.143768636357805749e-02 4.389792026408350333e-04
1.586407123689978493e-02 3.073706051665675010e-01 2.155548956653586742e-02 4.411740986540392713e-04
1.594339159308428081e-02 2.468157500220291012e-01 1.901708487734971725e-02 4.433799691473093722e-04
1.602310855104970011e-02 2.796583549157177773e-01 2.004789347718650971e-02 4.455968689930458505e-04
1.610322409380494577e-02 2.695248031886925411e-01 1.942281842797643696e-02 4.478248533380110256e-04
1.618374021427396864e-02 2.224357554637619305e-01 1.726138696991911387e-02 4.500639776047010254e-04
1.626465891534533553e-02 2.250827545399775031e-01 1.725921545079466685e-02 4.523142974927244582e-04
1.634598220992206086e-02 2.127814891710929357e-01 1.675827550328515270e-02 4.545758689801880225e-04
1.642771212097167421e-02 1.862754734853001304e-01 1.521309219004173506e-02 4.568487483250890566e-04
1.650985068157653085e-02 2.003069462817504975e-01 1.564113202027058933e-02 4.591329920667144306e-04
1.659239993498441007e-02 2.105450595655890822e-01 1.636384778574047696e-02 4.614286570270479488e-04
1.667536193465932876e-02 1.757511180918795435e-01 1.416663005669870253e-02 4.637358003121830655e-04
1.675873874433262550e-02 1.869033253089858737e-01 1.468798764447802954e-02 4.660544793137440028e-04
1.684253243805428762e-02 1.487432854264164050e-01 1.276561325872776695e-02 4.683847517103126691e-04
1.692674510024455570e-02 1.590602620388304189e-01 1.299443426298135806e-02 4.707266754688641430e-04
1.701137882574577792e-02 1.339507285993898622e-01 1.171601283671318272e-02 4.730803088462084451e-04
1.709643571987450386e-02 1.350180681144696748e-01 1.163245469672516755e-02 4.754457103904394114e-04
1.718191789847387657e-02 1.448017503854816257e-01 1.224986932500708205e-02 4.778229389423915906e-04
1.726782748796624328e-02 1.460130290817835130e-01 1.234211752526223789e-02 4.802120536371034826e-04
1.735416662540607141e-02 1.180301365723092077e-01 1.070308830803008877e-02 4.826131139052889101e-04
1.744093745853309702e-02 1.055781021303356382e-01 9.951547484335767496e-03 4.850261794748152188e-04
1.752814214582576469e-02 1.254374459415885934e-01 1.131704221737316746e-02 4.874513103721893944e-04
1.761578285655489295e-02 1.218784081605358421e-01 1.031364030123861110e-02 4.898885669240503034e-04
1.770386177083766582e-02 1.068518750879661888e-01 9.691981616196254298e-03 4.923380097586704763e-04
1.779238107969184982e-02 8.238483113998286422e-02 8.693158254052410494e-03 4.947996998074637989e-04
1.788134298509030939e-02 8.460617792166161277e-02 8.934633320190286596e-03 4.972736983065010642e-04
1.797074970001575484e-02 7.381576376979961940e-02 7.852444996893854015e-03 4.997600667980333852e-04
1.806060344851583357e-02 7.876241723576851705e-02 8.221216964241882461e-03 5.022588671320236302e-04
1.815090646575841238e-02 7.432507795588320920e-02 7.862978513160876273e-03 5.047701614676837131e-04
1.824166099808720298e-02 6.393899514753140223e-02 7.047335732939983069e-03 5.072940122750220753e-04
1.833286930307763407e-02 6.127925108698664691e-02 6.838435439002235085e-03 5.098304823363970220e-04
1.842453364959302162e-02 5.202861558898026761e-02 6.467956796838750765e-03 5.123796347480790575e-04
1.851665631784098556e-02 6.023660092190093879e-02 6.832999418902990611e-03 5.149415329218194008e-04
1.860923959943018915e-02 5.879678890611654551e-02 6.521904814040930393e-03 5.175162405864284750e-04
1.870228579742733849e-02 4.962703634534432195e-02 5.964532746929479025e-03 5.201038217893605778e-04
1.879579722641447001e-02 3.735553453200984170e-02 5.029052092100091444e-03 5.227043408983072246e-04
1.888977621254653988e-02 4.502686189707578307e-02 5.733150101305473784e-03 5.253178626027986235e-04
1.898422509360927352e-02 4.537489866723005277e-02 5.535169657244812767e-03 5.279444519158126318e-04
1.907914621907731700e-02 5.162696981901771648e-02 5.800108496245247151e-03 5.305841741753916261e-04
1.917454195017270074e-02 4.861649987403197232e-02 5.568846677992010316e-03 5.332370950462685891e-04
1.927041465992356331e-02 3.752592381086978374e-02 4.920658430158069384e-03 5.359032805214998096e-04
1.936676673322317715e-02 2.770801333247963766e-02 4.446886798948085362e-03 5.385827969241072316e-04
1.946360056688929002e-02 2.743368820282597251e-02 4.039595098618961946e-03 5.412757109087277434e-04
1.956091856972373699e-02 3.520737956320774131e-02 4.617101791842256019e-03 5.439820894632713556e-04
1.965872316257235436e-02 3.325012313523808410e-02 4.437684077591920635e-03 5.467019999105876202e-04
1.975701677838521270e-02 2.680258170181637825e-02 3.946971728230501582e-03 5.494355099101405062e-04
1.985580186227713789e-02 2.977070507559190921e-02 4.084451611614687942e-03 5.521826874596911898e-04
1.995508087158852362e-02 2.673819809803049813e-02 3.895532009723873777e-03 5.549436008969896262e-04
2.005485627594646297e-02 2.909570597518334675e-02 3.918619278509052548e-03 5.577183189014744708e-04
2.015513055732619241e-02 3.067239944022556383e-02 4.093972665369287854e-03 5.605069104959817814e-04
2.025590621011282011e-02 2.505287871872383457e-02 3.611876967820978283e-03 5.633094450484616355e-04
2.035718574116338053e-02 2.515221873670608205e-02 3.805807351780061704e-03 5.661259922737038553e-04
2.045897166986919424e-02 2.659058171896572578e-02 3.719088296114393156e-03 5.689566222350722971e-04
2.056126652821854001e-02 2.634264693268052737e-02 3.614216454370034609e-03 5.718014053462475979e-04
2.066407286085962872e-02 3.525095127562095920e-02 4.120938807484332209e-03 5.746604123729787041e-04
2.076739322516392428e-02 2.540626647464796703e-02 3.485636551309026932e-03 5.775337144348435077e-04
2.087123019128974549e-02 2.315110536686559167e-02 3.303286621574988858e-03 5.804213830070178298e-04
2.097558634224619065e-02 2.359503731109026739e-02 3.332667363774676709e-03 5.833234899220527542e-04
2.108046427395741940e-02 2.247248926273334030e-02 3.206265071173963668e-03 5.862401073716630179e-04
2.118586659532720531e-02 2.740076258659247810e-02 3.503741659362942604e-03 5.891713079085212582e-04
2.129179592830383883e-02 2.719297633301021727e-02 3.611963438216039563e-03 5.921171644480638591e-04
2.139825490794535628e-02 2.375670140847492562e-02 3.368980593860355140e-03 5.950777502703040629e-04
2.150524618248508130e-02 1.853092999128675214e-02 3.012459264481896770e-03 5.980531390216555984e-04
2.161277241339750604e-02 2.321677705238763684e-02 3.292172568408459083e-03 6.010434047167637897e-04
2.172083627546448834e-02 2.192578886914819600e-02 3.007313210727934841e-03 6.040486217403475072e-04
2.182944045684180601e-02 2.356408145762483794e-02 3.245353930980862146e-03 6.070688648490491423e-04
2.193858765912601316e-02 3.081958652391384584e-02 3.484201242647107406e-03 6.101042091732943387e-04
2.204828059742164337e-02 2.791535836136533472e-02 3.261985774590795816e-03 6.131547302191607237e-04
2.215852200040874936e-02 3.334300867139035340e-02 3.548427248640290479e-03 6.162205038702565051e-04
2.226931461041078975e-02 2.427576225595038523e-02 3.029262872175447763e-03 6.193016063896077420e-04
2.238066118346284175e-02 2.621768934761051911e-02 3.084396353175047466e-03 6.223981144215556989e-04
2.249256448938015407e-02 3.096275751660941544e-02 3.352345375331780911e-03 6.255101049936634145e-04
2.260502731182705005e-02 2.399709391903378022e-02 2.904628642798293137e-03 6.286376555186315961e-04
2.271805244838618482e-02 2.996957712045492800e-02 3.225490144106214936e-03 6.317808437962247042e-04
2.283164271062811460e-02 2.684964379412227084e-02 3.126661403479664373e-03 6.349397480152058201e-04
2.294580092418125120e-02 3.016468241941133374e-02 3.191032832734719618e-03 6.381144467552817045e-04
2.306052992880215646e-02 2.985364199466559662e-02 3.345736336946009918e-03 6.413050189890581558e-04
2.317583257844616634e-02 3.226520883657177374e-02 3.252375571812625085e-03 6.445115440840033924e-04
2.329171174133839312e-02 2.685256035964979707e-02 2.941084912691515306e-03 6.477341018044233600e-04
2.340817030004507804e-02 3.112076831442122174e-02 3.136739874017643783e-03 6.509727723134452800e-04
2.352521115154530135e-02 2.956626421513906811e-02 3.119623308203391815e-03 6.542276361750123644e-04
2.364283720730302879e-02 3.110165633007537858e-02 3.087630485347899953e-03 6.574987743558875298e-04
2.376105139333953981e-02 3.052249466973619429e-02 3.060482477323127858e-03 6.607862682276667609e-04
2.387985665030623386e-02 2.901403687152098385e-02 2.923870755775636373e-03 6.640901995688050508e-04
2.399925593355776293e-02 2.184664417529841654e-02 2.696232313942414829e-03 6.674106505666489546e-04
2.411925221322554908e-02 3.070940600334369497e-02 3.003933518356097926e-03 6.707477038194821538e-04
2.423984847429167672e-02 2.753278362379939573e-02 2.803156337236550975e-03 6.741014423385795857e-04
2.436104771666313187e-02 3.023300336760195717e-02 3.009845915159379843e-03 6.774719495502724148e-04
2.448285295524644731e-02 2.280078730595919492e-02 2.542986424665075792e-03 6.808593092980237379e-04
2.460526722002267380e-02 2.399665431064963370e-02 2.627677275730416068e-03 6.842636058445137216e-04
2.472829355612278512e-02 3.306130896848216705e-02 3.245412646745344382e-03 6.876849238737362327e-04
2.485193502390339870e-02 2.427352021742283303e-02 2.674079190449629370e-03 6.911233484931049009e-04
2.497619469902290917e-02 1.999763839846544627e-02 2.396289753158306786e-03 6.945789652355702400e-04
2.510107567251802091e-02 2.216364549431094899e-02 2.420222192127215264e-03 6.980518600617480456e-04
2.522658105088061015e-02 2.110145376585391766e-02 2.310119794383796825e-03 7.015421193620566829e-04
2.535271395613501039e-02 1.971872506275015868e-02 2.226868438661189307e-03 7.050498299588669505e-04
2.547947752591567944e-02 2.322277978909897261e-02 2.364021821590412895e-03 7.085750791086610533e-04
2.560687491354525849e-02 2.491663215927192657e-02 2.561365133620977473e-03 7.121179545042043667e-04
2.573490928811298165e-02 1.619219995395591166e-02 1.958634778282232394e-03 7.156785442767253343e-04
2.586358383455354334e-02 2.077095448082354884e-02 2.339595509873705625e-03 7.192569369981089171e-04
2.599290175372630934e-02 1.849907963571470471e-02 2.063169398247627264e-03 7.228532216830993668e-04
2.612286626249493704e-02 1.568547859506653000e-02 1.897496375344845517e-03 7.264674877915148175e-04
2.625348059380740867e-02 1.515635664772886464e-02 1.847148360762877967e-03 7.300998252304722854e-04
2.638474799677644617e-02 1.389359656049154144e-02 2.001548185173110048e-03 7.337503243566245942e-04
2.651667173676032496e-02 1.610738277105205202e-02 1.907124883503746133e-03 7.374190759784077101e-04
2.664925509544412152e-02 1.701580459549248067e-02 1.960417858998554468e-03 7.411061713582995682e-04
2.678250137092134248e-02 1.446491704475009327e-02 1.804327303035797511e-03 7.448117022150910422e-04
2.691641387777594235e-02 1.204182357872255436e-02 1.716762556454758072e-03 7.485357607261663472e-04
2.705099594716482009e-02 1.639950836576442583e-02 1.956289661143378270e-03 7.522784395297971030e-04
2.718625092690064166e-02 1.187831554091816309e-02 1.570076065798754793e-03 7.560398317274460468e-04
2.732218218153514150e-02 1.212175483993920520e-02 1.574770136448883301e-03 7.598200308860832142e-04
2.745879309244281599e-02 1.157936633216395672e-02 1.517379646924148923e-03 7.636191310405135045e-04
2.759608705790502631e-02 1.037303266366221104e-02 1.435637658439281638e-03 7.674372266957160639e-04
2.773406749319454884e-02 1.194662127464673693e-02 1.539315195779697009e-03 7.712744128291945103e-04
2.787273783066051419e-02 9.771252487486411717e-03 1.443790131944148450e-03 7.751307848933402774e-04
2.801210151981381458e-02 1.059233150243451584e-02 1.438774312290713774e-03 7.790064388178069088e-04
2.815216202741288587e-02 1.135915887087331558e-02 1.476279616270263816e-03 7.829014710118960621e-04
2.829292283754994419e-02 1.013082240222498882e-02 1.402594958190689399e-03 7.868159783669553299e-04
2.843438745173769086e-02 9.907481987133689993e-03 1.385159554246279253e-03 7.907500582587900480e-04
2.857655938899637815e-02 8.793053876129717714e-03 1.294509516412627615e-03 7.947038085500839934e-04
2.871944218594135734e-02 7.335229697846040037e-03 1.172836162563794041e-03 7.986773275928342854e-04
2.886303939687106038e-02 4.760004865420705555e-03 9.506360131076866315e-04 8.026707142307983218e-04
2.900735459385541531e-02 8.195485343937625525e-03 1.233803013791025076e-03 8.066840678019523156e-04
2.915239136682468840e-02 8.354371908763820465e-03 1.293730041132135338e-03 8.107174881409619747e-04
2.929815332365880848e-02 6.173419620220893175e-03 1.057362807514343646e-03 8.147710755816667347e-04
2.944464409027709728e-02 4.029253028946019194e-03 9.678918166648796222e-04 8.188449309595749416e-04
2.959186731072847854e-02 5.933687459444633369e-03 1.031660403923408175e-03 8.229391556143726954e-04
2.973982664728212072e-02 5.828098374996805615e-03 1.013312009702875159e-03 8.270538513924445122e-04
2.988852578051852740e-02 5.339405198517655632e-03 9.736705471102541755e-04 8.311891206494066708e-04
3.003796840942111676e-02 6.720175011795159574e-03 1.171704543014505081e-03 8.353450662526535698e-04
3.018815825146821744e-02 4.672887670524209641e-03 8.982673266279302257e-04 8.395217915839166614e-04
3.033909904272555358e-02 5.025379522236319250e-03 9.321180738190611159e-04 8.437194005418361797e-04
3.049079453793918093e-02 5.227944817510400514e-03 9.533920335907167514e-04 8.479379975445453356e-04
3.064324851062887045e-02 4.525938438260353539e-03 1.035403220801194880e-03 8.521776875322678493e-04
3.079646475318201237e-02 4.321776296093890989e-03 8.633500962899166116e-04 8.564385759699291419e-04
3.095044707694791924e-02 4.678406676247370138e-03 9.580825709900842816e-04 8.607207688497786960e-04
3.110519931233265631e-02 6.758869064524782901e-03 1.144379540560987738e-03 8.650243726940274854e-04
3.126072530889431600e-02 7.617630872876013891e-03 1.133852802092408197e-03 8.693494945574975485e-04
3.141702893543878161e-02 5.977095961096017852e-03 9.948953229502047538e-04 8.736962420302848975e-04
3.157411408011597670e-02 4.802831748642048988e-03 9.785766309697793448e-04 8.780647232404363046e-04
3.173198465051654815e-02 7.057324545709579323e-03 1.205168992457739856e-03 8.824550468566382325e-04
3.189064457376912520e-02 5.770440624924531338e-03 9.741266401975841446e-04 8.868673220909212675e-04
3.205009779663797742e-02 7.599001507867990043e-03 1.118905249530272429e-03 8.913016587013760468e-04
3.221034828562116537e-02 7.681553295677288028e-03 1.131056343524546775e-03 8.957581669948829536e-04
3.237140002704926023e-02 7.337568090738252891e-03 1.117448510636192887e-03 9.002369578298569921e-04
3.253325702718450757e-02 9.205297520350968349e-03 1.262753361395087173e-03 9.047381426190063232e-04
3.269592331232042820e-02 6.693779544057322159e-03 1.203454692897714751e-03 9.092618333321013163e-04
3.285940292888202274e-02 9.165449538660410539e-03 1.294463105950539828e-03 9.138081424987616001e-04
3.302369994352642724e-02 7.496371521927429164e-03 1.155129821964668386e-03 9.183771832112552552e-04
3.318881844324406138e-02 6.352904572347078081e-03 1.042874187747762490e-03 9.229690691273115602e-04
3.335476253546027642e-02 8.198920577470790103e-03 1.253304269725178614e-03 9.275839144729480486e-04
3.352153634813757888e-02 6.639229132775341033e-03 1.110381449867681430e-03 9.322218340453127449e-04
3.368914402987825685e-02 7.286446073285202801e-03 1.096694374920794551e-03 9.368829432155390859e-04
3.385758975002764459e-02 6.530423231827889828e-03 1.030834280484956228e-03 9.415673579316166707e-04
3.402687769877778268e-02 9.270826330086101921e-03 1.225870902190546010e-03 9.462751947212746971e-04
3.419701208727166097e-02 5.655477357241217411e-03 1.003076334284243396e-03 9.510065706948807925e-04
3.436799714770802372e-02 7.765201111573880564e-03 1.107338006544524500e-03 9.557616035483553494e-04
3.453983713344655621e-02 6.391016290307588096e-03 9.963043231042197512e-04 9.605404115660969196e-04
3.471253631911378618e-02 8.913873363795248375e-03 1.158365093125733863e-03 9.653431136239273413e-04
3.488609900070935299e-02 5.409737226117412520e-03 8.999040981698517867e-04 9.701698291920469487e-04
3.506052949571289434e-02 8.077582336890211726e-03 1.087076559318781582e-03 9.750206783380070208e-04
3.523583214319145340e-02 7.672260921957546088e-03 1.061891896032724283e-03 9.798957817296969752e-04
3.541201130390740637e-02 7.321421565350705318e-03 1.033399936705607126e-03 9.847952606383452226e-04
3.558907136042693820e-02 6.310930636703116631e-03 9.495561945408996117e-04 9.897192369415367189e-04
3.576701671722907344e-02 6.919887989551575663e-03 9.968508834853910452e-04 9.946678331262445022e-04
3.594585180081521364e-02 5.682001475934374268e-03 8.966590900966904792e-04 9.996411722918755426e-04
3.612558105981928530e-02 5.895837433239176431e-03 9.839471813707137936e-04 1.004639378153334914e-03
3.630620896511838058e-02 5.864294066731064181e-03 9.031383404656991975e-04 1.009662575044101458e-03
3.648774000994396693e-02 7.719476970647828028e-03 1.029581182113780335e-03 1.014710887919321883e-03
3.667017870999368656e-02 6.795226003554885250e-03 1.004789581273149912e-03 1.019784442358918517e-03
3.685352960354364854e-02 4.806683486924307261e-03 8.777315232659680744e-04 1.024883364570712899e-03
3.703779725156136626e-02 6.622485191739337085e-03 1.045123949948151840e-03 1.030007781393566489e-03
3.722298623781916671e-02 5.540813866066317955e-03 8.637930786002402097e-04 1.035157820300533970e-03
3.740910116900825200e-02 5.009655696505214625e-03 8.221197913487270602e-04 1.040333609402036485e-03
3.759614667485329520e-02 5.430671747715330386e-03 8.466923188103311253e-04 1.045535277449046591e-03
3.778412740822754967e-02 4.187798369471138968e-03 7.390516115557465909e-04 1.050762953836291641e-03
3.797304804526868693e-02 3.566470896611331591e-03 7.300896157495326971e-04 1.056016768605473003e-03
3.816291328549503009e-02 3.245473233018197640e-03 6.480727375852793912e-04 1.061296852448500444e-03
3.835372785192249501e-02 3.256240879407924175e-03 6.502620181936003560e-04 1.066603336710742573e-03
3.854549649118210741e-02 3.590917853045374249e-03 6.776241339657717872e-04 1.071936353394296361e-03
3.873822397363801268e-02 2.672170311997066391e-03 5.822781531722731347e-04 1.077296035161267717e-03
3.893191509350620028e-02 4.210998742626310791e-03 7.320456292825166817e-04 1.082682515337073971e-03
3.912657466897372788e-02 3.398523604739420514e-03 6.531671561736171862e-04 1.088095927913759146e-03
3.932220754231859072e-02 3.486439395407607295e-03 6.580613806332198624e-04 1.093536407553327879e-03
3.951881858003018083e-02 2.807944478688005185e-03 5.847737877699598534e-04 1.099004089591094305e-03
3.971641267293032906e-02 1.997008529144406012e-03 4.986712886492812450e-04 1.104499110039049809e-03
3.991499473629497863e-02 2.363370915600628355e-03 5.415692167533464911e-04 1.110021605589245081e-03
4.011456970997644145e-02 2.701040705096108708e-03 5.752153407089882721e-04 1.115571713617190827e-03
4.031514255852632067e-02 2.433841439193987991e-03 5.436364681717489921e-04 1.121149572185276694e-03
4.051671827131894665e-02 2.296004238098732931e-03 5.261752176759887075e-04 1.126755320046202982e-03
4.071930186267554153e-02 1.565758002788314495e-03 4.338150011688524967e-04 1.132389096646434050e-03
4.092289837198891111e-02 2.040176113672397765e-03 4.943047683301359397e-04 1.138051042129666025e-03
4.112751286384885852e-02 2.611131762508848205e-03 5.561339991147494803e-04 1.143741297340314248e-03
4.133315042816809726e-02 2.644881585539047338e-03 5.633243617797464896e-04 1.149460003827015679e-03
4.153981618030892775e-02 2.608088688195621743e-03 5.554882480836323367e-04 1.155207303846150606e-03
4.174751526121046885e-02 2.905317009941155246e-03 5.804804563923949851e-04 1.160983340365381259e-03
4.195625283751651391e-02 2.122511200722579719e-03 4.997787859654629445e-04 1.166788257067207998e-03
4.216603410170409461e-02 1.858048920416799149e-03 4.640313347130976818e-04 1.172622198352543926e-03
4.237686427221261376e-02 2.256281788142938238e-03 5.639354634137531182e-04 1.178485309344306630e-03
4.258874859357367204e-02 1.868475601604476172e-03 4.666260535135137574e-04 1.184377735891027931e-03
4.280169233654153305e-02 3.024580028304199066e-03 5.925280013021019159e-04 1.190299624570482920e-03
4.301570079822424064e-02 2.436588677780675283e-03 5.311327078538569330e-04 1.196251122693335264e-03
4.323077930221535387e-02 2.868315338306635497e-03 5.729989664653526446e-04 1.202232378306801810e-03
4.344693319872642429e-02 2.969438375939363866e-03 6.453167017110147605e-04 1.208243540198335620e-03
4.366416786472004929e-02 2.168574984545183163e-03 5.700012390259976639e-04 1.214284757899327001e-03
4.388248870404365398e-02 2.363600819433776465e-03 5.151419351191876975e-04 1.220356181688823840e-03
4.410190114756386282e-02 2.973016772137526426e-03 5.823352856551567694e-04 1.226457962597267762e-03
4.432241065330168317e-02 2.143127716976042218e-03 4.910185063514301528e-04 1.232590252410254144e-03
4.454402270656818152e-02 2.634541460342253259e-03 5.486150637851583802e-04 1.238753203672305139e-03
4.476674282010102007e-02 2.490044945569740414e-03 5.301689599357208883e-04 1.244946969690666552e-03
4.499057653420152070e-02 2.520305369128812614e-03 5.365902749678950080e-04 1.251171704539119677e-03
4.521552941687251997e-02 5.337033645859912134e-03 7.774133365515604023e-04 1.257427563061815036e-03
4.544160706395687643e-02 2.716988679617017219e-03 5.538168673277038502e-04 1.263714700877124116e-03
4.566881509927665783e-02 3.239347809095372357e-03 6.113051604898691455e-04 1.270033274381509539e-03
4.589715917477303619e-02 1.331863215649870978e-03 5.417138503667977929e-04 1.276383440753416912e-03
4.612664497064689756e-02 2.273360076446132721e-03 5.208349201075943577e-04 1.282765357957184023e-03
4.635727819550012480e-02 2.477555883157127065e-03 5.532445285605986545e-04 1.289179184746969565e-03
4.658906458647761595e-02 2.651228333106564732e-03 5.777514936439536678e-04 1.295625080670704176e-03
4.682200990941000340e-02 1.940679040437542045e-03 4.844947434603536374e-04 1.302103206074057759e-03
4.705611995895704613e-02 1.975687537249748004e-03 4.785079360126243196e-04 1.308613722104427822e-03
4.729140055875183379e-02 1.980428932135109774e-03 4.796516629337882064e-04 1.315156790714949947e-03
4.752785756154558061e-02 1.517994765847301532e-03 4.204239650081551005e-04 1.321732574668524514e-03
4.776549684935330747e-02 2.228156184729693581e-03 5.855323564711439888e-04 1.328341237541867063e-03
4.800432433360006523e-02 2.466561739168582172e-03 5.375672576766887681e-04 1.334982943729576222e-03
4.824434595526806702e-02 1.601733726027042889e-03 5.002628376951594570e-04 1.341657858448223970e-03
4.848556768504440340e-02 2.253064157798026317e-03 5.808787490439525731e-04 1.348366147740464975e-03
4.872799552346961799e-02 2.165161063897142867e-03 5.097235336797550226e-04 1.355107978479167192e-03
4.897163550108696306e-02 1.687526265492197411e-03 5.042637666236021851e-04 1.361883518371562836e-03
4.921649367859239066e-02 1.939057609959041716e-03 4.697490416949667521e-04 1.368692935963420612e-03
4.946257614698534866e-02 2.631390298799090883e-03 5.480722634991544960e-04 1.375536400643237456e-03
4.970988902772026374e-02 2.188014307470764405e-03 5.014063499610733887e-04 1.382414082646453478e-03
4.995843847285886402e-02 1.649089133122409864e-03 4.402661014587477373e-04 1.389326153059685558e-03
5.020823066522315387e-02 8.175006634974115024e-04 4.206508515617115597e-04 1.396272783824983920e-03
5.045927181854926308e-02 1.744186156394855617e-03 5.323181160797322469e-04 1.403254147744108660e-03
5.071156817764200381e-02 1.293042356901147631e-03 4.841966693907395584e-04 1.410270418482829045e-03
5.096512601853020463e-02 9.392052414368309539e-04 3.317732528731528064e-04 1.417321770575242969e-03
5.121995164862284955e-02 2.848475670193608995e-04 5.108767221304632341e-04 1.424408379428118970e-03
5.147605140686596636e-02 1.303211347035212716e-03 3.926097092569872694e-04 1.431530421325259705e-03
5.173343166390028530e-02 1.493843162954311193e-03 4.898645519783570218e-04 1.438688073431885605e-03
5.199209882221978579e-02 9.818242127236998310e-04 3.468576468464345999e-04 1.445881513799044966e-03
5.225205931633088163e-02 9.833270362079725869e-04 3.473924750610074292e-04 1.453110921368040102e-03
5.251331961291252903e-02 1.000715689846847292e-03 3.535634625797582330e-04 1.460376475974880161e-03
5.277588621097707711e-02 1.251063064057495160e-03 3.953492010664437398e-04 1.467678358354754112e-03
