1.442977229909739312e-02 5.619438746271706586e-01 3.622427320050239374e-02 4.012606869976855905e-04
1.450192116059288022e-02 4.902964153622647592e-01 3.242717032700806468e-02 4.032669904326740239e-04
1.457443076639584369e-02 5.474815840214115603e-01 3.580875021445827089e-02 4.052833253848373896e-04
1.464730292022782196e-02 4.205213633699763642e-01 3.038536433954488677e-02 4.073097420117615091e-04
1.472053943482895880e-02 4.681999685398302580e-01 3.174627629651842475e-02 4.093462907218202548e-04
1.479414213200310087e-02 3.733844832981288997e-01 2.726798205345195084e-02 4.113930221754293222e-04
1.486811284266311567e-02 4.058931931994518849e-01 2.880578949661175350e-02 4.134499872863064518e-04
1.494245340687642976e-02 4.062502703498445111e-01 2.894213545549281785e-02 4.155172372227379399e-04
1.501716567391080982e-02 3.901990949597212155e-01 2.664183000593898371e-02 4.175948234088515463e-04
1.509225150228036064e-02 3.887156533618770782e-01 2.635522085416054650e-02 4.196827975258957447e-04
1.516771275979176062e-02 3.393228600699957354e-01 2.464877320054671347e-02 4.217812115135251522e-04
1.524355132359071774e-02 3.776982852230612031e-01 2.514849497656169303e-02 4.238901175710927359e-04
1.531976908020867001e-02 3.413754458916199996e-01 2.411667879982633961e-02 4.260095681589481454e-04
1.539636792560971322e-02 3.669683550026530128e-01 2.568752261522875072e-02 4.281396159997428747e-04
1.547334976523776114e-02 3.405610643464735965e-01 2.359010966423929698e-02 4.302803140797416053e-04
1.555071651406394681e-02 3.437702400012277448e-01 2.325298355139299167e-02 4.324317156501402163e-04
1.562847009663426504e-02 3.193143609269662453e-01 2.238235139311658614e-02 4.345938742283908421e-04
1.570661244711743509e-02 2.894011279686899418e-01 2.163415101538637697e-02 4.367668435995327846e-04
1.578514550935301852e-02 2.624363943387594822e-01 1.994420657808530783e-02 4.389506778175303651e-04
1.586407123689978493e-02 2.993351346846601646e-01 2.151330597019869215e-02 4.411454312066180388e-04
1.594339159308428081e-02 2.726324322807613387e-01 2.001480656455048579e-02 4.433511583626510407e-04
1.602310855104970011e-02 2.830217915110596061e-01 2.009892995828680556e-02 4.455679141544642151e-04
1.610322409380494577e-02 2.696541817026307797e-01 1.949071436124666379e-02 4.477957537252364850e-04
1.618374021427396864e-02 2.164326133635061655e-01 1.700281911894087339e-02 4.500347324938625839e-04
1.626465891534533553e-02 2.649141944242018876e-01 1.881474083995613236e-02 4.522849061563318364e-04
1.634598220992206086e-02 2.228914984619224937e-01 1.718363799545042855e-02 4.545463306871134427e-04
1.642771212097167421e-02 2.421272385165412766e-01 1.733010194649982350e-02 4.568190623405491368e-04
1.650985068157653085e-02 2.404768063458575522e-01 1.716815116908893338e-02 4.591031576522518068e-04
1.659239993498441007e-02 2.054065966906079288e-01 1.588488089192625213e-02 4.613986734405129526e-04
1.667536193465932876e-02 1.975175911682449659e-01 1.522378848544010850e-02 4.637056668077154547e-04
1.675873874433262550e-02 1.772226700162110591e-01 1.433350140023086257e-02 4.660241951417540426e-04
1.684253243805428762e-02 1.757231549556102501e-01 1.389642190165240807e-02 4.683543161174627545e-04
1.692674510024455570e-02 1.673809160052365796e-01 1.367879136338654399e-02 4.706960876980499880e-04
1.701137882574577792e-02 1.291067650111289711e-01 1.210885943415442902e-02 4.730495681365402176e-04
1.709643571987450386e-02 1.274584692882015924e-01 1.132440737817503283e-02 4.754148159772228141e-04
1.718191789847387657e-02 1.379324713743280417e-01 1.197416255896836292e-02 4.777918900571089412e-04
1.726782748796624328e-02 1.508880391789158559e-01 1.232933247719885696e-02 4.801808495073944154e-04
1.735416662540607141e-02 1.444633160721041087e-01 1.184506952446732521e-02 4.825817537549312937e-04
1.744093745853309702e-02 1.353285469721276502e-01 1.128882608684122699e-02 4.849946625237058578e-04
1.752814214582576469e-02 1.357140116234914762e-01 1.177305818632856313e-02 4.874196358363244047e-04
1.761578285655489295e-02 1.123497961485979274e-01 1.009149533804386094e-02 4.898567340155060307e-04
1.770386177083766582e-02 1.056538416261782604e-01 1.004942647413689660e-02 4.923060176855835468e-04
1.779238107969184982e-02 1.115340090774316201e-01 1.024506563044185782e-02 4.947675477740112781e-04
1.788134298509030939e-02 1.027200585484532996e-01 9.318220075627339782e-03 4.972413855128814293e-04
1.797074970001575484e-02 1.109594632276252740e-01 9.637688752557689933e-03 4.997275924404456001e-04
1.806060344851583357e-02 9.607410174333566588e-02 8.902264309223226896e-03 5.022262304026478465e-04
1.815090646575841238e-02 1.115007284243532126e-01 9.649389423624456230e-03 5.047373615546611042e-04
1.824166099808720298e-02 9.001699496712074755e-02 8.378008272084912916e-03 5.072610483624343447e-04
1.833286930307763407e-02 7.484636498416448458e-02 7.729696638954675937e-03 5.097973536042463456e-04
1.842453364959302162e-02 6.808813920969307432e-02 7.124716852455486096e-03 5.123463403722675925e-04
1.851665631784098556e-02 7.869214502084481699e-02 7.629919797790024778e-03 5.149080720741289023e-04
1.860923959943018915e-02 6.410349047193669714e-02 6.821853136932396096e-03 5.174826124344994796e-04
1.870228579742733849e-02 7.193694316777363151e-02 7.181834705478222503e-03 5.200700254966719119e-04
1.879579722641447001e-02 4.927636117459763265e-02 5.798093056436281686e-03 5.226703756241551880e-04
1.888977621254653988e-02 5.460656799256537880e-02 6.058114443055742995e-03 5.252837275022758474e-04
1.898422509360927352e-02 5.902639454854045203e-02 6.318874911531265764e-03 5.279101461397872619e-04
1.907914621907731700e-02 4.686338562929613649e-02 5.697130925837992112e-03 5.305496968704861808e-04
1.917454195017270074e-02 5.225084244131805722e-02 5.797512353284803646e-03 5.332024453548384925e-04
1.927041465992356331e-02 4.724264311658383370e-02 5.521767467259354814e-03 5.358684575816126828e-04
1.936676673322317715e-02 3.607903901723642087e-02 4.772372972005222390e-03 5.385477998695206671e-04
1.946360056688929002e-02 3.374095678025468281e-02 4.649423792132793137e-03 5.412405388688681625e-04
1.956091856972373699e-02 4.754736406551575423e-02 5.376864650353051223e-03 5.439467415632125418e-04
1.965872316257235436e-02 3.571468869123711753e-02 4.604987121648781816e-03 5.466664752710284928e-04
1.975701677838521270e-02 3.795073406295125518e-02 4.701425505327527614e-03 5.493998076473835448e-04
1.985580186227713789e-02 3.160394169919255453e-02 4.218253034102627773e-03 5.521468066856204246e-04
1.995508087158852362e-02 3.481124220749461096e-02 4.451830094206655000e-03 5.549075407190485207e-04
2.005485627594646297e-02 2.017194697971000719e-02 3.268443341618002766e-03 5.576820784226436956e-04
2.015513055732619241e-02 2.913823022642511584e-02 3.997764109541898127e-03 5.604704888147568793e-04
2.025590621011282011e-02 2.202772222073995367e-02 3.395006825329463084e-03 5.632728412588305792e-04
2.035718574116338053e-02 2.557177050874712837e-02 3.686655863165371697e-03 5.660892054651246036e-04
2.045897166986919424e-02 2.728815894199915562e-02 3.991890034821975707e-03 5.689196514924501355e-04
2.056126652821854001e-02 2.238255605217945310e-02 3.332698618996216087e-03 5.717642497499123705e-04
2.066407286085962872e-02 2.052141895110186701e-02 3.504735592777957071e-03 5.746230709986618283e-04
2.076739322516392428e-02 2.246440755180746304e-02 3.438430024384511903e-03 5.774961863536550973e-04
2.087123019128974549e-02 2.028040141383106662e-02 3.088991187021468757e-03 5.803836672854233852e-04
2.097558634224619065e-02 2.015724432429103971e-02 3.239873354446322438e-03 5.832855856218503937e-04
2.108046427395741940e-02 1.881726847738028965e-02 2.935018816907844497e-03 5.862020135499596257e-04
2.118586659532720531e-02 2.167084161169802528e-02 3.123829258072287340e-03 5.891330236177093902e-04
2.129179592830383883e-02 2.253738509323538475e-02 3.151672263952188559e-03 5.920786887357977826e-04
2.139825490794535628e-02 2.027435548053640318e-02 2.953311464882179323e-03 5.950390821794767715e-04
2.150524618248508130e-02 2.511088767505194330e-02 3.292626981511609287e-03 5.980142775903740920e-04
2.161277241339750604e-02 1.823503425755172713e-02 2.964255476900894051e-03 6.010043489783259809e-04
2.172083627546448834e-02 2.157170768672328834e-02 2.987062585901131394e-03 6.040093707232173934e-04
2.182944045684180601e-02 1.935739649763855083e-02 2.927962100800905916e-03 6.070294175768333866e-04
2.193858765912601316e-02 2.116694199879745261e-02 3.002649821564159181e-03 6.100645646647175502e-04
2.204828059742164337e-02 2.227928644497530891e-02 2.920703864105322640e-03 6.131148874880410632e-04
2.215852200040874936e-02 2.431664882555892651e-02 3.034491064720294933e-03 6.161804619254812902e-04
2.226931461041078975e-02 2.470943049052978444e-02 3.059598456573736028e-03 6.192613642351085107e-04
2.238066118346284175e-02 2.237351866997962582e-02 2.996990957050228721e-03 6.223576710562840316e-04
2.249256448938015407e-02 2.373602397070145517e-02 2.938798651618924462e-03 6.254694594115654555e-04
2.260502731182705005e-02 1.963058898386620121e-02 2.729526376162169036e-03 6.285968067086231169e-04
2.271805244838618482e-02 1.691126561153396060e-02 2.528238902386620648e-03 6.317397907421661669e-04
2.283164271062811460e-02 2.432856389826244109e-02 3.023903823510621768e-03 6.348984896958770070e-04
2.294580092418125120e-02 2.414151195621704049e-02 2.859327254243880338e-03 6.380729821443562391e-04
2.306052992880215646e-02 2.096352887274529828e-02 2.834608811858430923e-03 6.412633470550780247e-04
2.317583257844616634e-02 2.214646259573134837e-02 2.699879077638570133e-03 6.444696637903533573e-04
2.329171174133839312e-02 2.237300209437400114e-02 2.687570467412340840e-03 6.476920121093050460e-04
2.340817030004507804e-02 2.571317454874612329e-02 2.934427174926601285e-03 6.509304721698513712e-04
2.352521115154530135e-02 2.633082904694674514e-02 2.883655998951874071e-03 6.541851245307005831e-04
2.364283720730302879e-02 2.872540016577526667e-02 2.971855391579211140e-03 6.574560501533540735e-04
2.376105139333953981e-02 2.204571944297945701e-02 2.610255130763337785e-03 6.607433304041208239e-04
2.387985665030623386e-02 2.592700212062654802e-02 2.831762291415188242e-03 6.640470470561412849e-04
2.399925593355776293e-02 2.434835613724961254e-02 2.698802391012748367e-03 6.673672822914218823e-04
2.411925221322554908e-02 2.252386480711057390e-02 2.577338184769513256e-03 6.707041187028789549e-04
2.423984847429167672e-02 2.779436839679449295e-02 2.884200213272263957e-03 6.740576392963933171e-04
2.436104771666313187e-02 1.892289282425852967e-02 2.446988064202640801e-03 6.774279274928752311e-04
2.448285295524644731e-02 2.456676231697855345e-02 2.733267751941230797e-03 6.808150671303395693e-04
2.460526722002267380e-02 2.416810702077906714e-02 2.796297295002365089e-03 6.842191424659911691e-04
2.472829355612278512e-02 1.980567685595099187e-02 2.561727347835388718e-03 6.876402381783210289e-04
2.485193502390339870e-02 2.609991516504513165e-02 2.775526931989607399e-03 6.910784393692125886e-04
2.497619469902290917e-02 2.654480798356435856e-02 2.682888413284223710e-03 6.945338315660585246e-04
2.510107567251802091e-02 2.321954218886574176e-02 2.506517343717983536e-03 6.980065007238887148e-04
2.522658105088061015e-02 2.216716989781174901e-02 2.450722801713088508e-03 7.014965332275081757e-04
2.535271395613501039e-02 2.437704718107249618e-02 2.481465818789020065e-03 7.050040158936456266e-04
2.547947752591567944e-02 2.207435597838636535e-02 2.308023549110405775e-03 7.085290359731136536e-04
2.560687491354525849e-02 2.560556823368475426e-02 2.480685234066012500e-03 7.120716811529792826e-04
2.573490928811298165e-02 2.132208497655098053e-02 2.254428800647223161e-03 7.156320395587440928e-04
2.586358383455354334e-02 2.346339105816083043e-02 2.383710498456353705e-03 7.192101997565376664e-04
2.599290175372630934e-02 2.333413916221668480e-02 2.370676981682736783e-03 7.228062507553203618e-04
2.612286626249493704e-02 1.944798927981386538e-02 2.222006789308804842e-03 7.264202820090968210e-04
2.625348059380740867e-02 1.608188464412965354e-02 1.903935072877747719e-03 7.300523834191422704e-04
2.638474799677644617e-02 2.290564834175452813e-02 2.262578550321540840e-03 7.337026453362379286e-04
2.651667173676032496e-02 2.179422812430396525e-02 2.219140464148834039e-03 7.373711585629190999e-04
2.664925509544412152e-02 2.206317413442648520e-02 2.235161613711116914e-03 7.410580143557334585e-04
2.678250137092134248e-02 1.928557458824591356e-02 2.087445171071684001e-03 7.447633044275121274e-04
2.691641387777594235e-02 1.905203570746575800e-02 2.218488952069561874e-03 7.484871209496495384e-04
2.705099594716482009e-02 1.745255335477062519e-02 2.024857516242810785e-03 7.522295565543977124e-04
2.718625092690064166e-02 2.239050115132557028e-02 2.160133545569717720e-03 7.559907043371696467e-04
2.732218218153514150e-02 1.652709470560853253e-02 1.843857532931709358e-03 7.597706578588553882e-04
2.745879309244281599e-02 1.685272467761676427e-02 1.875296525617916200e-03 7.635695111481497063e-04
2.759608705790502631e-02 1.567042529748355686e-02 1.770797636170232548e-03 7.673873587038902841e-04
2.773406749319454884e-02 1.204496908468284840e-02 1.599221412665582107e-03 7.712242954974096775e-04
2.787273783066051419e-02 1.348599511436460348e-02 1.608864339277164303e-03 7.750804169748964911e-04
2.801210151981381458e-02 1.337365360860044705e-02 1.618806039551076367e-03 7.789558190597709736e-04
2.815216202741288587e-02 1.275305848305252968e-02 1.567078821711513246e-03 7.828505981550698285e-04
2.829292283754994419e-02 1.542167983764925268e-02 1.732248182391347285e-03 7.867648511458450117e-04
2.843438745173769086e-02 1.407562968518673990e-02 1.723868928137859899e-03 7.906986754015742384e-04
2.857655938899637815e-02 1.062068368716946598e-02 1.477279792707657073e-03 7.946521687785820061e-04
2.871944218594135734e-02 1.075205200151721670e-02 1.422022806475739271e-03 7.986254296224748212e-04
2.886303939687106038e-02 1.053181847895415420e-02 1.418074022221963706e-03 8.026185567705871595e-04
2.900735459385541531e-02 9.893920241042394870e-03 1.357169959788282355e-03 8.066316495544400026e-04
2.915239136682468840e-02 9.245571167726975709e-03 1.305776380264621036e-03 8.106648078022121685e-04
2.929815332365880848e-02 8.546996380385247019e-03 1.245088691984233683e-03 8.147181318412231345e-04
2.944464409027709728e-02 9.072527699291248540e-03 1.342335064810950499e-03 8.187917225004290875e-04
2.959186731072847854e-02 6.862024027969671272e-03 1.111807251881185210e-03 8.228856811129311175e-04
2.973982664728212072e-02 6.567286624141683085e-03 1.078343366236030054e-03 8.270001095184957704e-04
2.988852578051852740e-02 7.474783089745801537e-03 1.231543354073665010e-03 8.311351100660881782e-04
3.003796840942111676e-02 4.981376666722722203e-03 9.402906705828971380e-04 8.352907856164185248e-04
3.018815825146821744e-02 5.810531180014295860e-03 1.064962475619852991e-03 8.394672395445004374e-04
3.033909904272555358e-02 5.799500934618700108e-03 1.062938086429332041e-03 8.436645757422228230e-04
3.049079453793918093e-02 7.346236672330832412e-03 1.132247696092530476e-03 8.478828986209338472e-04
3.064324851062887045e-02 5.332838110488146745e-03 9.567076761968208677e-04 8.521223131140383570e-04
3.079646475318201237e-02 5.033799635172254462e-03 9.336692742377027858e-04 8.563829246796085320e-04
3.095044707694791924e-02 4.626821430571397692e-03 8.893810911154861019e-04 8.606648393030064603e-04
3.110519931233265631e-02 4.072140245889063585e-03 8.300917790363597591e-04 8.649681634995214606e-04
3.126072530889431600e-02 4.073862417331920033e-03 8.303166414850636327e-04 8.692930043170188966e-04
3.141702893543878161e-02 6.485976171207539533e-03 1.037234978998558162e-03 8.736394693386038447e-04
3.157411408011597670e-02 5.225402447844718426e-03 9.911340959269626227e-04 8.780076666852969051e-04
3.173198465051654815e-02 4.690600342457545459e-03 8.853092573231618329e-04 8.823977050187231316e-04
3.189064457376912520e-02 4.461156032677763249e-03 8.574436414673252717e-04 8.868096935438165738e-04
3.205009779663797742e-02 4.699137393048708096e-03 9.428827555123625538e-04 8.912437420115358784e-04
3.221034828562116537e-02 5.369962143264447006e-03 9.480040988533387216e-04 8.956999607215935513e-04
3.237140002704926023e-02 5.479162823936975166e-03 9.672724516032487523e-04 9.001784605252011575e-04
3.253325702718450757e-02 3.904659767461155385e-03 8.971541106251274900e-04 9.046793528278272061e-04
3.269592331232042820e-02 6.141503388708397480e-03 1.067711503550268590e-03 9.092027495919663112e-04
3.285940292888202274e-02 6.078178865406350800e-03 1.056671882308199070e-03 9.137487633399259167e-04
3.302369994352642724e-02 3.938117016646720987e-03 8.384585732026980220e-04 9.183175071566253810e-04
3.318881844324406138e-02 3.798868138870922957e-03 8.087502084731618092e-04 9.229090946924086141e-04
3.335476253546027642e-02 5.474940374593028659e-03 1.053089801903634532e-03 9.275236401658704848e-04
3.352153634813757888e-02 5.425817230145512336e-03 9.576379894575004232e-04 9.321612583666998150e-04
3.368914402987825685e-02 7.637016018853133408e-03 1.124193280833414577e-03 9.368220646585331086e-04
3.385758975002764459e-02 4.087324053496240242e-03 8.161093805740052276e-04 9.415061749818256272e-04
3.402687769877778268e-02 5.065799352977867591e-03 9.083032133356640832e-04 9.462137058567347174e-04
3.419701208727166097e-02 5.776225359037494463e-03 9.610148068458366144e-04 9.509447743860180999e-04
3.436799714770802372e-02 7.466345900592096657e-03 1.087138096160536862e-03 9.556994982579483135e-04
3.453983713344655621e-02 6.891974578916618133e-03 1.037121888300550744e-03 9.604779957492378924e-04
3.471253631911378618e-02 7.749814063135956367e-03 1.083206359659441087e-03 9.652803857279839512e-04
3.488609900070935299e-02 5.568978720246906856e-03 9.850895402903920434e-04 9.701067876566238282e-04
3.506052949571289434e-02 7.964173570308966457e-03 1.081692749470981570e-03 9.749573215949068833e-04
3.523583214319145340e-02 6.210670499530035124e-03 9.564722011940234503e-04 9.798321082028812589e-04
3.541201130390740637e-02 6.022883469949436713e-03 9.387945277826079387e-04 9.847312687438956012e-04
3.558907136042693820e-02 6.205356803803551043e-03 9.444653519568369567e-04 9.896549250876147692e-04
3.576701671722907344e-02 5.980499947134580198e-03 9.731521757930907193e-04 9.946031997130528896e-04
3.594585180081521364e-02 7.414736484348749372e-03 1.026245919041761162e-03 9.995762157116181226e-04
3.612558105981928530e-02 6.652941986617495924e-03 9.790300807514613814e-04 1.004574096790175966e-03
3.630620896511838058e-02 6.773547728182142610e-03 1.012655958477612058e-03 1.009596967274126872e-03
3.648774000994396693e-02 5.941355250008839746e-03 9.043114405150327450e-04 1.014644952110497307e-03
3.667017870999368656e-02 6.349572555405616839e-03 9.344156089429489801e-04 1.019718176871049894e-03
3.685352960354364854e-02 5.786533442274468739e-03 8.912224346650566599e-04 1.024816767755404832e-03
3.703779725156136626e-02 7.559253004565707340e-03 1.017413829389155443e-03 1.029940851594181913e-03
3.722298623781916671e-02 7.878721832313416093e-03 1.084790440659126132e-03 1.035090555852152729e-03
3.740910116900825200e-02 7.193542005190614250e-03 1.040689105348149065e-03 1.040266008631413053e-03
3.759614667485329520e-02 7.307670005296121665e-03 9.836975270807279785e-04 1.045467338674570170e-03
3.778412740822754967e-02 6.681774693498819702e-03 1.009623203419047089e-03 1.050694675367942798e-03
3.797304804526868693e-02 5.606934998265041860e-03 8.536821328807238157e-04 1.055948148744782463e-03
3.816291328549503009e-02 6.163041031918788971e-03 9.321566430027229634e-04 1.061227889488506378e-03
3.835372785192249501e-02 5.778293388161689741e-03 8.698028131809444879e-04 1.066534028935948531e-03
3.854549649118210741e-02 4.343241590955377804e-03 8.327293638174430119e-04 1.071866699080628333e-03
3.873822397363801268e-02 5.875323396694345779e-03 8.650416172481189235e-04 1.077226032576031420e-03
3.893191509350620028e-02 6.199307111157362216e-03 9.273324979041467362e-04 1.082612162738911480e-03
3.912657466897372788e-02 3.965853803013994795e-03 7.521419876029236022e-04 1.088025223552605957e-03
3.932220754231859072e-02 4.373893651357430024e-03 7.384098773256239168e-04 1.093465349670368677e-03
3.951881858003018083e-02 4.822761491159855904e-03 8.068760010398312978e-04 1.098932676418720462e-03
3.971641267293032906e-02 3.383194829022042813e-03 7.189708958193298310e-04 1.104427339800814062e-03
3.991499473629497863e-02 6.747578513305629508e-03 9.171702403162355823e-04 1.109949476499817950e-03
4.011456970997644145e-02 2.583108760295944450e-03 5.630525217888844277e-04 1.115499223882316813e-03
4.031514255852632067e-02 4.282514758321341770e-03 7.826256043248101466e-04 1.121076720001728307e-03
4.051671827131894665e-02 3.761584027981987495e-03 6.748767945785731116e-04 1.126682103601736725e-03
4.071930186267554153e-02 3.015315522480101033e-03 6.024407795686587434e-04 1.132315514119745532e-03
4.092289837198891111e-02 3.980487233316550542e-03 6.921988426965539109e-04 1.137977091690343988e-03
4.112751286384885852e-02 2.739415125021261391e-03 5.706311538111220882e-04 1.143666977148795685e-03
4.133315042816809726e-02 2.289832607242231650e-03 5.247960716887087968e-04 1.149385312034539646e-03
4.153981618030892775e-02 1.907039082453210188e-03 5.584892726017434911e-04 1.155132238594712034e-03
4.174751526121046885e-02 1.164117095560931884e-03 3.677568289205754705e-04 1.160907899787685417e-03
4.195625283751651391e-02 1.896217819369282230e-03 4.735788641252325218e-04 1.166712439286623658e-03
4.216603410170409461e-02 2.677937955194315163e-03 5.578105815019682688e-04 1.172546001483056738e-03
4.237686427221261376e-02 1.868481275512700506e-03 4.666367234206532247e-04 1.178408731490472074e-03
4.258874859357367204e-02 1.638628489792475721e-03 4.374799992250053135e-04 1.184300775147924256e-03
4.280169233654153305e-02 1.985804079359207008e-03 4.811078130197385416e-04 1.190222279023663661e-03
4.301570079822424064e-02 5.818222454737366749e-04 4.792644867068627710e-04 1.196173390418781967e-03
4.323077930221535387e-02 1.612762302478717644e-03 5.145816226546692101e-04 1.202154257370875680e-03
4.344693319872642429e-02 2.066398201108242145e-03 4.864908872369268439e-04 1.208165028657729812e-03
4.366416786472004929e-02 1.189060139214962288e-03 4.357264937680756299e-04 1.214205853801018269e-03
4.388248870404365398e-02 2.264302482427509554e-03 5.056870887709078322e-04 1.220276883070023528e-03
4.410190114756386282e-02 1.377650820515150410e-03 3.972015660520092687e-04 1.226378267485373451e-03
4.432241065330168317e-02 1.923364719669707831e-03 4.658712386891724570e-04 1.232510158822800210e-03
4.454402270656818152e-02 1.718405891794470191e-03 4.431050825974664712e-04 1.238672709616913965e-03
4.476674282010102007e-02 2.733634866437113006e-03 5.572495711944514419e-04 1.244866073164998437e-03
4.499057653420152070e-02 2.528210803647457094e-03 5.382733961187215112e-04 1.251090403530823398e-03
4.521552941687251997e-02 2.669017438885783709e-03 5.979655079032934230e-04 1.257345855548477323e-03
4.544160706395687643e-02 2.153135101178471015e-03 4.932603846761378710e-04 1.263632584826219563e-03
4.566881509927665783e-02 2.907661671244603490e-03 5.807020564341142154e-04 1.269950747750350512e-03
4.589715917477303619e-02 3.322951245572063322e-03 6.667023058530501629e-04 1.276300501489102159e-03
4.612664497064689756e-02 2.988145157231525319e-03 6.924745869705907280e-04 1.282682003996547500e-03
4.635727819550012480e-02 4.216870292290520079e-03 7.222032720674297123e-04 1.289095414016530128e-03
4.658906458647761595e-02 2.528905172695203752e-03 5.647031613413186187e-04 1.295540891086612457e-03
4.682200990941000340e-02 2.923571640574724149e-03 5.959412749351700135e-04 1.302018595542045422e-03
4.705611995895704613e-02 2.916246189395899514e-03 6.485752445953462319e-04 1.308528688519755524e-03
4.729140055875183379e-02 2.665417595452329157e-03 7.112551941515298610e-04 1.315071331962354428e-03
4.752785756154558061e-02 4.214026527565365582e-03 7.013501310176928957e-04 1.321646688622165689e-03
4.776549684935330747e-02 3.633966653467987813e-03 7.369168907791663614e-04 1.328254922065276629e-03
4.800432433360006523e-02 2.353508779003185124e-03 5.255950788378354688e-04 1.334896196675602800e-03
4.824434595526806702e-02 3.117269518828571888e-03 6.773707821990227309e-04 1.341570677658980842e-03
4.848556768504440340e-02 3.939345767546093002e-03 6.955145171259281747e-04 1.348278531047275661e-03
4.872799552346961799e-02 3.430633667716296957e-03 6.884603499324667975e-04 1.355019923702511673e-03
4.897163550108696306e-02 2.813789678665359721e-03 5.736760787104269168e-04 1.361795023321024211e-03
4.921649367859239066e-02 2.526580807820020570e-03 6.688403729453871105e-04 1.368603998437629152e-03
4.946257614698534866e-02 2.979924935694581827e-03 5.837610621840288918e-04 1.375447018429817262e-03
4.970988902772026374e-02 2.889220769774482073e-03 5.772011623541780127e-04 1.382324253521965886e-03
4.995843847285886402e-02 2.006959404828286345e-03 4.862433280425382015e-04 1.389235874789575796e-03
5.020823066522315387e-02 3.291492254642805135e-03 6.847535441223600921e-04 1.396182054163523428e-03
5.045927181854926308e-02 2.444461575948237656e-03 5.328851177200647935e-04 1.403162964434340881e-03
5.071156817764200381e-02 2.715875499687903441e-03 5.657742419263503799e-04 1.410178779256512395e-03
5.096512601853020463e-02 1.391768296144444078e-03 6.022785203417395676e-04 1.417229673152794892e-03
5.121995164862284955e-02 2.023515184852934211e-03 4.903519025010020811e-04 1.424315821518558692e-03
5.147605140686596636e-02 1.902323645993727079e-03 5.572439702604224795e-04 1.431437400626151425e-03
5.173343166390028530e-02 1.331409298757781296e-03 4.011231917822821410e-04 1.438594587629281893e-03
5.199209882221978579e-02 1.720815473872043056e-03 4.595500463946479192e-04 1.445787560567428224e-03
5.225205931633088163e-02 1.604088923792122267e-03 4.445702168211550318e-04 1.453016498370265312e-03
5.251331961291252903e-02 1.127516305557702469e-03 3.755806761742199471e-04 1.460281580862116558e-03
5.277588621097707711e-02 1.256059116958114759e-03 3.969280067894623352e-04 1.467582988766426635e-03
