1.442977229909739312e-02 4.756079758374719413e-01 3.326467876560638970e-02 4.012835029382323475e-04
1.450192116059288022e-02 4.591730545770763006e-01 3.142438111592537470e-02 4.032899204529234965e-04
1.457443076639584369e-02 4.872980517759366026e-01 3.319526615841285333e-02 4.053063700551880698e-04
1.464730292022782196e-02 4.896838435670649581e-01 3.238763152620913188e-02 4.073329019054639909e-04
1.472053943482895880e-02 4.739574290743688856e-01 3.211300552460805841e-02 4.093695664149912751e-04
1.479414213200310087e-02 4.535186705883443858e-01 2.954417426776689490e-02 4.114164142470661261e-04
1.486811284266311567e-02 4.418390273936105839e-01 2.961890623984391249e-02 4.134734963183014293e-04
1.494245340687642976e-02 4.027213282650353721e-01 2.861337277877244387e-02 4.155408637998929378e-04
1.501716567391080982e-02 4.212124817129686560e-01 2.767642877388805725e-02 4.176185681188923421e-04
1.509225150228036064e-02 3.438645645838644960e-01 2.472816043609585637e-02 4.197066609594866829e-04
1.516771275979176062e-02 3.776476365633438248e-01 2.630716976652190675e-02 4.218051942642840526e-04
1.524355132359071774e-02 3.744044178464754347e-01 2.504124706395413971e-02 4.239142202356054761e-04
1.531976908020867001e-02 3.424585589708046274e-01 2.407255842275415197e-02 4.260337913367834599e-04
1.539636792560971322e-02 3.441603419186963220e-01 2.425322495874527098e-02 4.281639602934673712e-04
1.547334976523776114e-02 3.473768566887874276e-01 2.404364883217624885e-02 4.303047800949346725e-04
1.555071651406394681e-02 3.079143249323803566e-01 2.263674963206454421e-02 4.324563039954092570e-04
1.562847009663426504e-02 2.732150852892313853e-01 2.069086647299888532e-02 4.346185855153862892e-04
1.570661244711743509e-02 3.192783371057548725e-01 2.217182943171379025e-02 4.367916784429631718e-04
1.578514550935301852e-02 3.171337998217975129e-01 2.186413260520369065e-02 4.389756368351778850e-04
1.586407123689978493e-02 3.300861827027971040e-01 2.233423040647092989e-02 4.411705150193537760e-04
1.594339159308428081e-02 2.624813140342078799e-01 1.939252491051381491e-02 4.433763675944504758e-04
1.602310855104970011e-02 2.715725101054456969e-01 2.007840298558983064e-02 4.455932494324226748e-04
1.610322409380494577e-02 2.573516249629556607e-01 1.899750542736752812e-02 4.478212156795847000e-04
1.618374021427396864e-02 2.333079866346449704e-01 1.768153405361574254e-02 4.500603217579825731e-04
1.626465891534533553e-02 2.134133219602806220e-01 1.681832590271950881e-02 4.523106233667724104e-04
1.634598220992206086e-02 2.408203763323833735e-01 1.773047965019906164e-02 4.545721764836062502e-04
1.642771212097167421e-02 1.801930745129634304e-01 1.527828342745191081e-02 4.568450373660243313e-04
1.650985068157653085e-02 1.953740354585912220e-01 1.544663136886360866e-02 4.591292625528544183e-04
1.659239993498441007e-02 1.606443525597691380e-01 1.397369269842656074e-02 4.614249088656186080e-04
1.667536193465932876e-02 1.582905804818152129e-01 1.372360502434072545e-02 4.637320334099465872e-04
1.675873874433262550e-02 1.933555775065657067e-01 1.496448018772906195e-02 4.660506935769963169e-04
1.684253243805428762e-02 1.694468924987711789e-01 1.361586219850863255e-02 4.683809470448812760e-04
1.692674510024455570e-02 1.554315938315302958e-01 1.303678716961146657e-02 4.707228517801056197e-04
1.701137882574577792e-02 1.332166244502415164e-01 1.169686575890710629e-02 4.730764660390061145e-04
1.709643571987450386e-02 1.625109645577591799e-01 1.300914286874810082e-02 4.754418483692010654e-04
1.718191789847387657e-02 1.508642317252687493e-01 1.249592674573209161e-02 4.778190576110471046e-04
1.726782748796624328e-02 1.307008726001642196e-01 1.164284627444129271e-02 4.802081528991022138e-04
1.735416662540607141e-02 1.082890848373346121e-01 1.025251046080265585e-02 4.826091936635976912e-04
1.744093745853309702e-02 1.198296022845824760e-01 1.085456990587700850e-02 4.850222396319155398e-04
1.752814214582576469e-02 1.175656756900563121e-01 1.070651279621760189e-02 4.874473508300751793e-04
1.761578285655489295e-02 9.851335836737280804e-02 9.287029715887703749e-03 4.898845875842255254e-04
1.770386177083766582e-02 1.202110289915277325e-01 1.028482187749961071e-02 4.923340105221466097e-04
1.779238107969184982e-02 8.463278110648943253e-02 8.618715734839049736e-03 4.947956805747571627e-04
1.788134298509030939e-02 9.657456186958718325e-02 9.025641208261533932e-03 4.972696589776309795e-04
1.797074970001575484e-02 1.015922238814177397e-01 9.216463328287339413e-03 4.997560072725190303e-04
1.806060344851583357e-02 8.178271709361067954e-02 8.202896808796713082e-03 5.022547873088815474e-04
1.815090646575841238e-02 7.442041916916737609e-02 7.873073098642803525e-03 5.047660612454259654e-04
1.824166099808720298e-02 7.256028370715984777e-02 7.748165232816170422e-03 5.072898915516531023e-04
1.833286930307763407e-02 6.819250004918195329e-02 7.214920127209653068e-03 5.098263410094112545e-04
1.842453364959302162e-02 6.621209483469227275e-02 7.005828901105497046e-03 5.123754727144582072e-04
1.851665631784098556e-02 5.940333272708023249e-02 6.629899544915674077e-03 5.149373500780305086e-04
1.860923959943018915e-02 6.166374193828676187e-02 6.677042762145162305e-03 5.175120368284206584e-04
1.870228579742733849e-02 4.921163392080602633e-02 6.118472679076807606e-03 5.200995970125626457e-04
1.879579722641447001e-02 4.216126980084784759e-02 5.346018663836406108e-03 5.227000949976252919e-04
1.888977621254653988e-02 4.306307273438273603e-02 5.374648702468255539e-03 5.253135954726134010e-04
1.898422509360927352e-02 4.275433844215631440e-02 5.628850782138000546e-03 5.279401634499764984e-04
1.907914621907731700e-02 4.182866331570343071e-02 5.221051780763943939e-03 5.305798642672263522e-04
1.917454195017270074e-02 3.782793878307204316e-02 4.917852128570390779e-03 5.332327635885623007e-04
1.927041465992356331e-02 3.168050352993169450e-02 4.519607451048411433e-03 5.358989274065051453e-04
1.936676673322317715e-02 3.684006868449062055e-02 4.982789941427727930e-03 5.385784220435375479e-04
1.946360056688929002e-02 3.964728159184691125e-02 5.009036398572426496e-03 5.412713141537551630e-04
1.956091856972373699e-02 3.703455341499983788e-02 4.735784455275867180e-03 5.439776707245239486e-04
1.965872316257235436e-02 2.851955008083747675e-02 4.360690974033899943e-03 5.466975590781464767e-04
1.975701677838521270e-02 3.558451707166782052e-02 4.769084737719401883e-03 5.494310468735371343e-04
1.985580186227713789e-02 3.035342236093517554e-02 4.125667287945420508e-03 5.521782021079048048e-04
1.995508087158852362e-02 2.849885428533874276e-02 4.260255981712255877e-03 5.549390931184443321e-04
2.005485627594646297e-02 2.698063914368060631e-02 3.773574767574970623e-03 5.577137885840364410e-04
2.015513055732619241e-02 2.962512153520135971e-02 4.026754353385324919e-03 5.605023575269565484e-04
2.025590621011282011e-02 2.926214771827335970e-02 3.905781673540569335e-03 5.633048693145912720e-04
2.035718574116338053e-02 2.548864073059362370e-02 3.674671122394772716e-03 5.661213936611641552e-04
2.045897166986919424e-02 3.184119104061534922e-02 4.072097804784029565e-03 5.689520006294698480e-04
2.056126652821854001e-02 2.339714520130922390e-02 3.408839581194009032e-03 5.717967606326171794e-04
2.066407286085962872e-02 3.042562459166672437e-02 3.828732372554956992e-03 5.746557444357801433e-04
2.076739322516392428e-02 2.545589193993059995e-02 3.492449398315018022e-03 5.775290231579589687e-04
2.087123019128974549e-02 2.268159365325131752e-02 3.269832016591896987e-03 5.804166682737488866e-04
2.097558634224619065e-02 2.314007516304454962e-02 3.301589100683717179e-03 5.833187516151174630e-04
2.108046427395741940e-02 2.707355548620316715e-02 3.520177880225125629e-03 5.862353453731929901e-04
2.118586659532720531e-02 2.654257130942963908e-02 3.451038565876902650e-03 5.891665221000589496e-04
2.129179592830383883e-02 2.346064779800347000e-02 3.328743924267206066e-03 5.921123547105592091e-04
2.139825490794535628e-02 2.677559030631243911e-02 3.395899289753858460e-03 5.950729164841118924e-04
2.150524618248508130e-02 2.459622526031043227e-02 3.253310340667583261e-03 5.980482810665324655e-04
2.161277241339750604e-02 2.451045279974298219e-02 3.213776797059045287e-03 6.010385224718650622e-04
2.172083627546448834e-02 2.275961275652699928e-02 3.064403084845131187e-03 6.040437150842242189e-04
2.182944045684180601e-02 2.891674845714207673e-02 3.426602794397478301e-03 6.070639336596452820e-04
2.193858765912601316e-02 2.489065156313066685e-02 3.131057443509525570e-03 6.100992533279433810e-04
2.204828059742164337e-02 2.502015704071594571e-02 3.185607925603771602e-03 6.131497495945831353e-04
2.215852200040874936e-02 2.080655473887510834e-02 3.011457729871351661e-03 6.162154983425559502e-04
2.226931461041078975e-02 3.150665916975135122e-02 3.452385691599426255e-03 6.192965758342686968e-04
2.238066118346284175e-02 2.403732040725820376e-02 2.953585467546789370e-03 6.223930587134399823e-04
2.249256448938015407e-02 2.443635621689191004e-02 2.980009097167001485e-03 6.255050240070071524e-04
2.260502731182705005e-02 2.330953794276710914e-02 2.863835797193260094e-03 6.286325491270420771e-04
2.271805244838618482e-02 2.930808716505882427e-02 3.191663597277845203e-03 6.317757118726772354e-04
2.283164271062811460e-02 2.845037608020528977e-02 3.248349493145270047e-03 6.349345904320405831e-04
2.294580092418125120e-02 2.696356081954876319e-02 3.098016209256568114e-03 6.381092633842007193e-04
2.306052992880215646e-02 2.906606868451828973e-02 3.235028195471347477e-03 6.412998097011215950e-04
2.317583257844616634e-02 2.666662132332824758e-02 2.956683752182815480e-03 6.445063087496271954e-04
2.329171174133839312e-02 2.930674305457673517e-02 3.145667498054253216e-03 6.477288402933752218e-04
2.340817030004507804e-02 2.732432594517174990e-02 2.939960156794425242e-03 6.509674844948419407e-04
2.352521115154530135e-02 2.918221037902481163e-02 3.132997886124395427e-03 6.542223219173160312e-04
2.364283720730302879e-02 2.093957087745465170e-02 2.533485703977203171e-03 6.574934335269027328e-04
2.376105139333953981e-02 3.060390976184856546e-02 3.068657602098802048e-03 6.607809006945371006e-04
2.387985665030623386e-02 2.364945242296713490e-02 2.828707423028774086e-03 6.640848051980096202e-04
2.399925593355776293e-02 2.555786307780131411e-02 2.765395190480093857e-03 6.674052292239996288e-04
2.411925221322554908e-02 2.837727104796575889e-02 2.889155507041284848e-03 6.707422553701195781e-04
2.423984847429167672e-02 2.755503093017019206e-02 2.805422569926739607e-03 6.740959666469701402e-04
2.436104771666313187e-02 2.148193531345917937e-02 2.590092012359491037e-03 6.774664464802049616e-04
2.448285295524644731e-02 2.802255048816706604e-02 2.877012834120927683e-03 6.808537787126059350e-04
2.460526722002267380e-02 2.693311682592173378e-02 2.786153534713161749e-03 6.842580476061688784e-04
2.472829355612278512e-02 2.338625273434988272e-02 2.659149154125327492e-03 6.876793378441996242e-04
2.485193502390339870e-02 2.378297358787357166e-02 2.713556165180514013e-03 6.911177345334206228e-04
2.497619469902290917e-02 2.619680274922000368e-02 2.661385638493989070e-03 6.945733232060875232e-04
2.510107567251802091e-02 1.954454960961515136e-02 2.306463375291453646e-03 6.980461898221178947e-04
2.522658105088061015e-02 2.062379872544034889e-02 2.285528787343479688e-03 7.015364207712284066e-04
2.535271395613501039e-02 2.377793890494871165e-02 2.522958739306046996e-03 7.050441028750844760e-04
2.547947752591567944e-02 2.225940347423008975e-02 2.314688204886212238e-03 7.085693233894597813e-04
2.560687491354525849e-02 1.953704824188954442e-02 2.165245299016639244e-03 7.121121700064070520e-04
2.573490928811298165e-02 2.004611971747924729e-02 2.181683907680058085e-03 7.156727308564390499e-04
2.586358383455354334e-02 1.586520587682258704e-02 1.919132208055476969e-03 7.192510945107211508e-04
2.599290175372630934e-02 1.969563844680133000e-02 2.204969444216115047e-03 7.228473499832746606e-04
2.612286626249493704e-02 1.662378324270877283e-02 1.954340672780858958e-03 7.264615867331909727e-04
2.625348059380740867e-02 1.652905607131511037e-02 1.929883043343348517e-03 7.300938946668567844e-04
2.638474799677644617e-02 1.584070708536129690e-02 2.059299419835292078e-03 7.337443641401911317e-04
2.651667173676032496e-02 1.679446824200706359e-02 1.947764023525152795e-03 7.374130859608919644e-04
2.664925509544412152e-02 1.552199467977801936e-02 1.928709642443365239e-03 7.411001513906962735e-04
2.678250137092134248e-02 1.334192719960949555e-02 1.819323715022586356e-03 7.448056521476497608e-04
2.691641387777594235e-02 1.597621006742422009e-02 1.977604232341454230e-03 7.485296804083878914e-04
2.705099594716482009e-02 1.617528581124752507e-02 1.943474148732983985e-03 7.522723288104297404e-04
2.718625092690064166e-02 1.462760664340214192e-02 1.744684407986974101e-03 7.560336904544818137e-04
2.732218218153514150e-02 1.643519116678279074e-02 1.833604245359733145e-03 7.598138589067541214e-04
2.745879309244281599e-02 9.193873033813018333e-03 1.352829418601634096e-03 7.636129282012878508e-04
2.759608705790502631e-02 1.140158270329086170e-02 1.507182179679787248e-03 7.674309928422942077e-04
2.773406749319454884e-02 9.941758520979013594e-03 1.403254002749863318e-03 7.712681478065056169e-04
2.787273783066051419e-02 8.709634428681386348e-03 1.348005839220744106e-03 7.751244885455379824e-04
2.801210151981381458e-02 1.219297988301660737e-02 1.545676191753232818e-03 7.790001109882655232e-04
2.815216202741288587e-02 1.163250504541083960e-02 1.544779602418180475e-03 7.828951115432069945e-04
2.829292283754994419e-02 8.572013912312924713e-03 1.290163865287657051e-03 7.868095871009228581e-04
2.843438745173769086e-02 8.364818832445867006e-03 1.273631838899748391e-03 7.907436350364273076e-04
2.857655938899637815e-02 4.367267493327158835e-03 1.165269772623364402e-03 7.946973532116093997e-04
2.871944218594135734e-02 7.983739146193720437e-03 1.282905863627816162e-03 7.986708399776674136e-04
2.886303939687106038e-02 7.802958273478483378e-03 1.302870440143794918e-03 8.026641941775556786e-04
2.900735459385541531e-02 9.136714924671005336e-03 1.303447638701833505e-03 8.066775151484434359e-04
2.915239136682468840e-02 6.712304823407190188e-03 1.172841486352125010e-03 8.107109027241855186e-04
2.929815332365880848e-02 6.532507682069653258e-03 1.087338719601215831e-03 8.147644572378063676e-04
2.944464409027709728e-02 4.583380462693143094e-03 9.155035783426447365e-04 8.188382795239952140e-04
2.959186731072847854e-02 4.502729293172741745e-03 1.001580215315624233e-03 8.229324709216151402e-04
2.973982664728212072e-02 4.418059753832409044e-03 8.825410800482960411e-04 8.270471332762231991e-04
2.988852578051852740e-02 7.298665868991379910e-03 1.138495549767764518e-03 8.311823689426041948e-04
3.003796840942111676e-02 5.672970243057777300e-03 1.001682240359510340e-03 8.353382807873171480e-04
3.018815825146821744e-02 3.288277944404052831e-03 8.643448793628430308e-04 8.395149721912535798e-04
3.033909904272555358e-02 6.067900696097624190e-03 1.108826307894381471e-03 8.437125470522096726e-04
3.049079453793918093e-02 5.060022230050383214e-03 1.031073591850150892e-03 8.479311097874706830e-04
3.064324851062887045e-02 5.493698149271013936e-03 9.700441704417239784e-04 8.521707653364079312e-04
3.079646475318201237e-02 4.670336754614155643e-03 8.977681955295177757e-04 8.564316191630898852e-04
3.095044707694791924e-02 5.127124246364785608e-03 9.349755427197428432e-04 8.607137772589052794e-04
3.110519931233265631e-02 3.555414537886387137e-03 8.785935922665966558e-04 8.650173461451996773e-04
3.126072530889431600e-02 5.655284511598283707e-03 1.036128907124030064e-03 8.693424328759255873e-04
3.141702893543878161e-02 4.982136437415514256e-03 9.083996270697320243e-04 8.736891450403050461e-04
3.157411408011597670e-02 5.470810663791351308e-03 9.511656546270579830e-04 8.780575907655066223e-04
3.173198465051654815e-02 5.330428570192922294e-03 9.410955520046246012e-04 8.824478787193339125e-04
3.189064457376912520e-02 5.280856236244767243e-03 9.323333274435979855e-04 8.868601181129304092e-04
3.205009779663797742e-02 5.951992714671713001e-03 9.906650346488262912e-04 8.912944187034952098e-04
3.221034828562116537e-02 6.693584255869031510e-03 1.056920823062273323e-03 8.957508907970127129e-04
3.237140002704926023e-02 5.772598757377302679e-03 1.106900167012015834e-03 9.002296452509974930e-04
3.253325702718450757e-02 6.922440984554227399e-03 1.204930293634631907e-03 9.047307934772525102e-04
3.269592331232042820e-02 7.618675571644091538e-03 1.188293579159914893e-03 9.092544474446387056e-04
3.285940292888202274e-02 6.977050130785105234e-03 1.130314956610942254e-03 9.138007196818616167e-04
3.302369994352642724e-02 8.107448211141062705e-03 1.255446812114221697e-03 9.183697232802707881e-04
3.318881844324406138e-02 7.562211128720138821e-03 1.138390489174687711e-03 9.229615718966721919e-04
3.335476253546027642e-02 6.165332664743583026e-03 1.026004959716538077e-03 9.275763797561553930e-04
3.352153634813757888e-02 6.738036864835956520e-03 1.140686068246097055e-03 9.322142616549362187e-04
3.368914402987825685e-02 7.124748768551468318e-03 1.084754663861354183e-03 9.368753329632105963e-04
3.385758975002764459e-02 6.542078699822023898e-03 1.032670246788974094e-03 9.415597096280266037e-04
3.402687769877778268e-02 6.833363412442741702e-03 1.052624777261181033e-03 9.462675081761667134e-04
3.419701208727166097e-02 7.366545244399731740e-03 1.084217198065619628e-03 9.509988457170472738e-04
3.436799714770802372e-02 7.453730999192220708e-03 1.085301302173041684e-03 9.557538399456326278e-04
3.453983713344655621e-02 8.582006163193134016e-03 1.155097004675494695e-03 9.605326091453606158e-04
3.471253631911378618e-02 7.702530709482454524e-03 1.138166229644939917e-03 9.653352721910872687e-04
3.488609900070935299e-02 7.219543582783679962e-03 1.040080578597135132e-03 9.701619485520426682e-04
3.506052949571289434e-02 8.228118786722462760e-03 1.097404209523934835e-03 9.750127582948027449e-04
3.523583214319145340e-02 7.095182266860642316e-03 1.022119530582427755e-03 9.798878220862766893e-04
3.541201130390740637e-02 6.946863788784942047e-03 1.050327928879331513e-03 9.847872611967079144e-04
3.558907136042693820e-02 8.050993676980590721e-03 1.129826195921517515e-03 9.897111975026911743e-04
3.576701671722907344e-02 4.753361972295895056e-03 8.258395302955018249e-04 9.946597534902046431e-04
3.594585180081521364e-02 5.318693479060198834e-03 9.788422287791487871e-04 9.996330522576556566e-04
3.612558105981928530e-02 5.619791637433955295e-03 8.981505171198946600e-04 1.004631217518943799e-03
3.630620896511838058e-02 6.488721208901784138e-03 9.924466079556516600e-04 1.009654373606538522e-03
3.648774000994396693e-02 6.199751637586644812e-03 9.224328642023439575e-04 1.014702645474571067e-03
3.667017870999368656e-02 6.606204225147915138e-03 9.517190393298995393e-04 1.019776158701943746e-03
3.685352960354364854e-02 5.223902597375392962e-03 8.458542973636538247e-04 1.024875039495453310e-03
3.703779725156136626e-02 5.480449022974247589e-03 8.649338805753020417e-04 1.029999414692930578e-03
3.722298623781916671e-02 5.416750894741949492e-03 8.549425950542508023e-04 1.035149411766395034e-03
3.740910116900825200e-02 5.961118169950799586e-03 8.970798721362988970e-04 1.040325158825226772e-03
3.759614667485329520e-02 5.035045905233986874e-03 8.154092447332242583e-04 1.045526784619352960e-03
3.778412740822754967e-02 2.356982307042460121e-03 7.159924394599610819e-04 1.050754418542449494e-03
3.797304804526868693e-02 3.648264246911512958e-03 6.883570395914673755e-04 1.056008190635161726e-03
3.816291328549503009e-02 3.248916399118796303e-03 6.487602866499712993e-04 1.061288231588337341e-03
3.835372785192249501e-02 3.701867919735518826e-03 8.081770245875366347e-04 1.066594672746278743e-03
3.854549649118210741e-02 5.006304083418528644e-03 8.004741903267848435e-04 1.071927646110010192e-03
3.873822397363801268e-02 3.442405263471014047e-03 6.615542172973002321e-04 1.077287284340560118e-03
3.893191509350620028e-02 3.444232275126894553e-03 6.619429477014267737e-04 1.082673720762262950e-03
3.912657466897372788e-02 2.647359515910145938e-03 5.769304140156638954e-04 1.088087089366074171e-03
3.932220754231859072e-02 2.169566960063089734e-03 5.782444681921448861e-04 1.093527524812904243e-03
3.951881858003018083e-02 3.418854569429006802e-03 6.453048231020970874e-04 1.098995162436968787e-03
3.971641267293032906e-02 3.248017033317833480e-03 6.362499654788191525e-04 1.104490138249153517e-03
3.991499473629497863e-02 2.540145466789366004e-03 6.875495143888120083e-04 1.110012588940399118e-03
4.011456970997644145e-02 2.825579207128684801e-03 5.885136569649143624e-04 1.115562651885100868e-03
4.031514255852632067e-02 2.558858362346347597e-03 5.577863719241517434e-04 1.121140465144526265e-03
4.051671827131894665e-02 2.540347258631881194e-03 5.537574386609743970e-04 1.126746167470248691e-03
4.071930186267554153e-02 2.338512991521133916e-03 5.844902918119170877e-04 1.132379898307599945e-03
4.092289837198891111e-02 2.283850714209190082e-03 5.234106007336366412e-04 1.138041797799137743e-03
4.112751286384885852e-02 1.900240044534116284e-03 5.564916797811367581e-04 1.143732006788133592e-03
4.133315042816809726e-02 1.804019867658796395e-03 4.653281509040587674e-04 1.149450666822074115e-03
4.153981618030892775e-02 1.899389467699342604e-03 4.743706809269739315e-04 1.155197920156184272e-03
4.174751526121046885e-02 2.092784758416608038e-03 4.927792255327358715e-04 1.160973909756964897e-03
4.195625283751651391e-02 3.778243653329151335e-03 6.672353591757430391e-04 1.166778779305749532e-03
4.216603410170409461e-02 1.860017956346260697e-03 4.645230840752180308e-04 1.172612673202278388e-03
4.237686427221261376e-02 2.676190276107416176e-03 5.574465425028951072e-04 1.178475736568289660e-03
4.258874859357367204e-02 2.851755391689264878e-03 6.239430583216311202e-04 1.184368115251131000e-03
4.280169233654153305e-02 2.377060254408841933e-03 5.768390809226646172e-04 1.190289955827386397e-03
4.301570079822424064e-02 2.670620313593483064e-03 5.562592484771655211e-04 1.196241405606523426e-03
4.323077930221535387e-02 1.951873338993554167e-03 4.728507893392337605e-04 1.202222612634555685e-03
4.344693319872642429e-02 2.286043791861148890e-03 5.105831695473809096e-04 1.208233725697728436e-03
4.366416786472004929e-02 2.400677500728418731e-03 6.559221563827400629e-04 1.214274894326216811e-03
4.388248870404365398e-02 2.343413399729107373e-03 6.072166610181497712e-04 1.220346268797848103e-03
4.410190114756386282e-02 2.633060850344559958e-03 5.483519580419948932e-04 1.226448000141837054e-03
4.432241065330168317e-02 3.048551013206651089e-03 5.859198258373036648e-04 1.232580240142546303e-03
4.454402270656818152e-02 2.635574009072454496e-03 5.488300810040656940e-04 1.238743141343258761e-03
4.476674282010102007e-02 2.719039582774346927e-03 5.542770592269539000e-04 1.244936857049974916e-03
4.499057653420152070e-02 2.293002284697840971e-03 5.120241704295959212e-04 1.251161541335224676e-03
4.521552941687251997e-02 3.182858066798483192e-03 6.006745482502324736e-04 1.257417349041900457e-03
4.544160706395687643e-02 3.512743254758799154e-03 6.300115659531473934e-04 1.263704435787109783e-03
4.566881509927665783e-02 1.970185846972768561e-03 4.771580227985333395e-04 1.270022957966045240e-03
4.589715917477303619e-02 3.270870663047237715e-03 6.172583563003484694e-04 1.276373072755875460e-03
4.612664497064689756e-02 2.155540807730331899e-03 5.073745305787678763e-04 1.282754938119654757e-03
4.635727819550012480e-02 2.604198121568267014e-03 6.434951449571860160e-04 1.289168712810252705e-03
4.658906458647761595e-02 3.412694342573674693e-03 6.558685061656391226e-04 1.295614556374303670e-03
4.682200990941000340e-02 2.913176862014517018e-03 6.639136277467899043e-04 1.302092629156175211e-03
4.705611995895704613e-02 2.559158585712238438e-03 5.448553307812922363e-04 1.308603092301955989e-03
4.729140055875183379e-02 3.383265532456576977e-03 6.273760899692742369e-04 1.315146107763465796e-03
4.752785756154558061e-02 2.453418387489222311e-03 6.701903294245585736e-04 1.321721838302282719e-03
4.776549684935330747e-02 3.288235918432116413e-03 6.205443422340392850e-04 1.328330447493794152e-03
4.800432433360006523e-02 2.631440295259630628e-03 6.046538493612665672e-04 1.334972099731262987e-03
4.824434595526806702e-02 2.511833911593320569e-03 6.207317674270276505e-04 1.341646960229919174e-03
4.848556768504440340e-02 1.840424235136050831e-03 5.615646561438550344e-04 1.348355195031068635e-03
4.872799552346961799e-02 2.045433417391836085e-03 4.954976685951691540e-04 1.355096971006223856e-03
4.897163550108696306e-02 1.756576943111895798e-03 4.530042507006791985e-04 1.361872455861254860e-03
4.921649367859239066e-02 1.876640380170452793e-03 5.182539182637601553e-04 1.368681818140561005e-03
4.946257614698534866e-02 1.259172357173109257e-03 3.792322915958990285e-04 1.375525227231263591e-03
4.970988902772026374e-02 1.495665875298593343e-03 4.143614851847574141e-04 1.382402853367419721e-03
4.995843847285886402e-02 2.835615675806211437e-03 5.781977083838035682e-04 1.389314867634256758e-03
5.020823066522315387e-02 2.103044104112795736e-03 4.951903259560847762e-04 1.396261441972427826e-03
5.045927181854926308e-02 1.513229263828773982e-03 4.192693145397397947e-04 1.403242749182289847e-03
5.071156817764200381e-02 1.174628954652560823e-03 3.710910439932315718e-04 1.410258962928201106e-03
5.096512601853020463e-02 1.295331403789668195e-03 3.902207947030638681e-04 1.417310257742841794e-03
5.121995164862284955e-02 1.189043059899525098e-03 3.756846401939349092e-04 1.424396809031556023e-03
5.147605140686596636e-02 1.185123104570867973e-03 3.744650798152979122e-04 1.431518793076713789e-03
5.173343166390028530e-02 1.686523705848610348e-03 4.503923046334969561e-04 1.438676387042097000e-03
5.199209882221978579e-02 9.812431910033224489e-04 3.466523842068670327e-04 1.445869768977307412e-03
5.225205931633088163e-02 1.602391849459901610e-03 4.441091110574916937e-04 1.453099117822193856e-03
5.251331961291252903e-02 8.010142158773662880e-04 4.064375936293691295e-04 1.460364613411304626e-03
5.277588621097707711e-02 1.175171522518736640e-03 4.600498705156839778e-04 1.467666436478360899e-03
