# Experiment IPTS-35338 Run 223937
# Reduction 2.3.0
# Run title: Sample6_CuOx_dTHF_-0,8_FullQ-223937-1.
# Run start time: 2025-10-27T09:41:31.998429667
# Reduction time: Mon Oct 27 05:46:32 2025
# Q summing: False
# TOF weighted: False
# Bck in Q: False
# Theta offset: 0
# DataRun   NormRun   TwoTheta(deg)  LambdaMin(A)   LambdaMax(A) Qmin(1/A)    Qmax(1/A)    SF_A         SF_B
# 223937    223814    0.740544       2.42454        9.57053      0.0084       0.0334       4.0          0           
# 223938    223815    2.39877        2.55214        9.57053      0.0274       0.1030       16.0         0           
# 223939    223816    7.00156        2.74975        9.49871      0.0807       0.2790       144.0        0           
# Q [1/Angstrom]        R                     dR                    dQ [FWHM]            
  0.0085998376056414    0.9590134749037342    0.0218071111273773    0.0002234449764261
  0.0086858359816978    0.9781841766363761    0.0220556515559262    0.0002256794261904
  0.0087726943415147    1.0149179459668218    0.0213620797781081    0.0002279362204523
  0.0088604212849299    0.9648567205369712    0.0195950612029850    0.0002302155826568
  0.0089490254977792    0.9523073796481331    0.0193998793802983    0.0002325177384834
  0.0090385157527570    0.9107594156496915    0.0179174246585714    0.0002348429158682
  0.0091289009102846    0.9787511899488808    0.0185615827575176    0.0002371913450269
  0.0092201899193874    0.8933894308545604    0.0163641040007097    0.0002395632584772
  0.0093123918185813    0.9720485703608334    0.0174700535123035    0.0002419588910619
  0.0094055157367671    0.9715307165876698    0.0170026444577526    0.0002443784799726
  0.0094995708941348    0.9158771002885945    0.0158076405656501    0.0002468222647723
  0.0095945666030761    0.9489568336187371    0.0158392510656462    0.0002492904874200
  0.0096905122691069    0.9466925551128130    0.0156300802770451    0.0002517833922942
  0.0097874173917979    0.9173776932788127    0.0148119922662569    0.0002543012262171
  0.0098852915657159    0.9326654774896178    0.0144995768160910    0.0002568442384793
  0.0099841444813731    0.9556247970757561    0.0145454927847200    0.0002594126808641
  0.0100839859261868    0.9414983063159599    0.0140093425537609    0.0002620068076727
  0.0101848257854487    0.9135591141851213    0.0132349061448280    0.0002646268757495
  0.0102866740433032    0.9095312197450941    0.0130194095653652    0.0002672731445070
  0.0103895407837362    0.8831228147977390    0.0123313981743793    0.0002699458759520
  0.0104934361915736    0.9334437367125088    0.0127324314636723    0.0002726453347116
  0.0105983705534893    0.9396187254545344    0.0125513797441699    0.0002753717880587
  0.0107043542590242    0.9502151345128412    0.0123127323406747    0.0002781255059393
  0.0108113978016144    0.9204092584963514    0.0117974406713088    0.0002809067609987
  0.0109195117796306    0.9131199562347864    0.0114792366985305    0.0002837158286086
  0.0110287068974269    0.9037590742434486    0.0111193157257111    0.0002865529868947
  0.0111389939664011    0.9585470521476548    0.0114012975293317    0.0002894185167637
  0.0112503839060652    0.9557337465538577    0.0112646277772992    0.0002923127019313
  0.0113628877451258    0.9430268017173439    0.0108915550816974    0.0002952358289506
  0.0114765166225771    0.8954166522114521    0.0101168497777029    0.0002981881872401
  0.0115912817888028    0.9387203297115253    0.0103423543159950    0.0003011700691125
  0.0117071946066909    0.9217016843147847    0.0099941288087313    0.0003041817698037
  0.0118242665527578    0.8994236040843778    0.0095176974239177    0.0003072235875017
  0.0119425092182854    0.9458055887223745    0.0098043193036791    0.0003102958233767
  0.0120619343104682    0.9197148565607474    0.0093258839391029    0.0003133987816105
  0.0121825536535729    0.9018610448608350    0.0090940914828869    0.0003165327694266
  0.0123043791901086    0.9227730036679207    0.0090973838991803    0.0003196980971209
  0.0124274229820097    0.9160862244679382    0.0088938609494488    0.0003228950780921
  0.0125516972118298    0.9000235490309327    0.0085768115479220    0.0003261240288730
  0.0126772141839481    0.9062132321444150    0.0084383556133213    0.0003293852691617
  0.0128039863257876    0.8798348285324996    0.0081536220947533    0.0003326791218533
  0.0129320261890455    0.8775484012415955    0.0080964075136574    0.0003360059130719
  0.0130613464509359    0.8085237731886886    0.0076005388159758    0.0003393659722026
  0.0131919599154453    0.7419893140810528    0.0070733156009554    0.0003427596319246
  0.0133238795145997    0.6938425461929241    0.0067436272401376    0.0003461872282438
  0.0134571183097457    0.6312770392680839    0.0063132965472684    0.0003496491005263
  0.0135916894928432    0.5858746392651948    0.0060018469736953    0.0003531455915316
  0.0137276063877716    0.5589314763894099    0.0057770037855120    0.0003566770474469
  0.0138648824516493    0.5005557299864359    0.0053029790902695    0.0003602438179213
  0.0140035312761658    0.4772166005828099    0.0051829563814399    0.0003638462561005
  0.0141435665889275    0.4379908232872665    0.0047988108525256    0.0003674847186616
  0.0142850022548168    0.4033972253787784    0.0045539497826124    0.0003711595658482
  0.0144278522773649    0.3806205937177181    0.0043441915275376    0.0003748711615067
  0.0145721308001386    0.3524774140256351    0.0041304842787633    0.0003786198731217
  0.0147178521081400    0.3327238815519695    0.0039664310713917    0.0003824060718529
  0.0148650306292214    0.3078519431527923    0.0037046296854367    0.0003862301325715
  0.0150136809355136    0.2881269529730378    0.0035690741745907    0.0003900924338972
  0.0151638177448687    0.2731984193149038    0.0035182763032751    0.0003939933582362
  0.0153154559223174    0.2435357870478763    0.0032694377564428    0.0003979332918185
  0.0154686104815406    0.2200496075887969    0.0029396170690010    0.0004019126247367
  0.0156232965863560    0.2029444940151687    0.0027709696941493    0.0004059317509841
  0.0157795295522195    0.1841647378777774    0.0026138635801097    0.0004099910684939
  0.0159373248477417    0.1672300432826931    0.0024726804709273    0.0004140909791788
  0.0160966980962192    0.1609066249248564    0.0024080969990927    0.0004182318889706
  0.0162576650771813    0.1463485272899073    0.0022697481327063    0.0004224142078603
  0.0164202417279532    0.1280524474093068    0.0021131485525916    0.0004266383499389
  0.0165844441452327    0.1182022935351881    0.0020505520433219    0.0004309047334383
  0.0167502885866850    0.1073249936885727    0.0019032291021486    0.0004352137807727
  0.0169177914725519    0.1000619008928241    0.0017831260728119    0.0004395659185804
  0.0170869693872774    0.0895999225814896    0.0016346692274433    0.0004439615777662
  0.0172578390811502    0.0784637932411822    0.0015073987606348    0.0004484011935439
  0.0174304174719617    0.0726351693386640    0.0014649353152115    0.0004528852054793
  0.0176047216466813    0.0678155096548939    0.0014175317347864    0.0004574140575341
  0.0177807688631481    0.0601517155358549    0.0013214708948164    0.0004619881981095
  0.0179585765517796    0.0548534744020469    0.0012474621773273    0.0004666080800906
  0.0181381623172974    0.0516180141008928    0.0011925070881670    0.0004712741608915
  0.0183195439404703    0.0465369516235531    0.0011148839079053    0.0004759869025004
  0.0185027393798750    0.0428021053254495    0.0010614678596783    0.0004807467715254
  0.0186877667736738    0.0424150601597412    0.0010577741904878    0.0004855542392407
  0.0188746444414105    0.0401126179184198    0.0010178079087820    0.0004904097816331
  0.0190633908858246    0.0382716291720694    0.0009845813704957    0.0004953138794494
  0.0192540247946829    0.0373982821460783    0.0009743574543413    0.0005002670182439
  0.0194465650426297    0.0362704011480329    0.0009484922730435    0.0005052696884263
  0.0196410306930560    0.0362992022478388    0.0009419984321698    0.0005103223853106
  0.0198374409999866    0.0348711994802097    0.0009181034984086    0.0005154256091637
  0.0200358154099864    0.0340191264776744    0.0009318721339050    0.0005205798652553
  0.0202361735640863    0.0344768401912686    0.0009791673671101    0.0005257856639079
  0.0204385352997272    0.0357368858110553    0.0009584564757585    0.0005310435205470
  0.0206429206527244    0.0349760469988699    0.0009386516213458    0.0005363539557524
  0.0208493498592517    0.0356831581569019    0.0009403854383565    0.0005417174953100
  0.0210578433578442    0.0335964397998025    0.0008947711644055    0.0005471346702631
  0.0212684217914226    0.0337359531783336    0.0008840269663347    0.0005526060169657
  0.0214811060093369    0.0348324096520954    0.0008865841058525    0.0005581320771353
  0.0216959170694302    0.0325958453252084    0.0008370735105961    0.0005637133979067
  0.0219128762401245    0.0323754813523553    0.0008295212597937    0.0005693505318858
  0.0221320050025258    0.0323978024637426    0.0008288994611978    0.0005750440372046
  0.0223533250525510    0.0310811323498138    0.0008048193581592    0.0005807944775767
  0.0225768583030765    0.0320041147674544    0.0008105433364662    0.0005866024223524
  0.0228026268861073    0.0314837319507468    0.0008015032095504    0.0005924684465760
  0.0230306531549684    0.0288924406255484    0.0007629580445849    0.0005983931310417
  0.0232609596865181    0.0289377311444655    0.0007542052765002    0.0006043770623521
  0.0234935692833833    0.0268576697188528    0.0007225713715928    0.0006104208329757
  0.0237285049762171    0.0267114128957462    0.0007106792302560    0.0006165250413054
  0.0239657900259793    0.0253449117355449    0.0006889852737419    0.0006226902917185
  0.0242054479262390    0.0243576441170553    0.0006709914308465    0.0006289171946357
  0.0244475024055014    0.0222494944114647    0.0006381059610579    0.0006352063665820
  0.0246919774295565    0.0220577124411711    0.0006305130875103    0.0006415584302478
  0.0249388972038520    0.0193471233451318    0.0005871222279345    0.0006479740145503
  0.0251882861758905    0.0196419731515539    0.0005880621835071    0.0006544537546958
  0.0254401690376494    0.0166414257809968    0.0005352650051331    0.0006609982922428
  0.0256945707280259    0.0162172355097435    0.0005274261913016    0.0006676082751652
  0.0259515164353062    0.0160794774911016    0.0005246762800102    0.0006742843579169
  0.0262110315996593    0.0147226738033685    0.0004992141071349    0.0006810272014960
  0.0264731419156559    0.0135202622279035    0.0004773152864999    0.0006878374735110
  0.0267378733348124    0.0126969809082260    0.0004624065774707    0.0006947158482461
  0.0270052520681605    0.0113133344790862    0.0004324215904667    0.0007016630067286
  0.0272753045888421    0.0120538200422990    0.0004434603567663    0.0007086796367958
  0.0275480576347306    0.0111756349754679    0.0004259280692581    0.0007157664331638
  0.0278235382110779    0.0103064898283514    0.0004099184114047    0.0007229240974954
  0.0281017735931887    0.0099179113036664    0.0004025561880836    0.0007301533384704
  0.0281017735931887    0.0139665435221513    0.0004560646868187    0.0007393516509176
  0.0283827913291205    0.0091618476449439    0.0003893800249078    0.0007374548718551
  0.0283827913291205    0.0147475612034109    0.0004663884738618    0.0007467451674268
  0.0286666192424117    0.0087964246764162    0.0003919981060512    0.0007448294205736
  0.0286666192424117    0.0127038340230731    0.0004244570744876    0.0007542126191011
  0.0289532854348359    0.0115489629316189    0.0003924483946540    0.0007617547452921
  0.0289532854348359    0.0096243993255002    0.0004021401523156    0.0007522777147794
  0.0292428182891842    0.0094144103324239    0.0003933591291228    0.0007598004919272
  0.0292428182891842    0.0111408067475988    0.0003706573795124    0.0007693722927450
  0.0295352464720761    0.0108338562825672    0.0003616968940800    0.0007770660156724
  0.0295352464720761    0.0097517799795771    0.0003994431059196    0.0007673984968464
  0.0298305989367968    0.0094693283953154    0.0004012892077690    0.0007750724818149
  0.0298305989367968    0.0095968528185277    0.0003285023260846    0.0007848366758292
  0.0301289049261648    0.0101177728748498    0.0004162215198245    0.0007828232066331
  0.0301289049261648    0.0102336761220321    0.0003345029179926    0.0007926850425875
  0.0304301939754264    0.0090274939708817    0.0003839683627424    0.0007906514386994
  0.0304301939754264    0.0098762321498753    0.0003217923439030    0.0008006118930133
  0.0307344959151807    0.0088672751738391    0.0003823621789789    0.0007985579530864
  0.0307344959151807    0.0090357841867045    0.0003002668297146    0.0008086180119435
  0.0310418408743325    0.0091434123853364    0.0003885161882435    0.0008065435326172
  0.0310418408743325    0.0095199826047586    0.0003039803658545    0.0008167041920629
  0.0313522592830758    0.0094210070505149    0.0002930619139260    0.0008248712339835
  0.0313522592830758    0.0089809362135922    0.0003865579579974    0.0008146089679434
  0.0316657818759066    0.0092046426567822    0.0004010708150193    0.0008227550576229
  0.0316657818759066    0.0096269309823682    0.0002885262463310    0.0008331199463234
  0.0319824396946657    0.0090945910803563    0.0002741028200672    0.0008414511457866
  0.0319824396946657    0.0094663940169619    0.0004210107455891    0.0008309826081991
  0.0323022640916123    0.0102102300857738    0.0004591754836048    0.0008392924342811
  0.0323022640916123    0.0097344701933605    0.0002804561760729    0.0008498656572445
  0.0326252867325284    0.0087561037339958    0.0004439862747304    0.0008476853586239
  0.0326252867325284    0.0093065592366994    0.0002675707164801    0.0008583643138169
  0.0329515395998537    0.0092208780151225    0.0002596389639074    0.0008669479569551
  0.0332810549958523    0.0096252418154407    0.0002626170336412    0.0008756174365246
  0.0336138655458108    0.0092312798783375    0.0002494203586046    0.0008843736108899
  0.0339500042012689    0.0092960459751001    0.0002447342841009    0.0008932173469988
  0.0342895042432816    0.0092302253159180    0.0002393612501261    0.0009021495204688
  0.0346323992857144    0.0096824833621323    0.0002457763124388    0.0009111710156734
  0.0349787232785715    0.0092261289741695    0.0002293169504934    0.0009202827258302
  0.0353285105113573    0.0088412536818937    0.0002202256251846    0.0009294855530885
  0.0356817956164708    0.0081850589721644    0.0002061997280471    0.0009387804086194
  0.0360386135726355    0.0079558791945796    0.0001998593986044    0.0009481682127056
  0.0363989997083619    0.0075915828353664    0.0001930011635439    0.0009576498948326
  0.0367629897054455    0.0076658920368178    0.0001886162086654    0.0009672263937809
  0.0371306196025000    0.0067862221682824    0.0001765557748669    0.0009768986577188
  0.0375019257985250    0.0066657202030266    0.0001696580764301    0.0009866676442959
  0.0378769450565102    0.0065193712669684    0.0001659593715466    0.0009965343207389
  0.0382557145070753    0.0058491275171682    0.0001526750393349    0.0010064996639463
  0.0386382716521461    0.0057383587384637    0.0001494266121484    0.0010165646605858
  0.0390246543686675    0.0051855313284245    0.0001398203542771    0.0010267303071916
  0.0394149009123542    0.0050120011868443    0.0001357458673445    0.0010369976102635
  0.0398090499214778    0.0047181228052798    0.0001287908856933    0.0010473675863662
  0.0402071404206925    0.0044408406280275    0.0001215488909691    0.0010578412622298
  0.0406092118248995    0.0043985835903632    0.0001183508517047    0.0010684196748521
  0.0410153039431485    0.0041293026716211    0.0001130697879196    0.0010791038716006
  0.0414254569825799    0.0038787617505641    0.0001083525001113    0.0010898949103166
  0.0418397115524057    0.0039052215796701    0.0001054248817953    0.0011007938594198
  0.0422581086679298    0.0036605094477135    0.0001020835149254    0.0011118017980140
  0.0426806897546091    0.0037634956719362    0.0001012121277003    0.0011229198159942
  0.0431074966521552    0.0039210096023754    0.0001026517601485    0.0011341490141541
  0.0435385716186767    0.0039085441424247    0.0001007814019619    0.0011454905042956
  0.0439739573348635    0.0036625276437799    0.0000955137747986    0.0011569454093386
  0.0444136969082121    0.0037611037013729    0.0000938721711253    0.0011685148634320
  0.0448578338772943    0.0039120496835757    0.0000946663328328    0.0011802000120663
  0.0453064122160672    0.0037962789471773    0.0000909437975130    0.0011920020121870
  0.0457594763382279    0.0036765695474912    0.0000900168523458    0.0012039220323088
  0.0462170711016102    0.0037894400812275    0.0000888156112804    0.0012159612526319
  0.0466792418126263    0.0037603536865359    0.0000875268964249    0.0012281208651582
  0.0471460342307525    0.0035185189715491    0.0000819369156655    0.0012404020738098
  0.0476174945730601    0.0034731369745468    0.0000814132929609    0.0012528060945479
  0.0480936695187907    0.0034187091777666    0.0000792045247517    0.0012653341554934
  0.0485746062139786    0.0031717365141540    0.0000757284388564    0.0012779874970483
  0.0490603522761183    0.0029528129223829    0.0000727287842604    0.0012907673720188
  0.0495509557988795    0.0028185260188141    0.0000725773219264    0.0013036750457390
  0.0500464653568683    0.0025620250682405    0.0000649066154549    0.0013167117961964
  0.0505469300104370    0.0022857972360211    0.0000600208254699    0.0013298789141584
  0.0510523993105414    0.0022159427523249    0.0000587548217153    0.0013431777032999
  0.0515629233036468    0.0020654989119890    0.0000555957663797    0.0013566094803329
  0.0520785525366833    0.0019886819467633    0.0000537371032503    0.0013701755751363
  0.0525993380620501    0.0018899832987828    0.0000520923821335    0.0013838773308876
  0.0531253314426706    0.0019708111171684    0.0000528904112822    0.0013977161041965
  0.0536565847570973    0.0019320713401454    0.0000531804325391    0.0014116932652385
  0.0541931506046683    0.0019530154364957    0.0000537369803584    0.0014258101978909
  0.0547350821107150    0.0019994287666198    0.0000514613868345    0.0014400682998698
  0.0552824329318221    0.0018645376981322    0.0000484555390726    0.0014544689828685
  0.0558352572611403    0.0019091378667846    0.0000494735454749    0.0014690136726971
  0.0563936098337517    0.0019109664073940    0.0000484335432459    0.0014837038094241
  0.0569575459320893    0.0019184277864936    0.0000490752908638    0.0014985408475184
  0.0575271213914101    0.0019217785379879    0.0000487424475615    0.0015135262559935
  0.0581023926053242    0.0017927250920556    0.0000461999214495    0.0015286615185535
  0.0586834165313775    0.0017780327798236    0.0000460616122885    0.0015439481337390
  0.0592702506966913    0.0017604721617654    0.0000447827472188    0.0015593876150764
  0.0598629532036582    0.0015959135926706    0.0000427688709294    0.0015749814912272
  0.0604615827356948    0.0014825524179148    0.0000415541552238    0.0015907313061394
  0.0610661985630517    0.0014804590837708    0.0000407625111904    0.0016066386192008
  0.0616768605486822    0.0013695532052031    0.0000389047328547    0.0016227050053928
  0.0622936291541691    0.0012058088048915    0.0000364649349522    0.0016389320554468
  0.0629165654457108    0.0011837500320556    0.0000363962778750    0.0016553213760012
  0.0635457311001679    0.0010524765603213    0.0000339189931715    0.0016718745897613
  0.0641811884111695    0.0010886107389617    0.0000344373634910    0.0016885933356589
  0.0648230002952812    0.0010218634196644    0.0000336557636982    0.0017054792690155
  0.0654712302982340    0.0010129645156401    0.0000351568497250    0.0017225340617056
  0.0661259426012164    0.0010011899536007    0.0000344311827464    0.0017397594023227
  0.0667872020272285    0.0010301871877104    0.0000336102085077    0.0017571569963459
  0.0674550740475008    0.0010074713910859    0.0000334172721337    0.0017747285663094
  0.0681296247879758    0.0010134719885011    0.0000329031088551    0.0017924758519724
  0.0688109210358556    0.0009691942852109    0.0000320614268104    0.0018104006104922
  0.0694990302462141    0.0009621066094285    0.0000316396664979    0.0018285046165971
  0.0701940205486763    0.0009230547954363    0.0000306304166419    0.0018467896627631
  0.0708959607541631    0.0008450137365151    0.0000286094694413    0.0018652575593907
  0.0716049203617047    0.0008174476928632    0.0000283807953720    0.0018839101349846
  0.0723209695653217    0.0007512281422073    0.0000269155592717    0.0019027492363344
  0.0730441792609750    0.0007499009730303    0.0000264347147884    0.0019217767286978
  0.0737746210535847    0.0007210577720598    0.0000259659102148    0.0019409944959848
  0.0745123672641206    0.0006792142616511    0.0000248512188190    0.0019604044409446
  0.0752574909367618    0.0006273077419076    0.0000241582752263    0.0019800084853541
  0.0760100658461294    0.0005559639374480    0.0000226008009005    0.0019998085702076
  0.0767701665045907    0.0005603471588058    0.0000221159521063    0.0020198066559097
  0.0775378681696366    0.0006165361124145    0.0000234340338005    0.0020400047224688
  0.0783132468513330    0.0005828928138817    0.0000224212819904    0.0020604047696935
  0.0790963793198463    0.0005686824752054    0.0000221169088951    0.0020810088173904
  0.0798873431130447    0.0005791275378220    0.0000223335324351    0.0021018189055643
  0.0806862165441752    0.0005410490522721    0.0000214446897037    0.0021228370946199
  0.0814930787096169    0.0005064730015335    0.0000209485024828    0.0021440654655661
  0.0823080094967131    0.0005878570669921    0.0000164087739017    0.0021624020324500
  0.0823080094967131    0.0004933403209377    0.0000204036080916    0.0021655061202218
  0.0831310895916802    0.0005211944337543    0.0000149949952076    0.0021840260527745
  0.0831310895916802    0.0004973244273513    0.0000204459833018    0.0021871611814240
  0.0839624004875970    0.0004994813739989    0.0000143488625831    0.0022058663133022
  0.0839624004875970    0.0004794629977658    0.0000196964487842    0.0022090327932383
  0.0848020244924730    0.0004391616463259    0.0000192895457026    0.0022311231211706
  0.0848020244924730    0.0004884038584165    0.0000138242141281    0.0022279249764353
  0.0856500447373977    0.0004022015947513    0.0000181730524910    0.0022534343523824
  0.0856500447373977    0.0004453287931534    0.0000127109216513    0.0022502042261996
  0.0865065451847717    0.0004128720862203    0.0000117763369290    0.0022727062684616
  0.0865065451847717    0.0003783160262569    0.0000178021525132    0.0022759686959062
  0.0873716106366194    0.0003639388159480    0.0000111409847842    0.0022954333311462
  0.0873716106366194    0.0003268530113926    0.0000167720071658    0.0022987283828652
  0.0882453267429856    0.0003167906742250    0.0000163593287383    0.0023217156666939
  0.0882453267429856    0.0003183306978915    0.0000099795494275    0.0023183876644577
  0.0891277800104155    0.0003363109728697    0.0000100351563272    0.0023415715411023
  0.0891277800104155    0.0003159632154351    0.0000159968333374    0.0023449328233608
  0.0900190578105197    0.0003242457418845    0.0000098642251194    0.0023649872565133
  0.0900190578105197    0.0003483063885881    0.0000169780441457    0.0023683821515944
  0.0909192483886248    0.0003202454498824    0.0000162927724469    0.0023920659731104
  0.0909192483886248    0.0003299613798369    0.0000099118469240    0.0023886371290784
  0.0918284408725111    0.0002718151395695    0.0000154286609623    0.0024159866328415
  0.0918284408725111    0.0003156130406348    0.0000092028229371    0.0024125235003692
  0.0927467252812362    0.0003139821046861    0.0000167755828017    0.0024401464991699
  0.0927467252812362    0.0003315439624527    0.0000093112701539    0.0024366487353729
  0.0936741925340486    0.0003096703186633    0.0000087235071889    0.0024610152227266
  0.0936741925340486    0.0002718173596940    0.0000160765310537    0.0024645479641616
  0.0946109344593891    0.0002941378272111    0.0000086085047285    0.0024856253749539
  0.0946109344593891    0.0002562662671949    0.0000150946995737    0.0024891934438032
  0.0955570438039829    0.0002956209293459    0.0000083466723017    0.0025104816287034
  0.0955570438039829    0.0002559069570864    0.0000144851781210    0.0025140853782412
  0.0965126142420228    0.0002153711954214    0.0000144745645676    0.0025392262320237
  0.0965126142420228    0.0002506997281714    0.0000075503303017    0.0025355864449905
  0.0974777403844430    0.0002404668120375    0.0000070355584841    0.0025609423094404
  0.0974777403844430    0.0002142323259411    0.0000146207744442    0.0025646184943439
  0.0984525177882875    0.0001976215033372    0.0000135536781623    0.0025902646792873
  0.0984525177882875    0.0002154071973617    0.0000066384543921    0.0025865517325348
  0.0994370429661703    0.0001974178633275    0.0000063399950825    0.0026124172498601
  0.0994370429661703    0.0001885615985558    0.0000134362363404    0.0026161673260802
  0.1004314133958320    0.0001927276599881    0.0000132298295397    0.0026423289993410
  0.1004314133958320    0.0001859052810310    0.0000059110589361    0.0026385414223587
  0.1014357275297903    0.0001759907318247    0.0000056939532586    0.0026649268365823
  0.1024500848050882    0.0001656544534557    0.0000054466002075    0.0026915761049481
  0.1034745856531391    0.0001695556484061    0.0000054057589217    0.0027184918659976
  0.1045093315096705    0.0001733351136557    0.0000052500767177    0.0027456767846576
  0.1055544248247672    0.0001586236305973    0.0000050569539926    0.0027731335525042
  0.1066099690730149    0.0001507860486275    0.0000048394981729    0.0028008648880292
  0.1076760687637451    0.0001322956337347    0.0000043770845136    0.0028288735369095
  0.1087528294513825    0.0001293436142711    0.0000042921356278    0.0028571622722786
  0.1098403577458963    0.0001229441405910    0.0000040754342463    0.0028857338950014
  0.1109387613233553    0.0001130678065265    0.0000039795540965    0.0029145912339514
  0.1120481489365888    0.0000941838710652    0.0000035002189592    0.0029437371462909
  0.1131686304259547    0.0000848762602806    0.0000033670717139    0.0029731745177538
  0.1143003167302143    0.0000900717941435    0.0000033435100572    0.0030029062629314
  0.1154433198975164    0.0000866612109547    0.0000031624324541    0.0030329353255607
  0.1165977530964916    0.0000798852780420    0.0000030626779880    0.0030632646788163
  0.1177637306274565    0.0000812250337661    0.0000029207799039    0.0030938973256044
  0.1189413679337311    0.0000696848104304    0.0000028048527463    0.0031248362988605
  0.1201307816130684    0.0000691396038356    0.0000026744497473    0.0031560846618491
  0.1213320894291991    0.0000629359499625    0.0000025732702420    0.0031876455084676
  0.1225454103234911    0.0000503322199265    0.0000022936162121    0.0032195219635523
  0.1237708644267260    0.0000506551563664    0.0000022319375695    0.0032517171831878
  0.1250085730709932    0.0000420406925353    0.0000021058622518    0.0032842343550197
  0.1262586588017032    0.0000425779701706    0.0000020747124784    0.0033170766985699
  0.1275212453897202    0.0000370981347303    0.0000018885897415    0.0033502474655556
  0.1287964578436174    0.0000405342273571    0.0000018564556988    0.0033837499402111
  0.1300844224220536    0.0000381760063219    0.0000019078093807    0.0034175874396132
  0.1313852666462741    0.0000323833741465    0.0000016760281437    0.0034517633140094
  0.1326991193127369    0.0000290050955099    0.0000015941730325    0.0034862809471494
  0.1340261105058642    0.0000256136200473    0.0000015427544240    0.0035211437566209
  0.1353663716109229    0.0000224623073138    0.0000014613791538    0.0035563551941871
  0.1367200353270321    0.0000183479354690    0.0000013797404657    0.0035919187461290
  0.1380872356803025    0.0000158144433406    0.0000013228463862    0.0036278379335903
  0.1394681080371055    0.0000172165861537    0.0000012884219956    0.0036641163129262
  0.1408627891174765    0.0000181379867192    0.0000012314869198    0.0037007574760555
  0.1422714170086513    0.0000134776951514    0.0000011995737041    0.0037377650508160
  0.1436941311787378    0.0000119361687784    0.0000011830361121    0.0037751427013242
  0.1451310724905251    0.0000118437234938    0.0000011057728494    0.0038128941283374
  0.1465823832154304    0.0000079396874521    0.0000010283208779    0.0038510230696208
  0.1480482070475847    0.0000075641602705    0.0000009740640523    0.0038895333003170
  0.1495286891180606    0.0000080473345724    0.0000009424708137    0.0039284286333202
  0.1510239760092412    0.0000079165610084    0.0000008987044057    0.0039677129196534
  0.1525342157693336    0.0000063019722680    0.0000008463377395    0.0040073900488499
  0.1540595579270269    0.0000068290701384    0.0000008856608171    0.0040474639493384
  0.1556001535062972    0.0000047235967844    0.0000008787279353    0.0040879385888318
  0.1571561550413602    0.0000047295012222    0.0000008519825102    0.0041288179747201
  0.1587277165917738    0.0000038181444948    0.0000008020136354    0.0041701061544673
  0.1603149937576915    0.0000035137738231    0.0000007654643534    0.0042118072160120
  0.1619181436952684    0.0000027031114328    0.0000007285989837    0.0042539252881721
  0.1635373251322211    0.0000024031739508    0.0000006981508981    0.0042964645410538
  0.1651726983835433    0.0000018965089979    0.0000007022961287    0.0043394291864644
  0.1668244253673788    0.0000026557070970    0.0000006862234577    0.0043828234783290
  0.1684926696210526    0.0000016846392931    0.0000007045427707    0.0044266517131123
  0.1701775963172631    0.0000016413283984    0.0000006666799970    0.0044709182302434
  0.1718793722804357    0.0000012582624516    0.0000006714947878    0.0045156274125459
  0.1735981660032401    0.0000018780134960    0.0000006851336447    0.0045607836866713
  0.1753341476632725    0.0000007471655899    0.0000006649244954    0.0046063915235380
  0.1770874891399052    0.0000014875734661    0.0000006610474701    0.0046524554387734
  0.1788583640313043    0.0000010900717223    0.0000006389088597    0.0046989799931612
  0.1806469476716173    0.0000019308214921    0.0000006255247141    0.0047459697930928
  0.1824534171483335    0.0000010083008949    0.0000006686872589    0.0047934294910237
  0.1842779513198168    0.0000020519898000    0.0000006438078109    0.0048413637859339
  0.1861207308330150    0.0000010852256847    0.0000006331159458    0.0048897774237933
  0.1879819381413451    0.0000008455765346    0.0000006171385155    0.0049386751980312
  0.1898617575227586    0.0000011228062793    0.0000006520104681    0.0049880619500115
  0.1917603750979862    0.0000021749907763    0.0000006769001875    0.0050379425695116
  0.1936779788489660    0.0000008921474249    0.0000006723671456    0.0050883219952067
  0.1956147586374557    0.0000022850635179    0.0000006400169702    0.0051392052151588
  0.1975709062238303    0.0000016974697972    0.0000006316547352    0.0051905972673104
  0.1995466152860686    0.0000017687175585    0.0000006420527631    0.0052425032399835
  0.2015420814389293    0.0000011414722913    0.0000005780666453    0.0052949282723833
  0.2035575022533185    0.0000016365364564    0.0000006046327259    0.0053478775551072
  0.2055930772758517    0.0000017356445771    0.0000005952574402    0.0054013563306582
  0.2076490080486103    0.0000011529406011    0.0000006029072368    0.0054553698939648
  0.2097254981290964    0.0000016798136613    0.0000005930176197    0.0055099235929045
  0.2118227531103873    0.0000014825119122    0.0000005834616139    0.0055650228288335
  0.2139409806414912    0.0000026130593950    0.0000005610580720    0.0056206730571219
  0.2160803904479061    0.0000002346891191    0.0000006063207634    0.0056768797876931
  0.2182411943523852    0.0000009660710289    0.0000006092833546    0.0057336485855700
  0.2204236062959090    0.0000012163870465    0.0000005830554344    0.0057909850714257
  0.2226278423588681    0.0000015761517136    0.0000005726298014    0.0058488949221400
  0.2248541207824568    0.0000021013068688    0.0000005563444166    0.0059073838713614
  0.2271026619902814    0.0000020474524089    0.0000005897299414    0.0059664577100750
  0.2293736886101842    0.0000008132171294    0.0000005584371966    0.0060261222871757
  0.2316674254962861    0.0000020695952419    0.0000005482662629    0.0060863835100475
  0.2339840997512489    0.0000021265909579    0.0000005612041192    0.0061472473451480
  0.2363239407487614    0.0000004126763468    0.0000005500174777    0.0062087198185994
  0.2386871801562490    0.0000006482793905    0.0000005498925073    0.0062708070167854
  0.2410740519578115    0.0000015071372778    0.0000005545850661    0.0063335150869533
  0.2434847924773896    0.0000014621602144    0.0000005564079275    0.0063968502378228
  0.2459196404021635   -0.0000000779987066    0.0000005811600682    0.0064608187402010
  0.2483788368061852    0.0000001977619107    0.0000005846488834    0.0065254269276031
  0.2508626251742470    0.0000008983942070    0.0000005707968793    0.0065906811968791
  0.2533712514259895    0.0000010685956818    0.0000005840731241    0.0066565880088479
  0.2559049639402494    0.0000005424194558    0.0000005622912858    0.0067231538889364
  0.2584640135796519    0.0000000160109827    0.0000005847859604    0.0067903854278257
  0.2610486537154484    0.0000005173190263    0.0000005614646153    0.0068582892821040
  0.2636591402526028   -0.0000001041265998    0.0000005724329684    0.0069268721749250
  0.2662957316551289    0.0000003885312319    0.0000005620872084    0.0069961408966743
  0.2689586889716802    0.0000005250875660    0.0000005748375150    0.0070661023056410
  0.2716482758613970   -0.0000006245915222    0.0000006081774151    0.0071367633286974
