# Experiment IPTS-36897 Run 226689
# Reduction 2.9.0rc3
# Run title: Sample8_fullQ_-0.5mAcm2-226689-1.
# Run start time: 2026-03-31T05:11:56.611145667
# Reduction time: Tue Mar 31 01:17:03 2026
# Q summing: False
# TOF weighted: False
# Bck in Q: False
# Theta offset: 0.0
# Stitching type: None
# DataRun   NormRun   TwoTheta(deg)  LambdaMin(A)   LambdaMax(A) Qmin(1/A)    Qmax(1/A)    SF_A         SF_B          SF
# 226689    226559    0.739414       2.74975        9.4987       0.0085       0.0294       4.0          0            1.0         
# 226690    226560    2.39946        2.74978        9.49867      0.0276       0.0956       25.0         0            1.0         
# 226691    226561    7.00019        2.74977        9.49868      0.0807       0.2789       196.0        0            1.0         
# Q [1/Angstrom]        R                     dR                    dQ [FWHM]            
  0.0085471828233962    0.0249407322888431    0.0273110918300130    0.0001877891953634
  0.0085899187375132    0.0907795930217331    0.0090424017392709    0.0001887281413402
  0.0086328683312008    0.0917981940742345    0.0085273975563847    0.0001896717820469
  0.0086760326728568    0.1002470095393191    0.0093988372670796    0.0001906201409572
  0.0087194128362210    0.0814475177418700    0.0074764630348923    0.0001915732416620
  0.0087630099004021    0.0911361272240110    0.0084527428824567    0.0001925311078703
  0.0088068249499042    0.0943871245011876    0.0085882083366728    0.0001934937634096
  0.0088508590746537    0.0756202893251064    0.0071011887636485    0.0001944612322267
  0.0088951133700269    0.0955827239984924    0.0083721376724740    0.0001954335383878
  0.0089395889368771    0.0925742411050594    0.0081420585389275    0.0001964107060797
  0.0089842868815615    0.0834850852680580    0.0073188137794189    0.0001973927596101
  0.0090292083159693    0.0904511940594477    0.0076969653642027    0.0001983797234082
  0.0090743543575491    0.1003066476786080    0.0086384110631616    0.0001993716220252
  0.0091197261293369    0.0902136539590651    0.0077542798809363    0.0002003684801353
  0.0091653247599835    0.1004930708467607    0.0087669066556994    0.0002013703225360
  0.0092111513837835    0.0723202588566225    0.0060704908564605    0.0002023771741487
  0.0092572071407024    0.0880919192454774    0.0076000788066244    0.0002033890600195
  0.0093034931764059    0.1029384476311263    0.0086873542448872    0.0002044060053195
  0.0093500106422879    0.0835519171970559    0.0069654643947790    0.0002054280353461
  0.0093967606954993    0.0861229560238068    0.0068876738390123    0.0002064551755229
  0.0094437444989768    0.0730299935062271    0.0058716027105956    0.0002074874514005
  0.0094909632214717    0.0764757635490553    0.0062663098033439    0.0002085248886575
  0.0095384180375791    0.0675323791950659    0.0055132876323982    0.0002095675131008
  0.0095861101277670    0.0633751892260721    0.0051059280694035    0.0002106153506663
  0.0096340406784058    0.0840558238284938    0.0064718158654010    0.0002116684274196
  0.0096822108817978    0.0848370609640656    0.0061818019320778    0.0002127267695567
  0.0097306219362068    0.0765361525660122    0.0057858001460790    0.0002137904034045
  0.0097792750458879    0.0780316751681748    0.0061079893529676    0.0002148593554215
  0.0098281714211173    0.0786773682632844    0.0058460025917828    0.0002159336521986
  0.0098773122782229    0.0724154391036842    0.0054863844849350    0.0002170133204596
  0.0099266988396140    0.0813265411683339    0.0058577238337905    0.0002180983870619
  0.0099763323338121    0.0795169401580803    0.0060126557929557    0.0002191888789972
  0.0100262139954811    0.0780138231165449    0.0055388957028287    0.0002202848233922
  0.0100763450654585    0.0782379157135961    0.0054651304605695    0.0002213862475092
  0.0101267267907858    0.0829398988166055    0.0059502101533482    0.0002224931787467
  0.0101773604247398    0.0890344054280528    0.0058672248761491    0.0002236056446405
  0.0102282472268634    0.0666683527867869    0.0045915695705844    0.0002247236728637
  0.0102793884629978    0.0725938384390737    0.0048769193663860    0.0002258472912280
  0.0103307854053128    0.0768423345074366    0.0052171995840245    0.0002269765276841
  0.0103824393323393    0.0839740035358818    0.0054398782787686    0.0002281114103225
  0.0104343515290010    0.0753289541507462    0.0049689349600758    0.0002292519673741
  0.0104865232866460    0.0722775367470384    0.0046928744984546    0.0002303982272110
  0.0105389559030792    0.0769545794176906    0.0050088758536023    0.0002315502183471
  0.0105916506825946    0.0787836498415098    0.0049296480441539    0.0002327079694388
  0.0106446089360076    0.0694773436161600    0.0046036451067052    0.0002338715092860
  0.0106978319806876    0.0725090380366822    0.0044556604453973    0.0002350408668324
  0.0107513211405911    0.0689922334033223    0.0042685319481864    0.0002362160711666
  0.0108050777462940    0.0697120234354697    0.0042839448968444    0.0002373971515224
  0.0108591031350255    0.0689372994171896    0.0041479949162854    0.0002385841372800
  0.0109133986507006    0.0775557405173646    0.0045802451152706    0.0002397770579664
  0.0109679656439541    0.0771618227487188    0.0046592427729016    0.0002409759432563
  0.0110228054721739    0.0747721165152697    0.0044044239185881    0.0002421808229726
  0.0110779194995348    0.0727318748477797    0.0042714303613714    0.0002433917270874
  0.0111333090970324    0.0758202176481111    0.0043834129133189    0.0002446086857229
  0.0111889756425176    0.0695334285112153    0.0040371120363374    0.0002458317291515
  0.0112449205207302    0.0676356158967061    0.0039289523834140    0.0002470608877972
  0.0113011451233338    0.0726354900378886    0.0041787736052864    0.0002482961922362
  0.0113576508489505    0.0713598300400006    0.0039418312135514    0.0002495376731974
  0.0114144391031953    0.0640612835509366    0.0036196671537525    0.0002507853615634
  0.0114715112987112    0.0662083332663219    0.0036627494021938    0.0002520392883712
  0.0115288688552048    0.0683022929295610    0.0037323373959689    0.0002532994848131
  0.0115865131994808    0.0657236478517606    0.0035777258728346    0.0002545659822371
  0.0116444457654782    0.0665096734812728    0.0035895873528375    0.0002558388121483
  0.0117026679943056    0.0667554995355201    0.0035320581806539    0.0002571180062090
  0.0117611813342771    0.0622721286740543    0.0033331191574152    0.0002584035962401
  0.0118199872409485    0.0611969959986358    0.0033606388050707    0.0002596956142213
  0.0118790871771533    0.0686931257905412    0.0035228214885295    0.0002609940922924
  0.0119384826130390    0.0625895861489729    0.0031776312045975    0.0002622990627539
  0.0119981750261042    0.0608803014121716    0.0031035118963204    0.0002636105580676
  0.0120581659012347    0.0568695282214030    0.0029655788130364    0.0002649286108580
  0.0121184567307409    0.0628497775496807    0.0031847729054412    0.0002662532539123
  0.0121790490143946    0.0584120962080127    0.0030387474401227    0.0002675845201818
  0.0122399442594666    0.0618996491532900    0.0030536568403256    0.0002689224427827
  0.0123011439807639    0.0607741114803153    0.0029599957859378    0.0002702670549966
  0.0123626497006677    0.0657818264974369    0.0032286749237598    0.0002716183902716
  0.0124244629491711    0.0623553205031450    0.0030305521156747    0.0002729764822230
  0.0124865852639169    0.0561028821717528    0.0027085864556606    0.0002743413646341
  0.0125490181902365    0.0551066950820566    0.0026404420507049    0.0002757130714573
  0.0126117632811877    0.0607910791887043    0.0029258937346728    0.0002770916368146
  0.0126748220975936    0.0595320000250521    0.0028576995778443    0.0002784770949986
  0.0127381962080816    0.0588999520430686    0.0028223542441080    0.0002798694804736
  0.0128018871891220    0.0629663709500239    0.0029699676367946    0.0002812688278760
  0.0128658966250676    0.0609873913246132    0.0027996827870176    0.0002826751720154
  0.0129302261081930    0.0568528134309874    0.0026258614042756    0.0002840885478754
  0.0129948772387339    0.0615297936056569    0.0027971346204902    0.0002855089906148
  0.0130598516249276    0.0491978475604286    0.0023327004937589    0.0002869365355679
  0.0131251508830522    0.0592702149208863    0.0026740957833292    0.0002883712182457
  0.0131907766374675    0.0531271057422831    0.0024557849895245    0.0002898130743370
  0.0132567305206548    0.0560643273759949    0.0024916740719870    0.0002912621397086
  0.0133230141732581    0.0562336758428365    0.0024816783564584    0.0002927184504072
  0.0133896292441244    0.0591015101826418    0.0025572551094552    0.0002941820426592
  0.0134565773903450    0.0587718538861306    0.0025228569248603    0.0002956529528725
  0.0135238602772967    0.0566435181785986    0.0024709522172554    0.0002971312176369
  0.0135914795786832    0.0546846680339614    0.0023914492169608    0.0002986168737251
  0.0136594369765766    0.0532346953730502    0.0023311076455173    0.0003001099580937
  0.0137277341614595    0.0509621181451645    0.0021736360279243    0.0003016105078842
  0.0137963728322668    0.0552311920627347    0.0023256552957003    0.0003031185604236
  0.0138653546964281    0.0539780224819658    0.0022707136341644    0.0003046341532257
  0.0139346814699103    0.0528035601363223    0.0021962735672028    0.0003061573239918
  0.0140043548772598    0.0545784115692548    0.0022301308957696    0.0003076881106118
  0.0140743766516461    0.0513426173745480    0.0021123026425673    0.0003092265511648
  0.0141447485349043    0.0522406518766437    0.0020877943304992    0.0003107726839207
  0.0142154722775789    0.0505971226181532    0.0020416995121409    0.0003123265473403
  0.0142865496389668    0.0488627871542880    0.0019711295674442    0.0003138881800770
  0.0143579823871616    0.0504968352539565    0.0020371719621909    0.0003154576209774
  0.0144297722990974    0.0527508270058121    0.0020691351113413    0.0003170349090822
  0.0145019211605929    0.0523030947626758    0.0020345283941637    0.0003186200836277
  0.0145744307663958    0.0520508348712795    0.0020407783359090    0.0003202131840458
  0.0146473029202278    0.0507760537948314    0.0019654998926314    0.0003218142499660
  0.0147205394348290    0.0506378774177062    0.0019763369876005    0.0003234233212159
  0.0147941421320031    0.0492483802000655    0.0019101917376769    0.0003250404378219
  0.0148681128426631    0.0534318337521418    0.0020025711697400    0.0003266656400110
  0.0149424534068764    0.0527177587754919    0.0019977704127231    0.0003282989682111
  0.0150171656739108    0.0473071289229644    0.0018002830165724    0.0003299404630522
  0.0150922515022804    0.0487968642415056    0.0018679877235113    0.0003315901653674
  0.0151677127597918    0.0511590274195758    0.0019941486116159    0.0003332481161943
  0.0152435513235907    0.0484127277960734    0.0019152792051125    0.0003349143567752
  0.0153197690802087    0.0488535203682213    0.0018163503226809    0.0003365889285591
  0.0153963679256097    0.0455371485581561    0.0016790031896025    0.0003382718732019
  0.0154733497652378    0.0467841662228576    0.0017090186563660    0.0003399632325679
  0.0155507165140639    0.0476401363152401    0.0017453657679210    0.0003416630487307
  0.0156284700966343    0.0485701214459339    0.0017339578229231    0.0003433713639744
  0.0157066124471174    0.0457531796782300    0.0016493983767847    0.0003450882207943
  0.0157851455093530    0.0408287342720871    0.0015214402929427    0.0003468136618982
  0.0158640712368998    0.0395890463450071    0.0014841376209432    0.0003485477302077
  0.0159433915930843    0.0437482801520154    0.0016044200565348    0.0003502904688588
  0.0160231085510497    0.0418796010355578    0.0015211471124248    0.0003520419212031
  0.0161032240938049    0.0435238997977660    0.0015668757782391    0.0003538021308091
  0.0161837402142740    0.0426309858126630    0.0015138365479407    0.0003555711414631
  0.0162646589153453    0.0444577513090933    0.0015658583431833    0.0003573489971704
  0.0163459822099221    0.0450161883121516    0.0015901587486342    0.0003591357421563
  0.0164277121209717    0.0445514900203300    0.0015418528671169    0.0003609314208671
  0.0165098506815765    0.0444306732004838    0.0015489408603872    0.0003627360779714
  0.0165923999349844    0.0432701608142290    0.0015634712252425    0.0003645497583613
  0.0166753619346593    0.0424874511931543    0.0015388017348001    0.0003663725071531
  0.0167587387443326    0.0416164356390690    0.0014258330930668    0.0003682043696888
  0.0168425324380543    0.0435226217770608    0.0014510463127900    0.0003700453915373
  0.0169267451002446    0.0411719913787478    0.0013722891654482    0.0003718956184950
  0.0170113788257458    0.0397718878742311    0.0013458545508198    0.0003737550965874
  0.0170964357198745    0.0427496273326382    0.0013959928515963    0.0003756238720704
  0.0171819178984739    0.0425855935357169    0.0014023510258276    0.0003775019914307
  0.0172678274879662    0.0404223050500436    0.0013603137044817    0.0003793895013879
  0.0173541666254061    0.0401579347008315    0.0013410679915634    0.0003812864488948
  0.0174409374585331    0.0392767092777205    0.0013256887376880    0.0003831928811393
  0.0175281421458258    0.0393609143998500    0.0013319045301958    0.0003851088455450
  0.0176157828565549    0.0409432730982352    0.0013550991529097    0.0003870343897727
  0.0177038617708377    0.0407463354384484    0.0013641563783622    0.0003889695617216
  0.0177923810796918    0.0368546389414763    0.0012325530020480    0.0003909144095302
  0.0178813429850903    0.0381446109833965    0.0012682001648163    0.0003928689815778
  0.0179707497000158    0.0383070202051564    0.0012762957295057    0.0003948333264857
  0.0180606034485158    0.0384481592650446    0.0012648479017031    0.0003968074931182
  0.0181509064657584    0.0389253568261154    0.0012828882276884    0.0003987915305838
  0.0182416609980872    0.0370703417342791    0.0012105218465883    0.0004007854882367
  0.0183328693030776    0.0400210398749841    0.0012758473119655    0.0004027894156779
  0.0184245336495930    0.0394655626910027    0.0012761672569128    0.0004048033627562
  0.0185166563178410    0.0370144223550442    0.0012094966323660    0.0004068273795700
  0.0186092395994302    0.0382480608148367    0.0012571344884468    0.0004088615164679
  0.0187022857974273    0.0373265733974536    0.0012053805910899    0.0004109058240502
  0.0187957972264145    0.0368497576483365    0.0011954389282959    0.0004129603531705
  0.0188897762125465    0.0358606283117945    0.0011733021810148    0.0004150251549363
  0.0189842250936093    0.0369156559707571    0.0011933733278757    0.0004171002807110
  0.0190791462190773    0.0362592341992717    0.0011789493364069    0.0004191857821146
  0.0191745419501727    0.0352250678429720    0.0011536319601103    0.0004212817110251
  0.0192704146599236    0.0351315280430838    0.0011337364382080    0.0004233881195803
  0.0193667667332232    0.0343346989489341    0.0011229067019021    0.0004255050601782
  0.0194636005668893    0.0355267110569621    0.0011506406355847    0.0004276325854790
  0.0195609185697237    0.0334924279468092    0.0011012203055916    0.0004297707484064
  0.0196587231625724    0.0335980662718202    0.0011055108089124    0.0004319196021485
  0.0197570167783852    0.0343581326084659    0.0011082110492033    0.0004340792001592
  0.0198558018622771    0.0357122104674842    0.0011543626589527    0.0004362495961600
  0.0199550808715885    0.0323690079708077    0.0010793408520437    0.0004384308441408
  0.0200548562759465    0.0330791816758156    0.0011264797278789    0.0004406229983615
  0.0201551305573262    0.0332029911262274    0.0011527788154251    0.0004428261133533
  0.0202559062101128    0.0328765282170332    0.0011436422823286    0.0004450402439201
  0.0203571857411634    0.0329249833564985    0.0011285010893159    0.0004472654451397
  0.0204589716698692    0.0333372052660026    0.0011262310778038    0.0004495017723654
  0.0205612665282185    0.0328971176095445    0.0011162796349746    0.0004517492812272
  0.0206640728608596    0.0321783262708920    0.0010819341806924    0.0004540080276334
  0.0207673932251639    0.0335854920251211    0.0011060345435443    0.0004562780677715
  0.0208712301912897    0.0314642804661390    0.0010450966851149    0.0004585594581104
  0.0209755863422462    0.0325296855788558    0.0010904855292514    0.0004608522554009
  0.0210804642739574    0.0319560633289091    0.0010635786229888    0.0004631565166779
  0.0211858665953272    0.0301595184537142    0.0010052169532521    0.0004654722992613
  0.0212917959283038    0.0294573665801421    0.0009903740603846    0.0004677996607576
  0.0213982549079454    0.0306154897108544    0.0010080841804641    0.0004701386590614
  0.0215052461824851    0.0311298747837771    0.0010134183333250    0.0004724893523567
  0.0216127724133975    0.0300324676458983    0.0009754774896552    0.0004748517991185
  0.0217208362754645    0.0289171575464060    0.0009394955011014    0.0004772260581141
  0.0218294404568418    0.0296418913395872    0.0009580445692622    0.0004796121884047
  0.0219385876591260    0.0318121174614655    0.0009957979128288    0.0004820102493467
  0.0220482805974216    0.0293585298144211    0.0009416630233089    0.0004844203005934
  0.0221585220004087    0.0288471917484227    0.0009340203429238    0.0004868424020964
  0.0222693146104108    0.0278982132418471    0.0009012864633444    0.0004892766141069
  0.0223806611834628    0.0285538993789309    0.0009240545109620    0.0004917229971774
  0.0224925644893802    0.0284528503943128    0.0009224943944317    0.0004941816121633
  0.0226050273118271    0.0280562607182596    0.0009124278432169    0.0004966525202241
  0.0227180524483862    0.0273585738371484    0.0008899620418692    0.0004991357828252
  0.0228316427106281    0.0287719494340903    0.0009148781301436    0.0005016314617394
  0.0229458009241813    0.0269156867229841    0.0008768975828346    0.0005041396190481
  0.0230605299288022    0.0269663017200249    0.0008756247454813    0.0005066603171433
  0.0231758325784462    0.0280528877148861    0.0008966533802954    0.0005091936187290
  0.0232917117413384    0.0256000086546882    0.0008314318933336    0.0005117395868227
  0.0234081703000451    0.0265808099776522    0.0008511755311564    0.0005142982847568
  0.0235252111515453    0.0260828871514139    0.0008419317612909    0.0005168697761806
  0.0236428372073030    0.0244180394174422    0.0008070014536916    0.0005194541250615
  0.0237610513933395    0.0259288808824278    0.0008375103465652    0.0005220513956868
  0.0238798566503062    0.0252845144084700    0.0008159665241156    0.0005246616526652
  0.0239992559335578    0.0248561830546510    0.0008066366520742    0.0005272849609285
  0.0241192522132255    0.0256085522929258    0.0008204612622893    0.0005299213857332
  0.0242398484742917    0.0257491448313359    0.0008179920301174    0.0005325709926618
  0.0243610477166631    0.0254816670800494    0.0008185165076131    0.0005352338476251
  0.0244828529552464    0.0233956278143807    0.0007626273877472    0.0005379100168633
  0.0246052672200227    0.0248707708828438    0.0007958862825055    0.0005405995669476
  0.0247282935561228    0.0238039737228331    0.0007707544902811    0.0005433025647823
  0.0248519350239034    0.0241022899703843    0.0007740440052711    0.0005460190776062
  0.0249761946990229    0.0222958646858815    0.0007389956924412    0.0005487491729943
  0.0251010756725180    0.0222559386055918    0.0007365292811528    0.0005514929188592
  0.0252265810508806    0.0216551503405837    0.0007265144601644    0.0005542503834535
  0.0253527139561350    0.0227195798401221    0.0007460722058918    0.0005570216353708
  0.0254794775259157    0.0222428824076614    0.0007245623426271    0.0005598067435477
  0.0256068749135453    0.0223373387298971    0.0007342438575757    0.0005626057772654
  0.0257349092881130    0.0216628235999848    0.0007225639554718    0.0005654188061517
  0.0258635838345535    0.0213532365831413    0.0007011258012851    0.0005682459001825
  0.0259929017537263    0.0201408221880065    0.0006770867415902    0.0005710871296834
  0.0261228662624949    0.0214000533373370    0.0007034337565964    0.0005739425653318
  0.0262534805938074    0.0204610250293018    0.0006803032876236    0.0005768122781585
  0.0263847479967764    0.0199662082625654    0.0006809169870973    0.0005796963395493
  0.0265166717367603    0.0216582497118139    0.0007079102733902    0.0005825948212470
  0.0266492550954441    0.0204443325438308    0.0006826295172787    0.0005855077953532
  0.0267825013709213    0.0191701558200735    0.0006534607362747    0.0005884353343300
  0.0269164138777759    0.0187149921727079    0.0006475635506718    0.0005913775110017
  0.0270509959471648    0.0189405045345278    0.0006474441443395    0.0005943343985567
  0.0271862509269006    0.0191309579793372    0.0006534048961932    0.0005973060705494
  0.0273221821815351    0.0181897211995159    0.0006370411315316    0.0006002926009022
  0.0274587930924428    0.0177204282139978    0.0006257041107574    0.0006032940639067
  0.0275960870579050    0.0183236262095626    0.0006448256612640    0.0006063105342262
  0.0277340674931945    0.0189507536383820    0.0006519015220879    0.0006093420868974
  0.0278727378306605    0.0176378222720871    0.0046961809697110    0.0006113977065958
  0.0278727378306605    0.0177481010872294    0.0006282665181043    0.0006123887973319
  0.0280121015198138    0.0178962366890036    0.0010612940223801    0.0006144546951288
  0.0280121015198138    0.0169613952339997    0.0006142597870853    0.0006154507413185
  0.0281521620274129    0.0164295943942029    0.0005952797258269    0.0006185279950251
  0.0281521620274129    0.0176904939093940    0.0010328530418534    0.0006175269686044
  0.0282929228375499    0.0162806503145926    0.0009200577265529    0.0006206146034475
  0.0282929228375499    0.0177113870884416    0.0006357593661941    0.0006216206350002
  0.0284343874517377    0.0174363924170710    0.0006396546293563    0.0006247287381752
  0.0284343874517377    0.0182696155273833    0.0010419068005854    0.0006237176764647
  0.0285765593889964    0.0178829736261974    0.0009980243333643    0.0006268362648470
  0.0285765593889964    0.0173548849758909    0.0006412022000591    0.0006278523818661
  0.0287194421859414    0.0172423605668845    0.0009699810985048    0.0006299704461712
  0.0287194421859414    0.0173998262540520    0.0006472834318786    0.0006309916437754
  0.0288630393968711    0.0164300724660418    0.0009141658455135    0.0006331202984021
  0.0288630393968711    0.0173018067369375    0.0006337387934085    0.0006341466019943
  0.0290073545938554    0.0166605890288360    0.0006073462794790    0.0006373173350043
  0.0290073545938554    0.0173116266019302    0.0009760038275542    0.0006362858998941
  0.0291523913668247    0.0160195447337689    0.0008858213053292    0.0006394673293936
  0.0291523913668247    0.0172700936078217    0.0006235835198810    0.0006405039216793
  0.0292981533236588    0.0165218686672713    0.0009068593198546    0.0006426646660406
  0.0292981533236588    0.0159572074633049    0.0005945499003289    0.0006437064412877
  0.0294446440902771    0.0148285966532670    0.0007947802783243    0.0006458779893708
  0.0295918673107285    0.0152926998545971    0.0008047790981914    0.0006491073793176
  0.0297398266472821    0.0145729639791248    0.0007654458434930    0.0006523529162142
  0.0298885257805185    0.0149923490805126    0.0007956436499397    0.0006556146807953
  0.0300379684094211    0.0142749547229280    0.0007366371576067    0.0006588927541992
  0.0301881582514682    0.0156061353074576    0.0008017730891611    0.0006621872179702
  0.0303390990427256    0.0149187462930904    0.0007582147834196    0.0006654981540601
  0.0304907945379392    0.0152299385425237    0.0007659842932925    0.0006688256448304
  0.0306432485106289    0.0147130554627991    0.0007439814847752    0.0006721697730545
  0.0307964647531820    0.0127244567207857    0.0006336994313082    0.0006755306219198
  0.0309504470769479    0.0137512553903730    0.0006894315979370    0.0006789082750294
  0.0311051993123327    0.0124657139535441    0.0005972260628404    0.0006823028164046
  0.0312607253088943    0.0128465829779511    0.0006302145840023    0.0006857143304866
  0.0314170289354388    0.0146371794672314    0.0007100428082917    0.0006891429021390
  0.0315741140801160    0.0129980552540748    0.0006131919889063    0.0006925886166497
  0.0317319846505165    0.0127387825530560    0.0005960734208543    0.0006960515597330
  0.0318906445737691    0.0127854456040293    0.0006059787371977    0.0006995318175316
  0.0320500977966380    0.0143141325602879    0.0006713458558049    0.0007030294766193
  0.0322103482856212    0.0118504154437436    0.0005526962443257    0.0007065446240024
  0.0323714000270493    0.0122908417828444    0.0005646597056643    0.0007100773471224
  0.0325332570271845    0.0116222639790829    0.0005195673024113    0.0007136277338580
  0.0326959233123204    0.0112655839713216    0.0005137510282382    0.0007171958725273
  0.0328594029288820    0.0116169554920011    0.0005278091615794    0.0007207818518899
  0.0330236999435264    0.0109518526500743    0.0004842522421305    0.0007243857611494
  0.0331888184432441    0.0104069842571749    0.0004583771633804    0.0007280076899551
  0.0333547625354603    0.0102131258295013    0.0004507230311276    0.0007316477284049
  0.0335215363481376    0.0102900622903189    0.0004484632761242    0.0007353059670469
  0.0336891440298783    0.0103930582932674    0.0004575674002090    0.0007389824968822
  0.0338575897500276    0.0100802527725985    0.0004381055924062    0.0007426774093666
  0.0340268776987778    0.0099884029978335    0.0004319981996446    0.0007463907964134
  0.0341970120872717    0.0097364931805742    0.0004199083779155    0.0007501227503955
  0.0343679971477080    0.0094043953896796    0.0003973737570466    0.0007538733641475
  0.0345398371334466    0.0098732224329565    0.0004161141268491    0.0007576427309682
  0.0347125363191138    0.0091115780424209    0.0003819620780447    0.0007614309446230
  0.0348860990007094    0.0090560473252197    0.0003754578945528    0.0007652380993461
  0.0350605294957129    0.0089134782153916    0.0003754465117609    0.0007690642898429
  0.0352358321431915    0.0084389474513265    0.0003480155018951    0.0007729096112921
  0.0354120113039074    0.0084872473614320    0.0003460966633707    0.0007767741593486
  0.0355890713604269    0.0089598294152772    0.0003622989220037    0.0007806580301453
  0.0357670167172291    0.0077265672464534    0.0003152278879783    0.0007845613202960
  0.0359458518008152    0.0077248968231486    0.0003166568828634    0.0007884841268975
  0.0361255810598193    0.0080692663733043    0.0003234785804562    0.0007924265475320
  0.0363062089651184    0.0074487038155600    0.0002969066669956    0.0007963886802696
  0.0364877400099440    0.0067262261314947    0.0002696631294788    0.0008003706236710
  0.0366701787099937    0.0071295411595812    0.0002889104355429    0.0008043724767894
  0.0368535296035436    0.0070579101699172    0.0002801912016164    0.0008083943391733
  0.0370377972515614    0.0066660734091694    0.0002595550411846    0.0008124363108692
  0.0372229862378192    0.0063728724222971    0.0002561370790470    0.0008164984924235
  0.0374091011690083    0.0065757992456901    0.0002543417555497    0.0008205809848856
  0.0375961466748533    0.0064193755199609    0.0002535669994105    0.0008246838898101
  0.0377841274082275    0.0059648411276930    0.0002329236642378    0.0008288073092591
  0.0379730480452687    0.0058998379814703    0.0002309446141775    0.0008329513458054
  0.0381629132854950    0.0058981844451789    0.0002300260719816    0.0008371161025344
  0.0383537278519225    0.0058705570771758    0.0002330747856824    0.0008413016830471
  0.0385454964911821    0.0050826103700686    0.0001970193413563    0.0008455081914623
  0.0387382239736380    0.0053429121316950    0.0002113355597391    0.0008497357324196
  0.0389319150935062    0.0053323769776120    0.0002068026836259    0.0008539844110817
  0.0391265746689737    0.0051667492647508    0.0001977969269804    0.0008582543331372
  0.0393222075423186    0.0050159089204708    0.0001977965311674    0.0008625456048028
  0.0395188185800302    0.0047438003719660    0.0001849815059119    0.0008668583328269
  0.0397164126729303    0.0044109608803058    0.0001697619033370    0.0008711926244910
  0.0399149947362950    0.0045463832050900    0.0001731549048442    0.0008755485876134
  0.0401145697099764    0.0043098325957542    0.0001690966875993    0.0008799263305515
  0.0403151425585263    0.0042670260385060    0.0001647314154620    0.0008843259622043
  0.0405167182713189    0.0041402860621131    0.0001595056455941    0.0008887475920153
  0.0407193018626755    0.0040245741897041    0.0001569893292262    0.0008931913299754
  0.0409228983719889    0.0041110038271615    0.0001587648391292    0.0008976572866252
  0.0411275128638489    0.0038539680549808    0.0001496997142972    0.0009021455730584
  0.0413331504281681    0.0036631541663688    0.0001436385056173    0.0009066563009237
  0.0415398161803089    0.0033714266900538    0.0001372334443300    0.0009111895824283
  0.0417475152612105    0.0033241719734793    0.0001307201161178    0.0009157455303404
  0.0419562528375165    0.0032054180760703    0.0001287128659374    0.0009203242579921
  0.0421660341017041    0.0032580645916050    0.0001292720429936    0.0009249258792821
  0.0423768642722126    0.0029099872931085    0.0001187291751146    0.0009295505086785
  0.0425887485935737    0.0030011237434827    0.0001197908642882    0.0009341982612219
  0.0428016923365415    0.0028234519789050    0.0001161280955748    0.0009388692525280
  0.0430157007982242    0.0027975943246732    0.0001121342593135    0.0009435635987906
  0.0432307793022154    0.0025482081026906    0.0001056375921815    0.0009482814167846
  0.0434469331987264    0.0025776054515327    0.0001076067232689    0.0009530228238685
  0.0436641678647200    0.0025788936374433    0.0001072354506242    0.0009577879379879
  0.0438824887040437    0.0025137052415571    0.0001026458861092    0.0009625768776778
  0.0441019011475639    0.0023078985021849    0.0000966736571509    0.0009673897620662
  0.0443224106533017    0.0022110161601080    0.0000932348753358    0.0009722267108765
  0.0445440227065682    0.0019616026963867    0.0000854510011018    0.0009770878444309
  0.0447667428201010    0.0019902680343579    0.0000880621651165    0.0009819732836530
  0.0449905765342015    0.0019531147094015    0.0000861829930466    0.0009868831500713
  0.0452155294168725    0.0018814258464258    0.0000835949365372    0.0009918175658217
  0.0454416070639569    0.0019077043070962    0.0000832120908279    0.0009967766536508
  0.0456688150992767    0.0018350801738472    0.0000827860390872    0.0010017605369190
  0.0458971591747730    0.0016474399372480    0.0000759387582891    0.0010067693396036
  0.0461266449706469    0.0017166925089406    0.0000773502839645    0.0010118031863016
  0.0463572781955001    0.0014913838691548    0.0000709139847693    0.0010168622022332
  0.0465890645864776    0.0014791852590929    0.0000693356227977    0.0010219465132443
  0.0468220099094100    0.0012806916169098    0.0000632929548014    0.0010270562458105
  0.0470561199589570    0.0011981517016052    0.0000615951403790    0.0010321915270396
  0.0472914005587518    0.0011912649827566    0.0000594823811003    0.0010373524846748
  0.0475278575615456    0.0011383178256763    0.0000599069508874    0.0010425392470982
  0.0477654968493533    0.0010962697543781    0.0000583920558411    0.0010477519433337
  0.0480043243336001    0.0010816673224716    0.0000565734860330    0.0010529907030503
  0.0482443459552681    0.0010884435971053    0.0000563122166379    0.0010582556565656
  0.0484855676850444    0.0008991084347871    0.0000509168791116    0.0010635469348484
  0.0487279955234696    0.0009387245843209    0.0000514140646481    0.0010688646695226
  0.0489716355010870    0.0008612258684905    0.0000494598372992    0.0010742089928703
  0.0492164936785924    0.0008365215471999    0.0000500391060918    0.0010795800378346
  0.0494625761469853    0.0007211761938747    0.0000502356447319    0.0010849779380238
  0.0497098890277203    0.0006815461098075    0.0000444522710035    0.0010904028277139
  0.0499584384728589    0.0006549853768735    0.0000418239696923    0.0010958548418525
  0.0502082306652232    0.0006791879380595    0.0000417351669425    0.0011013341160617
  0.0504592718185493    0.0006250953219944    0.0000409742870268    0.0011068407866420
  0.0507115681776420    0.0005935176885802    0.0000386672740277    0.0011123749905752
  0.0509651260185302    0.0005667184509108    0.0000386282253905    0.0011179368655281
  0.0512199516486228    0.0004198327060828    0.0000345496732098    0.0011235265498558
  0.0514760514068660    0.0004618053924832    0.0000348622256156    0.0011291441826050
  0.0517334316639003    0.0004593797596571    0.0000355914180325    0.0011347899035181
  0.0519920988222198    0.0004674404390507    0.0000352618908292    0.0011404638530357
  0.0522520593163309    0.0004384348086392    0.0000327813752814    0.0011461661723008
  0.0525133196129125    0.0003812662569298    0.0000311531035937    0.0011518970031623
  0.0527758862109771    0.0004355992937004    0.0000320079099132    0.0011576564881782
  0.0530397656420320    0.0003924072906995    0.0000317993375135    0.0011634447706190
  0.0533049644702421    0.0003696970382162    0.0000307410186050    0.0011692619944721
  0.0535714892925933    0.0002721330937985    0.0000277928150212    0.0011751083044445
  0.0538393467390563    0.0003727014010131    0.0000303398889427    0.0011809838459667
  0.0541085434727516    0.0003072549968226    0.0000301604327576    0.0011868887651966
  0.0543790861901153    0.0002523826717227    0.0000260390589442    0.0011928232090225
  0.0546509816210659    0.0002653850505923    0.0000266571035077    0.0011987873250676
  0.0549242365291712    0.0002519071728951    0.0000247900406985    0.0012047812616930
  0.0551988577118171    0.0002555780782848    0.0000253854962242    0.0012108051680015
  0.0554748520003761    0.0002421653704712    0.0000248517621737    0.0012168591938415
  0.0557522262603780    0.0002364185685483    0.0000238400075585    0.0012229434898107
  0.0560309873916799    0.0002540807355787    0.0000250418996065    0.0012290582072597
  0.0563111423286383    0.0002216767041048    0.0000235221790340    0.0012352034982960
  0.0565926980402815    0.0002161247999354    0.0000237983433547    0.0012413795157875
  0.0568756615304829    0.0002168945572232    0.0000243168106969    0.0012475864133664
  0.0571600398381353    0.0002052954140169    0.0000236614529808    0.0012538243454333
  0.0574458400373259    0.0001423759966567    0.0000220274074724    0.0012600934671604
  0.0577330692375126    0.0001712674440808    0.0000211793854343    0.0012663939344962
  0.0580217345837001    0.0001983541899792    0.0000219851571181    0.0012727259041687
  0.0583118432566186    0.0001647332253162    0.0000212116507952    0.0012790895336896
  0.0586034024729017    0.0001772550414760    0.0000213191841565    0.0012854849813580
  0.0588964194852662    0.0001883788376603    0.0000212307913516    0.0012919124062648
  0.0591909015826925    0.0001567477125268    0.0000214551760039    0.0012983719682961
  0.0594868560906060    0.0001599153780583    0.0000206577112024    0.0013048638281376
  0.0597842903710590    0.0002095205849208    0.0000213789580493    0.0013113881472783
  0.0600832118229143    0.0002144598246507    0.0000217432631461    0.0013179450880147
  0.0603836278820289    0.0001950115868468    0.0000212043615846    0.0013245348134548
  0.0606855460214390    0.0002435320283523    0.0000222214807123    0.0013311574875220
  0.0609889737515462    0.0001998233801762    0.0000220490704094    0.0013378132749596
  0.0612939186203039    0.0001991709906933    0.0000214100417250    0.0013445023413344
  0.0616003882134054    0.0001930566653341    0.0000198221132505    0.0013512248530411
  0.0619083901544725    0.0001939769710187    0.0000208976865974    0.0013579809773063
  0.0622179321052448    0.0001990588129950    0.0000208750849449    0.0013647708821928
  0.0625290217657710    0.0002409779570645    0.0000223496054446    0.0013715947366038
  0.0628416668745999    0.0002106180846807    0.0000214491381732    0.0013784527102868
  0.0631558752089729    0.0002042960623585    0.0000203424795350    0.0013853449738383
  0.0634716545850177    0.0002445523781832    0.0000225907293517    0.0013922716987075
  0.0637890128579428    0.0002627105591989    0.0000215276307953    0.0013992330572010
  0.0641079579222325    0.0002712103660183    0.0000223260886837    0.0014062292224870
  0.0644284977118437    0.0002728301830205    0.0000225600886152    0.0014132603685994
  0.0647506402004029    0.0002258487499240    0.0000219061092096    0.0014203266704424
  0.0650743934014049    0.0002425313234920    0.0000222401772535    0.0014274283037946
  0.0653997653684119    0.0002402766262210    0.0000224464793016    0.0014345654453136
  0.0657267641952540    0.0002183870715773    0.0000226699330935    0.0014417382725402
  0.0660553980162302    0.0002655766443014    0.0000233813124229    0.0014489469639029
  0.0663856750063114    0.0002528117920366    0.0000230592234332    0.0014561916987224
  0.0667176033813429    0.0002741244670266    0.0000227459559220    0.0014634726572160
  0.0670511913982496    0.0002754908216678    0.0000223423950008    0.0014707900205021
  0.0673864473552409    0.0002497061342422    0.0000215173171576    0.0014781439706046
  0.0677233795920171    0.0002724585515541    0.0000225944289745    0.0014855346904576
  0.0680619964899772    0.0002420623023605    0.0000212485892797    0.0014929623639099
  0.0684023064724270    0.0002470141595447    0.0000217852903780    0.0015004271757295
  0.0687443180047892    0.0002603807202875    0.0000219002042675    0.0015079293116081
  0.0690880395948131    0.0002999393538765    0.0000226485504341    0.0015154689581661
  0.0694334797927871    0.0002747220332600    0.0000210873427858    0.0015230463029570
  0.0697806471917511    0.0002592554436439    0.0000208654401355    0.0015306615344718
  0.0701295504277098    0.0002963834549720    0.0000222657006699    0.0015383148421441
  0.0704801981798484    0.0002700229128742    0.0000213270558198    0.0015460064163548
  0.0708325991707476    0.0002834827311934    0.0000210774718981    0.0015537364484366
  0.0711867621666013    0.0003113148738426    0.0000211788152822    0.0015615051306788
  0.0715426959774343    0.0002976561857585    0.0000213091358543    0.0015693126563322
  0.0719004094573215    0.0002416953524680    0.0000202943766564    0.0015771592196139
  0.0722599115046081    0.0002333994916201    0.0000193785991883    0.0015850450157119
  0.0726212110621311    0.0002357282092716    0.0000194942381550    0.0015929702407905
  0.0729843171174418    0.0003134968286362    0.0000212736000776    0.0016009350919944
  0.0733492387030290    0.0002487887120764    0.0000204730622844    0.0016089397674544
  0.0737159848965441    0.0002954381982779    0.0000208379440896    0.0016169844662917
  0.0740845648210268    0.0002804991305730    0.0000209211352822    0.0016250693886231
  0.0744549876451319    0.0002892183789412    0.0000202735269834    0.0016331947355662
  0.0748272625833576    0.0002690269353500    0.0000199662455913    0.0016413607092441
  0.0752013988962744    0.0002541292810288    0.0000193292748168    0.0016495675127903
  0.0755774058907557    0.0002473170364890    0.0000184614027842    0.0016578153503543
  0.0759552929202095    0.0002658985426096    0.0000193857447887    0.0016661044271060
  0.0763350693848105    0.0002698666626051    0.0000195002310520    0.0016744349492416
  0.0767167447317346    0.0002754955171045    0.0000192666037577    0.0016828071239878
  0.0771003284553933    0.0002675894858138    0.0000190250787379    0.0016912211596077
  0.0774858300976702    0.0002592906262683    0.0000193189454169    0.0016996772654057
  0.0778732592481586    0.0002205286094194    0.0000179586484695    0.0017081756517328
  0.0782626255443993    0.0002411219017275    0.0000179126371138    0.0017167165299914
  0.0786539386721213    0.0002167144726052    0.0000173494486629    0.0017253001126414
  0.0790472083654819    0.0002530592708632    0.0000182592542295    0.0017339266132046
  0.0794424444073093    0.0002126319885367    0.0000172265869588    0.0017425962462706
  0.0798396566293459    0.0002064261292052    0.0000165075956618    0.0017513092275020
  0.0802388549124926    0.0001790071460231    0.0000159874154341    0.0017600657736395
  0.0806400491870551    0.0002075644088515    0.0000172021042097    0.0017688661025077
  0.0810432494329903    0.0002094168127257    0.0000172594809772    0.0017777104330202
  0.0814484656801553    0.0001800711019846    0.0000161651229969    0.0017865989851853
  0.0814484656801553    0.0001542927375721    0.0000250064109431    0.0017820371250347
  0.0818557080085560    0.0002115792312089    0.0000160274624019    0.0017955319801112
  0.0818557080085560    0.0001878074760274    0.0000133553675678    0.0017909473106599
  0.0822649865485988    0.0001890496649078    0.0000164081537980    0.0018045096400118
  0.0822649865485988    0.0001600216343111    0.0000117419696807    0.0017999020472132
  0.0826763114813418    0.0001571793185758    0.0000116288878468    0.0018089015574493
  0.0826763114813418    0.0001859143608178    0.0000155848676145    0.0018135321882119
  0.0830896930387485    0.0001765664594828    0.0000127001849521    0.0018179460652365
  0.0830896930387485    0.0001463441001405    0.0000151810723504    0.0018225998491529
  0.0835051415039422    0.0001637239986794    0.0000152984997578    0.0018317128483987
  0.0835051415039422    0.0001767353452424    0.0000126250310485    0.0018270357955627
  0.0839226672114619    0.0001266133225299    0.0000150656281564    0.0018408714126407
  0.0839226672114619    0.0001622106541329    0.0000111397612526    0.0018361709745405
  0.0843422805475192    0.0001534997476708    0.0000112406555315    0.0018453518294132
  0.0843422805475192    0.0001507991362364    0.0000154817654871    0.0018500757697039
  0.0847639919502568    0.0001400103075181    0.0000099593137461    0.0018545785885603
  0.0847639919502568    0.0001860120095714    0.0000159436535988    0.0018593261485524
  0.0851878119100081    0.0001486409622998    0.0000158562049342    0.0018686227792952
  0.0851878119100081    0.0001260853343436    0.0000096970723083    0.0018638514815031
  0.0856137509695581    0.0001273363787307    0.0000092446393959    0.0018731707389106
  0.0856137509695581    0.0001438606983200    0.0000153117324814    0.0018779658931916
  0.0860418197244059    0.0001297632750499    0.0000094047557601    0.0018825365926052
  0.0860418197244059    0.0001223534689671    0.0000144333663553    0.0018873557226576
  0.0864720288230279    0.0001272244659069    0.0000094868123680    0.0018919492755682
  0.0864720288230279    0.0001486531864918    0.0000143155603397    0.0018967925012709
  0.0869043889671431    0.0001139779390092    0.0000085595557691    0.0019014090219460
  0.0869043889671431    0.0001278979891221    0.0000146790283749    0.0019062764637772
  0.0873389109119788    0.0001237961759593    0.0000142606584619    0.0019158078460961
  0.0873389109119788    0.0001130582891330    0.0000084378369163    0.0019109160670558
  0.0877756054665386    0.0001075576210829    0.0000132832458851    0.0019253868853266
  0.0877756054665386    0.0001041489847380    0.0000080521812187    0.0019204706473910
  0.0882144834938713    0.0000983951581319    0.0000134371052623    0.0019350138197532
  0.0882144834938713    0.0001121673734055    0.0000082202187813    0.0019300730006280
  0.0886555559113407    0.0001031098868118    0.0000079432658919    0.0019397233656311
  0.0886555559113407    0.0000744310707672    0.0000121980418920    0.0019446888888520
  0.0890988336908974    0.0001053276429833    0.0000133008158021    0.0019544123332963
  0.0890988336908974    0.0000916894392402    0.0000074039342640    0.0019494219824593
  0.0895443278593518    0.0001121805120824    0.0000134583277327    0.0019641843949627
  0.0895443278593518    0.0001009825532459    0.0000074717244011    0.0019591690923716
  0.0899920494986486    0.0000934170931677    0.0000076004361410    0.0019689649378334
  0.0899920494986486    0.0001033732934784    0.0000132920100959    0.0019740053169376
  0.0904420097461418    0.0000846426596818    0.0000066750337585    0.0019788097625226
  0.0904420097461418    0.0000907463512162    0.0000125999181263    0.0019838753435222
  0.0908942197948725    0.0000840378273659    0.0000067297181527    0.0019887038113352
  0.0908942197948725    0.0000815096784047    0.0000124939662907    0.0019937947202399
  0.0913486908938469    0.0000924315343851    0.0000134552743908    0.0020037636938410
  0.0913486908938469    0.0000685696029953    0.0000062169152965    0.0019986473303919
  0.0918054343483161    0.0000533447942316    0.0000118329819864    0.0020137825123103
  0.0918054343483161    0.0000842384192885    0.0000067406076489    0.0020086405670439
  0.0922644615200577    0.0000860134743026    0.0000130273090507    0.0020238514248718
  0.0922644615200577    0.0000707013892549    0.0000063636535641    0.0020186837698791
  0.0927257838276579    0.0000696371380021    0.0000064040230973    0.0020287771887285
  0.0927257838276579    0.0000601419909364    0.0000125099860025    0.0020339706819962
  0.0931894127467962    0.0000528872867084    0.0000130707419835    0.0020441405354061
  0.0931894127467962    0.0000713622995955    0.0000060938806441    0.0020389210746721
  0.0936553598105302    0.0000618224651144    0.0000057366644574    0.0020491156800455
  0.0936553598105302    0.0000592023865905    0.0000130936359484    0.0020543612380832
  0.0941236366095829    0.0000874437156497    0.0000128047783229    0.0020646330442736
  0.0941236366095829    0.0000619441866048    0.0000053965366254    0.0020593612584457
  0.0945942547926308    0.0000543346021753    0.0000121874549413    0.0020749562094950
  0.0945942547926308    0.0000638035038686    0.0000057367432151    0.0020696580647379
  0.0950672260665939    0.0000598517375421    0.0000114120870718    0.0020853309905424
  0.0950672260665939    0.0000612002914421    0.0000054355838081    0.0020800063550616
  0.0955425621969268    0.0000610753356997    0.0000053739110260    0.0020904063868369
  0.0960202750079115    0.0000523088560582    0.0000050503542451    0.0021008584187711
  0.0965003763829510    0.0000412455964944    0.0000050407309747    0.0021113627108650
  0.0969828782648658    0.0000556122288395    0.0000050315647172    0.0021219195244193
  0.0974677926561901    0.0000565894075364    0.0000048545055029    0.0021325291220414
  0.0979551316194710    0.0000521356373389    0.0000050609824841    0.0021431917676516
  0.0984449072775684    0.0000490981141999    0.0000047488626249    0.0021539077264899
  0.0989371318139562    0.0000537689302758    0.0000047840991565    0.0021646772651223
  0.0994318174730260    0.0000538191961354    0.0000046494840348    0.0021755006514479
  0.0999289765603911    0.0000447800731844    0.0000044100533492    0.0021863781547052
  0.1004286214431930    0.0000488753965573    0.0000045370009353    0.0021973100454787
  0.1009307645504090    0.0000411878966039    0.0000043468201644    0.0022082965957061
  0.1014354183731610    0.0000467865907880    0.0000041988805640    0.0022193380786846
  0.1019425954650268    0.0000493440984013    0.0000043597924042    0.0022304347690780
  0.1024523084423520    0.0000461429432473    0.0000042656981727    0.0022415869429234
  0.1029645699845637    0.0000436152976426    0.0000041789257266    0.0022527948776380
  0.1034793928344865    0.0000425937171208    0.0000041639007274    0.0022640588520262
  0.1039967897986589    0.0000461717513787    0.0000041941206388    0.0022753791462864
  0.1045167737476522    0.0000493489551214    0.0000041074365614    0.0022867560420178
  0.1050393576163905    0.0000442568662247    0.0000039939823822    0.0022981898222279
  0.1055645544044724    0.0000449378469493    0.0000039416346540    0.0023096807713390
  0.1060923771764948    0.0000479550338591    0.0000039368782134    0.0023212291751957
  0.1066228390623772    0.0000430000491422    0.0000037444371730    0.0023328353210717
  0.1071559532576891    0.0000490644577097    0.0000039953855456    0.0023444994976770
  0.1076917330239775    0.0000395180005126    0.0000036934148462    0.0023562219951654
  0.1082301916890974    0.0000406937628645    0.0000036978911038    0.0023680031051413
  0.1087713426475429    0.0000435929691649    0.0000035720063983    0.0023798431206670
  0.1093151993607806    0.0000381188427514    0.0000034858355245    0.0023917423362703
  0.1098617753575845    0.0000417540793280    0.0000034982365061    0.0024037010479516
  0.1104110842343724    0.0000496157018102    0.0000036478572185    0.0024157195531914
  0.1109631396555442    0.0000386738584416    0.0000033528031188    0.0024277981509574
  0.1115179553538219    0.0000420845955929    0.0000033771652954    0.0024399371417122
  0.1120755451305910    0.0000417923788638    0.0000034774681096    0.0024521368274207
  0.1126359228562440    0.0000410319422368    0.0000031374462299    0.0024643975115578
  0.1131991024705252    0.0000428765526754    0.0000033322881537    0.0024767194991156
  0.1137650979828778    0.0000404628690023    0.0000033780250066    0.0024891030966112
  0.1143339234727922    0.0000401326774268    0.0000031644775582    0.0025015486120942
  0.1149055930901561    0.0000396695732583    0.0000032001599252    0.0025140563551547
  0.1154801210556069    0.0000375082069796    0.0000030793982307    0.0025266266369305
  0.1160575216608849    0.0000366535210065    0.0000031378413286    0.0025392597701151
  0.1166378092691893    0.0000354322095435    0.0000029843820515    0.0025519560689657
  0.1172209983155353    0.0000379616515927    0.0000030533520066    0.0025647158493105
  0.1178071033071129    0.0000355801343504    0.0000029528903550    0.0025775394285571
  0.1183961388236485    0.0000369297274548    0.0000029068309449    0.0025904271256999
  0.1189881195177667    0.0000345814316185    0.0000029668526912    0.0026033792613284
  0.1195830601153555    0.0000304301386441    0.0000027359386984    0.0026163961576350
  0.1201809754159323    0.0000307258400427    0.0000028218708545    0.0026294781384232
  0.1207818802930119    0.0000300673381617    0.0000027383986160    0.0026426255291153
  0.1213857896944770    0.0000274256769789    0.0000027447537340    0.0026558386567609
  0.1219927186429494    0.0000309033836538    0.0000027085508888    0.0026691178500447
  0.1226026822361641    0.0000261752346134    0.0000025395541137    0.0026824634392949
  0.1232156956473449    0.0000251624320203    0.0000024667549685    0.0026958757564914
  0.1238317741255816    0.0000294977683662    0.0000025554002744    0.0027093551352738
  0.1244509329962095    0.0000219549714082    0.0000023880213934    0.0027229019109502
  0.1250731876611905    0.0000221505536036    0.0000024247324214    0.0027365164205050
  0.1256985535994965    0.0000230370414085    0.0000022786937298    0.0027501990026075
  0.1263270463674940    0.0000197972320561    0.0000022821276625    0.0027639499976205
  0.1269586815993314    0.0000210037050640    0.0000023356721820    0.0027777697476086
  0.1275934750073280    0.0000199666219368    0.0000022461669479    0.0027916585963467
  0.1282314423823647    0.0000171063019833    0.0000021842765791    0.0028056168893284
  0.1288725995942765    0.0000181146471392    0.0000022632658455    0.0028196449737750
  0.1295169625922478    0.0000153532526666    0.0000021545580640    0.0028337431986439
  0.1301645474052091    0.0000164540685387    0.0000020841148493    0.0028479119146371
  0.1308153701422351    0.0000138809573027    0.0000020800573986    0.0028621514742103
  0.1314694469929463    0.0000115910188234    0.0000019747333526    0.0028764622315814
  0.1321267942279110    0.0000150549034949    0.0000019598925914    0.0028908445427393
  0.1327874281990505    0.0000094259432164    0.0000019492021046    0.0029052987654530
  0.1334513653400458    0.0000108064262275    0.0000019026540634    0.0029198252592802
  0.1341186221667460    0.0000125069404016    0.0000018429208176    0.0029344243855766
  0.1347892152775797    0.0000114114953544    0.0000018848976379    0.0029490965075045
  0.1354631613539676    0.0000082736709336    0.0000017148112275    0.0029638419900420
  0.1361404771607374    0.0000046725758330    0.0000017511938398    0.0029786611999923
  0.1368211795465411    0.0000083231029623    0.0000017238675155    0.0029935545059922
  0.1375052854442738    0.0000048916090643    0.0000017243701890    0.0030085222785222
  0.1381928118714951    0.0000054916336247    0.0000016677419068    0.0030235648899148
  0.1388837759308526    0.0000055166254648    0.0000016817304959    0.0030386827143644
  0.1395781948105068    0.0000048768728920    0.0000015747620507    0.0030538761279362
  0.1402760857845594    0.0000032500218876    0.0000016066926034    0.0030691455085759
  0.1409774662134821    0.0000090945901839    0.0000016706133182    0.0030844912361187
  0.1416823535445495    0.0000028710296121    0.0000015862586865    0.0030999136922993
  0.1423907653122723    0.0000018591216954    0.0000015453529379    0.0031154132607608
  0.1431027191388336    0.0000015112823608    0.0000015572295119    0.0031309903270646
  0.1438182327345278   -0.0000014737774360    0.0000016852588772    0.0031466452787000
  0.1445373238982004    0.0000023600189834    0.0000015989980836    0.0031623785050935
  0.1452600105176914    0.0000042270957769    0.0000015293253456    0.0031781903976189
  0.1459863105702798    0.0000031308791887    0.0000014905488173    0.0031940813496070
  0.1467162421231312    0.0000050269777595    0.0000015336926011    0.0032100517563551
  0.1474498233337468    0.0000020938615847    0.0000014700314336    0.0032261020151368
  0.1481870724504156    0.0000024891936171    0.0000014268451928    0.0032422325252125
  0.1489280078126676    0.0000043406362830    0.0000014022118505    0.0032584436878386
  0.1496726478517310    0.0000011870645167    0.0000014235929557    0.0032747359062778
  0.1504210110909896    0.0000018861030267    0.0000014402535796    0.0032911095858092
  0.1511731161464445   -0.0000003949599866    0.0000014026088161    0.0033075651337382
  0.1519289817271767    0.0000004810095092    0.0000013823034461    0.0033241029594069
  0.1526886266358126    0.0000016834324386    0.0000013464239986    0.0033407234742039
  0.1534520697689916   -0.0000010500509026    0.0000013802023152    0.0033574270915749
  0.1542193301178366    0.0000034121552237    0.0000013602109700    0.0033742142270328
  0.1549904267684257    0.0000026906992680    0.0000013917490613    0.0033910852981680
  0.1557653789022678    0.0000025395341787    0.0000013526178499    0.0034080407246588
  0.1565442057967792    0.0000017558017081    0.0000013685257791    0.0034250809282821
  0.1573269268257630    0.0000033478458711    0.0000014146858837    0.0034422063329235
  0.1581135614598919    0.0000018530351143    0.0000013731085594    0.0034594173645881
  0.1589041292671913   -0.0000000272527313    0.0000012824485134    0.0034767144514111
  0.1596986499135272   -0.0000001581138707    0.0000013138894795    0.0034940980236681
  0.1604971431630948    0.0000046788339671    0.0000012836346698    0.0035115685137865
  0.1612996288789103    0.0000019802722825    0.0000012917711246    0.0035291263563554
  0.1621061270233048    0.0000022092972950    0.0000012698556262    0.0035467719881372
  0.1629166576584213    0.0000019818296362    0.0000012948013943    0.0035645058480779
  0.1637312409467134   -0.0000000214020801    0.0000012501108377    0.0035823283773183
  0.1645498971514470    0.0000003973227451    0.0000012842656570    0.0036002400192049
  0.1653726466372042   -0.0000001781699031    0.0000012815356476    0.0036182412193009
  0.1661995098703902    0.0000018715753218    0.0000012811118263    0.0036363324253974
  0.1670305074197421    0.0000007664620659    0.0000012426494395    0.0036545140875244
  0.1678656599568408    0.0000011047115411    0.0000012557452881    0.0036727866579620
  0.1687049882566250    0.0000011705870934    0.0000012467325165    0.0036911505912518
  0.1695485131979081    0.0000007089915039    0.0000012358062735    0.0037096063442081
  0.1703962557638976    0.0000002617262461    0.0000012136769111    0.0037281543759291
  0.1712482370427171    0.0000003078802515    0.0000012582951245    0.0037467951478087
  0.1721044782279307   -0.0000003100928028    0.0000012218149493    0.0037655291235478
  0.1729650006190703    0.0000023719263409    0.0000012338625122    0.0037843567691655
  0.1738298256221656   -0.0000002915625627    0.0000012257553185    0.0038032785530114
  0.1746989747502765    0.0000017829547846    0.0000012445864407    0.0038222949457764
  0.1755724696240278   -0.0000010897526291    0.0000012214192760    0.0038414064205053
  0.1764503319721480    0.0000032900708454    0.0000012164646821    0.0038606134526078
  0.1773325836320087    0.0000007705604492    0.0000012696721762    0.0038799165198709
  0.1782192465501687   -0.0000003930491998    0.0000012213971901    0.0038993161024702
  0.1791103427829195    0.0000003665251703    0.0000012276100639    0.0039188126829826
  0.1800058944968341    0.0000004655236589    0.0000012431393531    0.0039384067463975
  0.1809059239693183    0.0000017995124094    0.0000012425497074    0.0039580987801295
  0.1818104535891648    0.0000017681583593    0.0000012281371110    0.0039778892740301
  0.1827195058571106    0.0000010384211842    0.0000012464925956    0.0039977787204003
  0.1836331033863962    0.0000019296694660    0.0000011930516894    0.0040177676140023
  0.1845512689033281    0.0000026645520232    0.0000012076128074    0.0040378564520723
  0.1854740252478447    0.0000028811029560    0.0000012382726537    0.0040580457343326
  0.1864013953740840   -0.0000001330660136    0.0000012177417424    0.0040783359630043
  0.1873334023509544    0.0000035621852302    0.0000012740913414    0.0040987276428193
  0.1882700693627091    0.0000011556600520    0.0000012286553864    0.0041192212810334
  0.1892114197095226    0.0000003245324051    0.0000012671473832    0.0041398173874386
  0.1901574768080702    0.0000036386526462    0.0000013370056543    0.0041605164743758
  0.1911082641921105    0.0000031168780112    0.0000013735011950    0.0041813190567476
  0.1920638055130711    0.0000009266503511    0.0000013563657296    0.0042022256520314
  0.1930241245406364    0.0000010474907166    0.0000013170160202    0.0042232367802915
  0.1939892451633396    0.0000006007051533    0.0000012949168009    0.0042443529641930
  0.1949591913891562   -0.0000002337277439    0.0000013044518727    0.0042655747290140
  0.1959339873461020    0.0000001167980004    0.0000012641422689    0.0042869026026590
  0.1969136572828325    0.0000019911523132    0.0000012631969552    0.0043083371156723
  0.1978982255692466    0.0000042923461779    0.0000012690183431    0.0043298788012507
  0.1988877166970929    0.0000024243335635    0.0000012596976582    0.0043515281952569
  0.1998821552805783    0.0000021800998585    0.0000012455363247    0.0043732858362332
  0.2008815660569812    0.0000031566496957    0.0000012404466214    0.0043951522654144
  0.2018859738872660    0.0000001732837370    0.0000012259064053    0.0044171280267415
  0.2028954037567023    0.0000034533537830    0.0000012179238045    0.0044392136668752
  0.2039098807754859    0.0000040719931943    0.0000012180473014    0.0044614097352095
  0.2049294301793633    0.0000013919069123    0.0000011822661769    0.0044837167838856
  0.2059540773302601    0.0000050523789549    0.0000012187001997    0.0045061353678050
  0.2069838477169113    0.0000038732157202    0.0000012194806438    0.0045286660446440
  0.2080187669554959    0.0000006257753792    0.0000012083089243    0.0045513093748673
  0.2090588607902733    0.0000013620589701    0.0000011659804482    0.0045740659217416
  0.2101041550942246    0.0000024690955110    0.0000011789036040    0.0045969362513503
  0.2111546758696958    0.0000036546288240    0.0000011770328307    0.0046199209326071
  0.2122104492490442    0.0000020024195274    0.0000011744518552    0.0046430205372701
  0.2132715014952894    0.0000023524428663    0.0000011807760305    0.0046662356399564
  0.2143378590027659    0.0000017752768632    0.0000011649353760    0.0046895668181562
  0.2154095482977796    0.0000027402511392    0.0000011491946999    0.0047130146522470
  0.2164865960392685    0.0000038170434339    0.0000011695137343    0.0047365797255082
  0.2175690290194648    0.0000002507882219    0.0000011639398694    0.0047602626241358
  0.2186568741645621   -0.0000001589094209    0.0000011597342254    0.0047840639372565
  0.2197501585353849    0.0000015151145733    0.0000011379699262    0.0048079842569427
  0.2208489093280618    0.0000025950717884    0.0000011527645101    0.0048320241782275
  0.2219531538747021    0.0000022226564567    0.0000011207466891    0.0048561842991186
  0.2230629196440756    0.0000011280392187    0.0000011292351521    0.0048804652206142
  0.2241782342422960    0.0000013169528647    0.0000011513067644    0.0049048675467173
  0.2252991254135074    0.0000023049566512    0.0000011163188924    0.0049293918844508
  0.2264256210405749    0.0000016430846415    0.0000011473195006    0.0049540388438731
  0.2275577491457778    0.0000023489608459    0.0000011023013560    0.0049788090380925
  0.2286955378915067    0.0000025797801959    0.0000011324315235    0.0050037030832829
  0.2298390155809641    0.0000033331426546    0.0000011411362911    0.0050287215986993
  0.2309882106588690    0.0000007299187992    0.0000011237659390    0.0050538652066928
  0.2321431517121633    0.0000006614409058    0.0000011049819616    0.0050791345327263
  0.2333038674707241    0.0000018095816188    0.0000011092206949    0.0051045302053899
  0.2344703868080777    0.0000011549133868    0.0000011120697172    0.0051300528564169
  0.2356427387421181    0.0000020146301165    0.0000011135958299    0.0051557031206990
  0.2368209524358286    0.0000026768104965    0.0000011008702545    0.0051814816363025
  0.2380050571980077    0.0000013018435308    0.0000010903005492    0.0052073890444840
  0.2391950824839977    0.0000036874741273    0.0000011002264041    0.0052334259897064
  0.2403910578964177    0.0000022428318517    0.0000011071497022    0.0052595931196549
  0.2415930131858998    0.0000033312485229    0.0000011252753169    0.0052858910852532
  0.2428009782518292    0.0000029199253076    0.0000010840631954    0.0053123205406795
  0.2440149831430883   -0.0000004493910860    0.0000010635486768    0.0053388821433828
  0.2452350580588037    0.0000027913471825    0.0000011007762105    0.0053655765540998
  0.2464612333490978    0.0000011365755396    0.0000010916849421    0.0053924044368703
  0.2476935395158432    0.0000010614629908    0.0000010847868259    0.0054193664590546
  0.2489320072134224    0.0000002467250986    0.0000010975838223    0.0054464632913499
  0.2501766672494895    0.0000017973400266    0.0000010856806449    0.0054736956078066
  0.2514275505857369    0.0000012894417407    0.0000010980895994    0.0055010640858457
  0.2526846883386655   -0.0000005568589708    0.0000010966522624    0.0055285694062749
  0.2539481117803589    0.0000012334373307    0.0000011015344575    0.0055562122533063
  0.2552178523392606    0.0000012530248994    0.0000010847206446    0.0055839933145728
  0.2564939416009570    0.0000006125573095    0.0000011041820232    0.0056119132811457
  0.2577764113089617   -0.0000008668335504    0.0000010657718440    0.0056399728475514
  0.2590652933655064   -0.0000001071829676    0.0000010590238090    0.0056681727117891
  0.2603606198323339    0.0000013827452720    0.0000010556638487    0.0056965135753481
  0.2616624229314956    0.0000002409899018    0.0000010778214180    0.0057249961432248
  0.2629707350461531    0.0000009779450447    0.0000010914738295    0.0057536211239410
  0.2642855887213838    0.0000014710904387    0.0000010984470660    0.0057823892295607
  0.2656070166649907    0.0000006770624901    0.0000011058794736    0.0058113011757085
  0.2669350517483157    0.0000015665477446    0.0000010968940626    0.0058403576815870
  0.2682697270070572    0.0000023445909312    0.0000011131941549    0.0058695594699949
  0.2696110756420924    0.0000001581312729    0.0000011356353223    0.0058989072673449
  0.2709591310203028   -0.0000004545610202    0.0000011582848860    0.0059284018036816
  0.2723139266754043   -0.0000004095024959    0.0000011566336608    0.0059580438127000
  0.2736754963087813   -0.0000033190593966    0.0000011179271843    0.0059878340317635
  0.2750438737903252   -0.0000011683211862    0.0000011285375336    0.0060177732019224
  0.2764190931592768    0.0000021658329657    0.0000011117430799    0.0060478620679320
  0.2778011886250731    0.0000008962010802    0.0000011343028189    0.0060781013782716
