# Experiment IPTS-35338 Run 224002
# Reduction 2.3.0
# Run title: Sample9_CuOx_NaHCO3-224002-1.
# Run start time: 2025-10-29T03:16:33.303389667
# Reduction time: Tue Oct 28 23:21:34 2025
# Q summing: False
# TOF weighted: False
# Bck in Q: False
# Theta offset: 0
# DataRun   NormRun   TwoTheta(deg)  LambdaMin(A)   LambdaMax(A) Qmin(1/A)    Qmax(1/A)    SF_A         SF_B
# 224002    223814    0.74072        2.42454        9.57053      0.0084       0.0335       4.0          0           
# 224003    223815    2.39886        2.55214        9.57053      0.0274       0.1030       16.0         0           
# 224004    223816    6.99986        2.74975        9.49871      0.0807       0.2789       144.0        0           
# Q [1/Angstrom]        R                     dR                    dQ [FWHM]            
  0.0085998376056414    1.0045182152253345    0.0226912995650083    0.0002243849339938
  0.0086858359816978    1.0644955095644260    0.0228568384210373    0.0002266287833337
  0.0087726943415147    1.0893335390476584    0.0221151894000590    0.0002288950711671
  0.0088604212849299    1.0440724510551227    0.0204533281678957    0.0002311840218787
  0.0089490254977792    1.0758476202204119    0.0206352683677007    0.0002334958620975
  0.0090385157527570    0.9860426508592076    0.0187921178327405    0.0002358308207185
  0.0091289009102846    1.0382353234092929    0.0190852314791601    0.0002381891289257
  0.0092201899193874    0.9424387658776884    0.0168108532807029    0.0002405710202149
  0.0093123918185813    1.0188754002575156    0.0179942106627737    0.0002429767304171
  0.0094055157367671    1.0193514381116646    0.0173878316222651    0.0002454064977213
  0.0094995708941348    0.9679981408385303    0.0161822386300139    0.0002478605626985
  0.0095945666030761    1.0020403655051562    0.0162961580273602    0.0002503391683255
  0.0096905122691069    1.0455519830180393    0.0164762246321485    0.0002528425600087
  0.0097874173917979    0.9866789737687104    0.0152973088089371    0.0002553709856088
  0.0098852915657159    1.0114215309919523    0.0152278790958778    0.0002579246954649
  0.0099841444813731    1.0241490215365576    0.0150260584507877    0.0002605039424195
  0.0100839859261868    0.9865014347632762    0.0142858669569461    0.0002631089818437
  0.0101848257854487    0.9654814321969589    0.0136532211028354    0.0002657400716622
  0.0102866740433032    0.9807345826418837    0.0135556591180186    0.0002683974723788
  0.0103895407837362    0.9590262219080264    0.0128416418054693    0.0002710814471026
  0.0104934361915736    1.0149977153572771    0.0133101634296961    0.0002737922615736
  0.0105983705534893    1.0149221280808527    0.0129962966817284    0.0002765301841893
  0.0107043542590242    1.0040343740758517    0.0126679338906061    0.0002792954860312
  0.0108113978016144    1.0257206461560444    0.0125118874558804    0.0002820884408915
  0.0109195117796306    0.9651150936556978    0.0117832112558721    0.0002849093253005
  0.0110287068974269    0.9978018882073424    0.0116766476001173    0.0002877584185535
  0.0111389939664011    1.0040315725907063    0.0116480873944607    0.0002906360027390
  0.0112503839060652    1.0394810569714887    0.0117818366269121    0.0002935423627664
  0.0113628877451258    1.0235023933618597    0.0113545183857631    0.0002964777863941
  0.0114765166225771    0.9765919764544407    0.0105692476950641    0.0002994425642580
  0.0115912817888028    0.9881499665913955    0.0106389776070584    0.0003024369899006
  0.0117071946066909    0.9838529348534634    0.0103017444696706    0.0003054613597996
  0.0118242665527578    0.9729456985675103    0.0099199193439810    0.0003085159733976
  0.0119425092182854    1.0293394518140795    0.0102289536527432    0.0003116011331316
  0.0120619343104682    0.9835934920675835    0.0096300147634596    0.0003147171444629
  0.0121825536535729    0.9838731067696826    0.0095148470692573    0.0003178643159075
  0.0123043791901086    1.0092876545611342    0.0094924209917104    0.0003210429590666
  0.0124274229820097    1.0292201192777686    0.0094407025899214    0.0003242533886572
  0.0125516972118298    1.0080973281416543    0.0090954605009308    0.0003274959225438
  0.0126772141839481    0.9909077583662740    0.0088225074225737    0.0003307708817692
  0.0128039863257876    0.9893831571472107    0.0086253564459089    0.0003340785905869
  0.0129320261890455    1.0289072310593044    0.0087857092983644    0.0003374193764928
  0.0130613464509359    0.9917627676884025    0.0084327778677348    0.0003407935702577
  0.0131919599154453    0.9895670549233276    0.0081711599674961    0.0003442015059603
  0.0133238795145997    0.9965875272495461    0.0080760450556803    0.0003476435210199
  0.0134571183097457    0.9806357176943333    0.0078701303018928    0.0003511199562301
  0.0135916894928432    0.9954746090615305    0.0078191289427354    0.0003546311557924
  0.0137276063877716    0.9958541280581591    0.0077192325744929    0.0003581774673503
  0.0138648824516493    0.9665957829933859    0.0073863574149215    0.0003617592420238
  0.0140035312761658    0.9777023589211373    0.0074183015172249    0.0003653768344441
  0.0141435665889275    0.9357261321961107    0.0070099189870265    0.0003690306027885
  0.0142850022548168    0.8804613130310797    0.0067350955226708    0.0003727209088164
  0.0144278522773649    0.8146847621373611    0.0063652005562215    0.0003764481179046
  0.0145721308001386    0.7200131205084863    0.0058906116015345    0.0003802125990836
  0.0147178521081400    0.6464932499894686    0.0055308306722076    0.0003840147250745
  0.0148650306292214    0.5300358312583584    0.0048633141334996    0.0003878548723252
  0.0150136809355136    0.4646271167752966    0.0045310695596460    0.0003917334210485
  0.0151638177448687    0.4298887956327044    0.0044052510433523    0.0003956507552589
  0.0153154559223174    0.3894622738574717    0.0041491185950173    0.0003996072628115
  0.0154686104815406    0.3528593149334118    0.0037223799538538    0.0004036033354396
  0.0156232965863560    0.3381403657352913    0.0035777745118331    0.0004076393687940
  0.0157795295522195    0.3307986973848751    0.0035102772854133    0.0004117157624820
  0.0159373248477417    0.3104457061932113    0.0033588469589721    0.0004158329201068
  0.0160966980962192    0.3118826969716162    0.0033544590017011    0.0004199912493079
  0.0162576650771813    0.2895842389592730    0.0031942747649189    0.0004241911618009
  0.0164202417279532    0.2771682306191980    0.0031103258380642    0.0004284330734190
  0.0165844441452327    0.2632127680345011    0.0030541857225526    0.0004327174041531
  0.0167502885866850    0.2585752971629331    0.0029540887167063    0.0004370445781947
  0.0169177914725519    0.2461635129886626    0.0028019729747900    0.0004414150239766
  0.0170869693872774    0.2243486298842224    0.0025887012773564    0.0004458291742164
  0.0172578390811502    0.2048610237424982    0.0024305877731756    0.0004502874659586
  0.0174304174719617    0.1998498551813257    0.0024340566622840    0.0004547903406181
  0.0176047216466813    0.1870299705668725    0.0023532021770063    0.0004593382440243
  0.0177807688631481    0.1771638926615341    0.0022688294901532    0.0004639316264646
  0.0179585765517796    0.1687110162124755    0.0021870724733746    0.0004685709427292
  0.0181381623172974    0.1490207450286708    0.0020262647629878    0.0004732566521565
  0.0183195439404703    0.1366718355891068    0.0019086566551552    0.0004779892186781
  0.0185027393798750    0.1259250263773366    0.0018239821546142    0.0004827691108648
  0.0186877667736738    0.1200062057829772    0.0017772348758799    0.0004875968019735
  0.0188746444414105    0.1051848020659364    0.0016486605056352    0.0004924727699932
  0.0190633908858246    0.0938763437828787    0.0015428418764270    0.0004973974976932
  0.0192540247946829    0.0856946558446916    0.0014752688610469    0.0005023714726701
  0.0194465650426297    0.0775485158463965    0.0013857483970021    0.0005073951873968
  0.0196410306930560    0.0727433171460684    0.0013329807080367    0.0005124691392708
  0.0198374409999866    0.0614851142508174    0.0012192877133807    0.0005175938306635
  0.0200358154099864    0.0574243307839882    0.0012093323037034    0.0005227697689701
  0.0202361735640863    0.0512409863913424    0.0011935307391151    0.0005279974666598
  0.0204385352997272    0.0470917314423894    0.0010997527518074    0.0005332774413264
  0.0206429206527244    0.0431501050568371    0.0010430793730515    0.0005386102157397
  0.0208493498592517    0.0395138947046681    0.0009894370660035    0.0005439963178971
  0.0210578433578442    0.0359475137339851    0.0009260114229970    0.0005494362810760
  0.0212684217914226    0.0349470200102414    0.0008990597818763    0.0005549306438868
  0.0214811060093369    0.0333711140794704    0.0008686955119013    0.0005604799503257
  0.0216959170694302    0.0304020216010855    0.0008084473211690    0.0005660847498289
  0.0219128762401245    0.0298924438457019    0.0007977686426834    0.0005717455973272
  0.0221320050025258    0.0299798462574739    0.0007969636348096    0.0005774630533005
  0.0223533250525510    0.0300114184480254    0.0007896582683771    0.0005832376838335
  0.0225768583030765    0.0291347572992278    0.0007735647385610    0.0005890700606718
  0.0228026268861073    0.0303380866664061    0.0007869722668763    0.0005949607612785
  0.0230306531549684    0.0296752656958034    0.0007720188536771    0.0006009103688913
  0.0232609596865181    0.0302181793354308    0.0007732117063625    0.0006069194725802
  0.0234935692833833    0.0307409618038352    0.0007721667664939    0.0006129886673060
  0.0237285049762171    0.0334030546853377    0.0007943575810179    0.0006191185539791
  0.0239657900259793    0.0315653000151686    0.0007688288035248    0.0006253097395189
  0.0242054479262390    0.0332110204604858    0.0007833467053873    0.0006315628369141
  0.0244475024055014    0.0337379907072275    0.0007850343804411    0.0006378784652832
  0.0246919774295565    0.0320291335090197    0.0007604817906250    0.0006442572499361
  0.0249388972038520    0.0346952955925323    0.0007863304115945    0.0006506998224354
  0.0251882861758905    0.0329570970470124    0.0007614342288233    0.0006572068206598
  0.0254401690376494    0.0310886276323462    0.0007322406148073    0.0006637788888664
  0.0256945707280259    0.0306399444038969    0.0007253207312551    0.0006704166777550
  0.0259515164353062    0.0291754785354745    0.0007057850581554    0.0006771208445326
  0.0262110315996593    0.0302752557696738    0.0007160779611258    0.0006838920529779
  0.0264731419156559    0.0295534431114056    0.0007054396438828    0.0006907309735077
  0.0267378733348124    0.0274864487164843    0.0006798456992553    0.0006976382832428
  0.0270052520681605    0.0270071390392458    0.0006687886930830    0.0007046146660752
  0.0272753045888421    0.0238253712534205    0.0006230490318786    0.0007116608127359
  0.0275480576347306    0.0229399733871276    0.0006101534236893    0.0007187774208633
  0.0278235382110779    0.0216701493975921    0.0005949541448421    0.0007259651950719
  0.0281017735931887    0.0207965365464757    0.0005822830985888    0.0007332248470227
  0.0281017735931887    0.0206603425523795    0.0005533410590584    0.0007383198352980
  0.0283827913291205    0.0196163549777582    0.0005694496811777    0.0007405570954929
  0.0283827913291205    0.0208084195669711    0.0005586353130265    0.0007457030336510
  0.0286666192424117    0.0185376720593942    0.0005681900185767    0.0007479626664478
  0.0286666192424117    0.0180218683678475    0.0005086488968826    0.0007531600639875
  0.0289532854348359    0.0158082259173716    0.0004586448754324    0.0007606916646274
  0.0289532854348359    0.0176906625980951    0.0005456906522510    0.0007554422931123
  0.0292428182891842    0.0163357977035088    0.0005177520107088    0.0007629967160434
  0.0292428182891842    0.0158415666256590    0.0004444516654050    0.0007682985812736
  0.0295352464720761    0.0151269490077468    0.0004304895058622    0.0007759815670864
  0.0295352464720761    0.0143767957915003    0.0004853539256452    0.0007706266832038
  0.0298305989367968    0.0133066189380071    0.0004750285239960    0.0007783329500359
  0.0298305989367968    0.0131898758215496    0.0003871954743406    0.0007837413827572
  0.0301289049261648    0.0127734307827915    0.0004675966067418    0.0007861162795362
  0.0301289049261648    0.0131618844180349    0.0003829088054272    0.0007915787965848
  0.0304301939754264    0.0121953037821518    0.0004464425147684    0.0007939774423316
  0.0304301939754264    0.0124389771574596    0.0003639527875219    0.0007994945845507
  0.0307344959151807    0.0118744042534380    0.0004428153807796    0.0008019172167549
  0.0307344959151807    0.0109581727439688    0.0003356121552990    0.0008074895303962
  0.0310418408743325    0.0113862842640356    0.0004334952583866    0.0008099363889225
  0.0310418408743325    0.0098159982423079    0.0003136121526925    0.0008155644257001
  0.0313522592830758    0.0101177158013076    0.0003045660605367    0.0008237200699571
  0.0313522592830758    0.0101827125533728    0.0004111922338364    0.0008180357528117
  0.0316657818759066    0.0099565010349577    0.0004166605183236    0.0008262161103398
  0.0316657818759066    0.0089785980774629    0.0002820546851614    0.0008319572706567
  0.0319824396946657    0.0088754244866408    0.0002711390804952    0.0008402768433633
  0.0319824396946657    0.0104877504105820    0.0004424371268706    0.0008344782714432
  0.0323022640916123    0.0099401831763437    0.0004525628937823    0.0008428230541576
  0.0323022640916123    0.0086289086450052    0.0002690295189777    0.0008486796117969
  0.0326252867325284    0.0087843578250205    0.0004442288781204    0.0008512512846992
  0.0326252867325284    0.0086901974241748    0.0002568699568480    0.0008571664079149
  0.0329515395998537    0.0086889114967731    0.0002542292062029    0.0008657380719940
  0.0332810549958523    0.0086509884011218    0.0002523539196494    0.0008743954527140
  0.0336138655458108    0.0091998489557229    0.0002493293203828    0.0008831394072411
  0.0339500042012689    0.0087897283372793    0.0002389832277889    0.0008919708013135
  0.0342895042432816    0.0088140335780029    0.0002353723261342    0.0009008905093266
  0.0346323992857144    0.0092917596491038    0.0002457520704017    0.0009098994144199
  0.0349787232785715    0.0089244339603973    0.0002284884379973    0.0009189984085641
  0.0353285105113573    0.0090200981010983    0.0002237245897297    0.0009281883926498
  0.0356817956164708    0.0089118361617705    0.0002192382697263    0.0009374702765763
  0.0360386135726355    0.0082107658936934    0.0002057791330029    0.0009468449793420
  0.0363989997083619    0.0086390442950542    0.0002091524789989    0.0009563134291354
  0.0367629897054455    0.0083606804936116    0.0001991735194907    0.0009658765634268
  0.0371306196025000    0.0081434541782493    0.0001936557727133    0.0009755353290611
  0.0375019257985250    0.0079815949394166    0.0001862483229790    0.0009852906823517
  0.0378769450565102    0.0075706716408104    0.0001810730121606    0.0009951435891752
  0.0382557145070753    0.0071993980223816    0.0001715294184993    0.0010050950250669
  0.0386382716521461    0.0069640521462236    0.0001648310323928    0.0010151459753176
  0.0390246543686675    0.0069291009784986    0.0001621535040699    0.0010252974350708
  0.0394149009123542    0.0061734280518413    0.0001509763248634    0.0010355504094215
  0.0398090499214778    0.0064180207216268    0.0001497802221909    0.0010459059135157
  0.0402071404206925    0.0059008202682837    0.0001425017044307    0.0010563649726509
  0.0406092118248995    0.0053098881776252    0.0001310513897457    0.0010669286223774
  0.0410153039431485    0.0054714788420082    0.0001312230937594    0.0010775979086011
  0.0414254569825799    0.0049393312939134    0.0001224021494914    0.0010883738876872
  0.0418397115524057    0.0045194210971537    0.0001151953695193    0.0010992576265640
  0.0422581086679298    0.0043093012201415    0.0001108624734383    0.0011102502028297
  0.0426806897546091    0.0043400741367860    0.0001091213191237    0.0011213527048580
  0.0431074966521552    0.0044483747770568    0.0001098968742122    0.0011325662319065
  0.0435385716186767    0.0041731940613496    0.0001044838572239    0.0011438918942256
  0.0439739573348635    0.0040249313247865    0.0001003650616762    0.0011553308131679
  0.0444136969082121    0.0037663660109255    0.0000948905735084    0.0011668841212995
  0.0448578338772943    0.0039232133400280    0.0000945897781247    0.0011785529625125
  0.0453064122160672    0.0035751888389660    0.0000889164173805    0.0011903384921377
  0.0457594763382279    0.0037745357026217    0.0000909766854049    0.0012022418770590
  0.0462170711016102    0.0037567285779961    0.0000892632613653    0.0012142642958296
  0.0466792418126263    0.0036753526623386    0.0000863914095228    0.0012264069387879
  0.0471460342307525    0.0036323799282284    0.0000833415878335    0.0012386710081758
  0.0476174945730601    0.0036030755371550    0.0000832724706062    0.0012510577182576
  0.0480936695187907    0.0036097106591558    0.0000814784987958    0.0012635682954401
  0.0485746062139786    0.0033990475844296    0.0000791842391442    0.0012762039783945
  0.0490603522761183    0.0034325470431372    0.0000795219940635    0.0012889660181785
  0.0495509557988795    0.0033085596481522    0.0000788114992099    0.0013018556783603
  0.0500464653568683    0.0031768910744156    0.0000724374329676    0.0013148742351439
  0.0505469300104370    0.0030607047301121    0.0000702054245962    0.0013280229774953
  0.0510523993105414    0.0027566780097127    0.0000654044155046    0.0013413032072703
  0.0515629233036468    0.0028464346636474    0.0000653933759492    0.0013547162393430
  0.0520785525366833    0.0026372040657518    0.0000621383067411    0.0013682634017364
  0.0525993380620501    0.0024558119330475    0.0000593615629562    0.0013819460357538
  0.0531253314426706    0.0024589268994293    0.0000594635424706    0.0013957654961113
  0.0536565847570973    0.0022972033281255    0.0000576535113043    0.0014097231510724
  0.0541931506046683    0.0022420208910636    0.0000585842810175    0.0014238203825831
  0.0547350821107150    0.0022239323915499    0.0000551864409119    0.0014380585864090
  0.0552824329318221    0.0020813588980920    0.0000514030330030    0.0014524391722731
  0.0558352572611403    0.0021238193775039    0.0000516711323410    0.0014669635639958
  0.0563936098337517    0.0020239686735609    0.0000507304978186    0.0014816331996357
  0.0569575459320893    0.0019534198573004    0.0000498408980416    0.0014964495316321
  0.0575271213914101    0.0018529223640478    0.0000479825023808    0.0015114140269484
  0.0581023926053242    0.0018647718038776    0.0000475090401797    0.0015265281672179
  0.0586834165313775    0.0018172392084400    0.0000468144160076    0.0015417934488901
  0.0592702506966913    0.0017843124988810    0.0000459759590866    0.0015572113833790
  0.0598629532036582    0.0018503209830518    0.0000459257414133    0.0015727834972128
  0.0604615827356948    0.0017702424575220    0.0000446107587859    0.0015885113321849
  0.0610661985630517    0.0017240440328180    0.0000442318999753    0.0016043964455068
  0.0616768605486822    0.0016356103268200    0.0000428056153554    0.0016204404099618
  0.0622936291541691    0.0016184102425704    0.0000420260862462    0.0016366448140614
  0.0629165654457108    0.0014889974507587    0.0000402579278672    0.0016530112622021
  0.0635457311001679    0.0014874571002630    0.0000396355651779    0.0016695413748241
  0.0641811884111695    0.0014358657667925    0.0000391101696246    0.0016862367885723
  0.0648230002952812    0.0013489155543572    0.0000386062246359    0.0017030991564580
  0.0654712302982340    0.0012690615156245    0.0000389291012211    0.0017201301480226
  0.0661259426012164    0.0012096004179502    0.0000372951756606    0.0017373314495029
  0.0667872020272285    0.0012590025583158    0.0000377151626377    0.0017547047639979
  0.0674550740475008    0.0011019415334163    0.0000349050695122    0.0017722518116379
  0.0681296247879758    0.0011106990604725    0.0000342109013685    0.0017899743297542
  0.0688109210358556    0.0011048400557709    0.0000343202087093    0.0018078740730518
  0.0694990302462141    0.0010620470279300    0.0000331397876383    0.0018259528137823
  0.0701940205486763    0.0009873534928700    0.0000314668274257    0.0018442123419201
  0.0708959607541631    0.0009118094180578    0.0000296699004729    0.0018626544653393
  0.0716049203617047    0.0009175185841163    0.0000296948005266    0.0018812810099927
  0.0723209695653217    0.0009254587474707    0.0000295126331967    0.0019000938200926
  0.0730441792609750    0.0009100232050904    0.0000293585329930    0.0019190947582936
  0.0737746210535847    0.0008637968944113    0.0000284851976531    0.0019382857058765
  0.0745123672641206    0.0008355249241718    0.0000277794218315    0.0019576685629353
  0.0752574909367618    0.0007674458459011    0.0000263680567225    0.0019772452485646
  0.0760100658461294    0.0007831914153262    0.0000262832300349    0.0019970177010503
  0.0767701665045907    0.0007714134643125    0.0000256189270258    0.0020169878780608
  0.0775378681696366    0.0006841657960837    0.0000245028352737    0.0020371577568414
  0.0783132468513330    0.0007009088371335    0.0000242320800957    0.0020575293344098
  0.0790963793198463    0.0006497747168443    0.0000237173178952    0.0020781046277539
  0.0798873431130447    0.0006540878979783    0.0000233468546089    0.0020988856740314
  0.0806862165441752    0.0006059546425087    0.0000222823523832    0.0021198745307717
  0.0814930787096169    0.0006016011900010    0.0000224338889324    0.0021410732760795
  0.0823080094967131    0.0005667429634310    0.0000161776854155    0.0021629286798124
  0.0823080094967131    0.0005352984468602    0.0000210462881431    0.0021624840088403
  0.0831310895916802    0.0005392826178900    0.0000150504717346    0.0021845579666105
  0.0831310895916802    0.0005452199348129    0.0000214521355395    0.0021841088489287
  0.0839624004875970    0.0005242323862601    0.0000144546460800    0.0022064035462766
  0.0839624004875970    0.0005824198387676    0.0000219249471473    0.0022059499374179
  0.0848020244924730    0.0005114329289459    0.0000206854596392    0.0022280094367921
  0.0848020244924730    0.0004548275965015    0.0000132984567289    0.0022284675817394
  0.0856500447373977    0.0004566245972346    0.0000196503326842    0.0022502895311600
  0.0856500447373977    0.0004913011329918    0.0000133710257923    0.0022507522575568
  0.0865065451847717    0.0004389543302889    0.0000121469287793    0.0022732597801324
  0.0865065451847717    0.0004382355900996    0.0000192521728374    0.0022727924264716
  0.0873716106366194    0.0004151476271394    0.0000118258250375    0.0022959923779337
  0.0873716106366194    0.0004355152640590    0.0000187208017753    0.0022955203507364
  0.0882453267429856    0.0004257112441325    0.0000191572232047    0.0023184755542437
  0.0882453267429856    0.0004072826018695    0.0000112915617415    0.0023189523017130
  0.0891277800104155    0.0003813886682911    0.0000106374118767    0.0023421418247302
  0.0891277800104155    0.0003843328163472    0.0000177184225827    0.0023416603097862
  0.0900190578105197    0.0003606049500919    0.0000105858716170    0.0023655632429775
  0.0900190578105197    0.0003853196325026    0.0000179573293881    0.0023650769128840
  0.0909192483886248    0.0003479526203080    0.0000168953385841    0.0023887276820129
  0.0909192483886248    0.0003703589852902    0.0000104992954644    0.0023892188754072
  0.0918284408725111    0.0003421075905386    0.0000168715861681    0.0024126149588330
  0.0918284408725111    0.0003355766116692    0.0000096097918910    0.0024131110641613
  0.0927467252812362    0.0003402802939645    0.0000171024236218    0.0024367411084213
  0.0927467252812362    0.0003255005758491    0.0000094306269000    0.0024372421748029
  0.0936741925340486    0.0003112317550270    0.0000090145148719    0.0024616145965510
  0.0936741925340486    0.0003525130364372    0.0000182247764695    0.0024611085195055
  0.0946109344593891    0.0002987297610432    0.0000086292409325    0.0024862307425165
  0.0946109344593891    0.0003002517871197    0.0000161828847555    0.0024857196047006
  0.0955570438039829    0.0002994454566135    0.0000085035459149    0.0025110930499416
  0.0955570438039829    0.0002811818737977    0.0000156125723610    0.0025105768007476
  0.0965126142420228    0.0002733730725845    0.0000154421678990    0.0025356825687551
  0.0965126142420228    0.0002792909777350    0.0000080511063326    0.0025362039804410
  0.0974777403844430    0.0002586747892571    0.0000074339459298    0.0025615660202455
  0.0974777403844430    0.0002728905161444    0.0000161084703383    0.0025610393944426
  0.0984525177882875    0.0002827748502727    0.0000157724660466    0.0025866497883871
  0.0984525177882875    0.0002374405798556    0.0000070868545825    0.0025871816804479
  0.0994370429661703    0.0002324469218783    0.0000068422271990    0.0026130534972524
  0.0994370429661703    0.0002331930493326    0.0000148743589797    0.0026125162862709
  0.1004314133958320    0.0002195584027138    0.0000144268032635    0.0026386414491336
  0.1004314133958320    0.0002161154818821    0.0000064482725980    0.0026391840322249
  0.1014357275297903    0.0002081654386545    0.0000062760405066    0.0026655758725472
  0.1024500848050882    0.0001836024067468    0.0000058586887018    0.0026922316312726
  0.1034745856531391    0.0001880448776996    0.0000057556686559    0.0027191539475854
  0.1045093315096705    0.0001674411592288    0.0000052986476576    0.0027463454870612
  0.1055544248247672    0.0001691670771100    0.0000052772432967    0.0027738089419318
  0.1066099690730149    0.0001476109187982    0.0000048296131365    0.0028015470313511
  0.1076760687637451    0.0001398237892168    0.0000046423636077    0.0028295625016647
  0.1087528294513825    0.0001384416625259    0.0000044911942427    0.0028578581266813
  0.1098403577458963    0.0001336224818115    0.0000044046457060    0.0028864367079481
  0.1109387613233553    0.0001287808976454    0.0000043016971469    0.0029153010750276
  0.1120481489365888    0.0001134298976631    0.0000038602567446    0.0029444540857779
  0.1131686304259547    0.0001027215333318    0.0000037164876173    0.0029738986266357
  0.1143003167302143    0.0000998726966759    0.0000035776742061    0.0030036376129020
  0.1154433198975164    0.0000919045477725    0.0000034228473501    0.0030336739890310
  0.1165977530964916    0.0000902239136831    0.0000032933905227    0.0030640107289213
  0.1177637306274565    0.0000825811569323    0.0000030411090002    0.0030946508362106
  0.1189413679337311    0.0000771441278070    0.0000029613466934    0.0031255973445727
  0.1201307816130684    0.0000675427490771    0.0000028025490548    0.0031568533180184
  0.1213320894291991    0.0000685552643227    0.0000027659477504    0.0031884218511986
  0.1225454103234911    0.0000572903168240    0.0000025373987996    0.0032203060697106
  0.1237708644267260    0.0000564726224186    0.0000024617629084    0.0032525091304077
  0.1250085730709932    0.0000498720775708    0.0000023387463700    0.0032850342217117
  0.1262586588017032    0.0000480899119914    0.0000022350021578    0.0033178845639289
  0.1275212453897202    0.0000428966557257    0.0000020906571849    0.0033510634095681
  0.1287964578436174    0.0000436607909738    0.0000020142086236    0.0033845740436638
  0.1300844224220536    0.0000359465494199    0.0000019206828034    0.0034184197841005
  0.1313852666462741    0.0000348312603001    0.0000018468642937    0.0034526039819415
  0.1326991193127369    0.0000310348944315    0.0000018110288119    0.0034871300217609
  0.1340261105058642    0.0000281206029853    0.0000016769241681    0.0035220013219785
  0.1353663716109229    0.0000233804225576    0.0000016333768949    0.0035572213351983
  0.1367200353270321    0.0000205659076150    0.0000015108756637    0.0035927935485503
  0.1380872356803025    0.0000203841772597    0.0000014940750070    0.0036287214840358
  0.1394681080371055    0.0000169587034399    0.0000014376222897    0.0036650086988761
  0.1408627891174765    0.0000156510093445    0.0000013797987391    0.0037016587858649
  0.1422714170086513    0.0000153081742024    0.0000013453606514    0.0037386753737235
  0.1436941311787378    0.0000124554786390    0.0000013551516257    0.0037760621274608
  0.1451310724905251    0.0000117197030281    0.0000012666788338    0.0038138227487354
  0.1465823832154304    0.0000065179447118    0.0000011712327540    0.0038519609762227
  0.1480482070475847    0.0000076579379496    0.0000011137243764    0.0038904805859850
  0.1495286891180606    0.0000057614650185    0.0000011037376819    0.0039293853918448
  0.1510239760092412    0.0000060816794850    0.0000010077171192    0.0039686792457633
  0.1525342157693336    0.0000058137076598    0.0000010357216434    0.0040083660382209
  0.1540595579270269    0.0000035609920717    0.0000010096205795    0.0040484496986031
  0.1556001535062972    0.0000039010040291    0.0000010037777591    0.0040889341955891
  0.1571561550413602    0.0000025711649065    0.0000010215816487    0.0041298235375450
  0.1587277165917738    0.0000031727187113    0.0000009174334548    0.0041711217729205
  0.1603149937576915    0.0000011157802493    0.0000009448658562    0.0042128329906497
  0.1619181436952684    0.0000011803315651    0.0000008619718447    0.0042549613205562
  0.1635373251322211    0.0000015414828656    0.0000008518586043    0.0042975109337617
  0.1651726983835433    0.0000003581919603    0.0000008964450662    0.0043404860430993
  0.1668244253673788    0.0000001950025227    0.0000009269290934    0.0043838909035303
  0.1684926696210526    0.0000002104175225    0.0000008639694080    0.0044277298125656
  0.1701775963172631    0.0000004316267516    0.0000008530483727    0.0044720071106913
  0.1718793722804357    0.0000008743965088    0.0000008159601032    0.0045167271817982
  0.1735981660032401    0.0000005841179381    0.0000007990750921    0.0045618944536162
  0.1753341476632725    0.0000006953451138    0.0000008393886539    0.0046075133981524
  0.1770874891399052    0.0000018981843728    0.0000008480983559    0.0046535885321339
  0.1788583640313043    0.0000005561627798    0.0000008051646811    0.0047001244174552
  0.1806469476716173    0.0000012369817238    0.0000008003939724    0.0047471256616298
  0.1824534171483335   -0.0000001410399598    0.0000008035668626    0.0047945969182461
  0.1842779513198168    0.0000008405681397    0.0000007968630732    0.0048425428874285
  0.1861207308330150   -0.0000001299915198    0.0000008138416852    0.0048909683163028
  0.1879819381413451    0.0000018058259225    0.0000008063372688    0.0049398779994658
  0.1898617575227586    0.0000000675841287    0.0000008493078412    0.0049892767794605
  0.1917603750979862    0.0000025780894189    0.0000009121898975    0.0050391695472551
  0.1936779788489660    0.0000020949871524    0.0000008405699215    0.0050895612427277
  0.1956147586374557    0.0000019412463886    0.0000008683800990    0.0051404568551549
  0.1975709062238303    0.0000030441667795    0.0000008339649322    0.0051918614237065
  0.1995466152860686    0.0000014995304129    0.0000008057484952    0.0052437800379435
  0.2015420814389293    0.0000020831057042    0.0000008117898068    0.0052962178383230
  0.2035575022533185    0.0000027440112497    0.0000008256030229    0.0053491800167062
  0.2055930772758517    0.0000029005347682    0.0000007968430833    0.0054026718168733
  0.2076490080486103    0.0000012246386121    0.0000008040860232    0.0054566985350420
  0.2097254981290964    0.0000015156573516    0.0000007802376926    0.0055112655203924
  0.2118227531103873    0.0000019461745482    0.0000008186597213    0.0055663781755964
  0.2139409806414912    0.0000016216933168    0.0000007768920199    0.0056220419573523
  0.2160803904479061    0.0000024619887948    0.0000007704762721    0.0056782623769258
  0.2182411943523852    0.0000022880222792    0.0000007673585931    0.0057350450006951
  0.2204236062959090    0.0000023000967385    0.0000007442961412    0.0057923954507020
  0.2226278423588681    0.0000005482645357    0.0000007809799992    0.0058503194052091
  0.2248541207824568    0.0000020961073609    0.0000007571657654    0.0059088225992612
  0.2271026619902814    0.0000012691844438    0.0000007685890220    0.0059679108252538
  0.2293736886101842    0.0000022846841852    0.0000007505248031    0.0060275899335063
  0.2316674254962861    0.0000023081666672    0.0000007481038458    0.0060878658328414
  0.2339840997512489    0.0000027977139716    0.0000007443579752    0.0061487444911698
  0.2363239407487614    0.0000020458266511    0.0000007386475646    0.0062102319360815
  0.2386871801562490    0.0000015901676201    0.0000007488716148    0.0062723342554423
  0.2410740519578115    0.0000009021670077    0.0000007174309520    0.0063350575979967
  0.2434847924773896    0.0000022512942024    0.0000007332446420    0.0063984081739767
  0.2459196404021635    0.0000019042465152    0.0000007449228694    0.0064623922557165
  0.2483788368061852    0.0000010642421256    0.0000007401501238    0.0065270161782736
  0.2508626251742470    0.0000007472552851    0.0000007302176203    0.0065922863400564
  0.2533712514259895    0.0000012806121451    0.0000007191365423    0.0066582092034569
  0.2559049639402494    0.0000016564496013    0.0000007252849672    0.0067247912954915
  0.2584640135796519    0.0000015325378929    0.0000007169448169    0.0067920392084464
  0.2610486537154484    0.0000013529787436    0.0000007224121017    0.0068599596005309
  0.2636591402526028    0.0000011209222147    0.0000007059685332    0.0069285591965362
  0.2662957316551289    0.0000006241650347    0.0000007253107356    0.0069978447885015
  0.2689586889716802   -0.0000007359874102    0.0000007346455782    0.0070678232363866
  0.2716482758613970    0.0000007065481434    0.0000007752210384    0.0071385014687504
