# Experiment IPTS-35338 Run 224024
# Reduction 2.3.0
# Run title: Sample9_CuOx_NaHCO3_OCV_end-224024-1.
# Run start time: 2025-10-29T10:40:45.670831667
# Reduction time: Wed Oct 29 06:45:46 2025
# Q summing: False
# TOF weighted: False
# Bck in Q: False
# Theta offset: 0
# Meta:{"wl_min": 2.4245353875782376, "wl_max": 9.570534424650939, "q_min": 0.00848533583101955, "q_max": 0.03349474670139297, "theta": 0.006462467679307059, "start_time": "2025-10-29T10:40:45.670831667", "experiment": "IPTS-35338", "run_number": "224024", "run_title": "Sample9_CuOx_NaHCO3_OCV_end-224024-1.", "norm_run": 223814, "time": "Wed Oct 29 06:45:46 2025", "dq0": 0, "dq_over_q": 0.025982464631604703, "sequence_number": 1, "sequence_id": 224024, "q_summing": false, "scaling_factors": {"a": 4.0, "err_a": 0, "b": 0, "err_b": 0}, "tof_weighted": false, "bck_in_q": false, "theta_offset": 0}
# DataRun   NormRun   TwoTheta(deg)  LambdaMin(A)   LambdaMax(A) Qmin(1/A)    Qmax(1/A)    SF_A         SF_B
# 224024    223814    0.740544       2.42454        9.57053      0.0084       0.0334       4.0          0           
# Q [1/Angstrom]        R                     dR                    dQ [FWHM]            
  0.0085998376056414    1.0759946117660566    0.0231498998345098    0.0002234449764261
  0.0086858359816978    1.0771951033847502    0.0231872842031777    0.0002256794261904
  0.0087726943415147    1.0705474339949794    0.0219547664970121    0.0002279362204523
  0.0088604212849299    1.0319760483060487    0.0202784072155126    0.0002302155826568
  0.0089490254977792    1.0555323349897765    0.0204479310631108    0.0002325177384834
  0.0090385157527570    1.0492669558347716    0.0192564079100695    0.0002348429158682
  0.0091289009102846    1.0590734702280837    0.0193198925151179    0.0002371913450269
  0.0092201899193874    0.9244324312540293    0.0166450146535918    0.0002395632584772
  0.0093123918185813    1.0691859837068687    0.0183328161577067    0.0002419588910619
  0.0094055157367671    1.0209899324822345    0.0174316715673198    0.0002443784799726
  0.0094995708941348    1.0269603799665843    0.0167466739766788    0.0002468222647723
  0.0095945666030761    1.0022369628267180    0.0162783691546433    0.0002492904874200
  0.0096905122691069    1.0560692584757654    0.0165145201884630    0.0002517833922942
  0.0097874173917979    0.9775550379797355    0.0152902036399109    0.0002543012262171
  0.0098852915657159    1.0206815281460142    0.0151699608578954    0.0002568442384793
  0.0099841444813731    1.0261415180776339    0.0150727523922117    0.0002594126808641
  0.0100839859261868    1.0029045457009800    0.0144580258441444    0.0002620068076727
  0.0101848257854487    0.9500672313925882    0.0134941295375739    0.0002646268757495
  0.0102866740433032    0.9876632281690718    0.0135662689128464    0.0002672731445070
  0.0103895407837362    0.9664518181133097    0.0128989754263056    0.0002699458759520
  0.0104934361915736    1.0315863755466477    0.0133845633334045    0.0002726453347116
  0.0105983705534893    1.0134841692460583    0.0130337877684386    0.0002753717880587
  0.0107043542590242    0.9922751975244147    0.0125794936324489    0.0002781255059393
  0.0108113978016144    1.0038332615870069    0.0123187753173673    0.0002809067609987
  0.0109195117796306    0.9899891750484180    0.0119506258458248    0.0002837158286086
  0.0110287068974269    0.9893042678014848    0.0116316957884838    0.0002865529868947
  0.0111389939664011    1.0134693656485170    0.0117207092918953    0.0002894185167637
  0.0112503839060652    1.0153494099756633    0.0116080405290886    0.0002923127019313
  0.0113628877451258    1.0371506470821554    0.0114201128116022    0.0002952358289506
  0.0114765166225771    0.9730216113718096    0.0105437508654221    0.0002981881872401
  0.0115912817888028    1.0016068636455053    0.0106805256863990    0.0003011700691125
  0.0117071946066909    1.0041138027332102    0.0104289457013784    0.0003041817698037
  0.0118242665527578    0.9883849771471034    0.0099749145257802    0.0003072235875017
  0.0119425092182854    1.0308340004886081    0.0102330760435237    0.0003102958233767
  0.0120619343104682    0.9998477435820076    0.0097211733023610    0.0003133987816105
  0.0121825536535729    0.9888937618051677    0.0095203589166486    0.0003165327694266
  0.0123043791901086    1.0327577694257200    0.0096219679773003    0.0003196980971209
  0.0124274229820097    1.0374212352186729    0.0094622882047432    0.0003228950780921
  0.0125516972118298    1.0007515893954682    0.0090416670859553    0.0003261240288730
  0.0126772141839481    0.9937491602466503    0.0088340880557493    0.0003293852691617
  0.0128039863257876    0.9999191311901886    0.0086899928410071    0.0003326791218533
  0.0129320261890455    1.0126437442386271    0.0086951100360606    0.0003360059130719
  0.0130613464509359    1.0113302920300256    0.0084985840259197    0.0003393659722026
  0.0131919599154453    0.9901998430541219    0.0081694298414171    0.0003427596319246
  0.0133238795145997    0.9970487892024307    0.0080822993823783    0.0003461872282438
  0.0134571183097457    1.0090514124689298    0.0079804113605870    0.0003496491005263
  0.0135916894928432    1.0084320852219006    0.0078728557384814    0.0003531455915316
  0.0137276063877716    1.0145215906044909    0.0077818271357311    0.0003566770474469
  0.0138648824516493    0.9920669022709770    0.0074642914454130    0.0003602438179213
  0.0140035312761658    1.0086230092388968    0.0075338048496893    0.0003638462561005
  0.0141435665889275    0.9462956586573762    0.0070523302012517    0.0003674847186616
  0.0142850022548168    0.9126264282264129    0.0068483165368774    0.0003711595658482
  0.0144278522773649    0.8491731514188353    0.0064873611126618    0.0003748711615067
  0.0145721308001386    0.7653374206444388    0.0060850048504478    0.0003786198731217
  0.0147178521081400    0.6994072575891498    0.0057493101067209    0.0003824060718529
  0.0148650306292214    0.5873018052501270    0.0051154731372664    0.0003862301325715
  0.0150136809355136    0.5264607150669873    0.0048230750883194    0.0003900924338972
  0.0151638177448687    0.4808098534552417    0.0046660911959713    0.0003939933582362
  0.0153154559223174    0.4236293017451412    0.0043107906399568    0.0003979332918185
  0.0154686104815406    0.3876101702316601    0.0039002860554260    0.0004019126247367
  0.0156232965863560    0.3507181245196383    0.0036415697248562    0.0004059317509841
  0.0157795295522195    0.3314207377126725    0.0035053833425383    0.0004099910684939
  0.0159373248477417    0.3174339312932671    0.0034056768697859    0.0004140909791788
  0.0160966980962192    0.2982569151980916    0.0032775341267334    0.0004182318889706
  0.0162576650771813    0.2810015906241022    0.0031441432576954    0.0004224142078603
  0.0164202417279532    0.2605524857609532    0.0030133383282034    0.0004266383499389
  0.0165844441452327    0.2396818592975929    0.0029190350134618    0.0004309047334383
  0.0167502885866850    0.2338197711681856    0.0028083078177087    0.0004352137807727
  0.0169177914725519    0.2211616571383157    0.0026501173595741    0.0004395659185804
  0.0170869693872774    0.1978677275724101    0.0024284263698759    0.0004439615777662
  0.0172578390811502    0.1879031487224955    0.0023319633681952    0.0004484011935439
  0.0174304174719617    0.1733242941900043    0.0022622245697809    0.0004528852054793
  0.0176047216466813    0.1662350089419398    0.0022186585980851    0.0004574140575341
  0.0177807688631481    0.1528257956953170    0.0021056807382094    0.0004619881981095
  0.0179585765517796    0.1412261164097952    0.0020009813942238    0.0004666080800906
  0.0181381623172974    0.1295299293587518    0.0018884485769376    0.0004712741608915
  0.0183195439404703    0.1193562074015348    0.0017848949079638    0.0004759869025004
  0.0185027393798750    0.1141263754278660    0.0017327130647101    0.0004807467715254
  0.0186877667736738    0.1069639992103063    0.0016792327589242    0.0004855542392407
  0.0188746444414105    0.1024774107487870    0.0016262915485614    0.0004904097816331
  0.0190633908858246    0.0927152277896026    0.0015319599105293    0.0004953138794494
  0.0192540247946829    0.0884908949261359    0.0014983056542742    0.0005002670182439
  0.0194465650426297    0.0804591688689145    0.0014122246239156    0.0005052696884263
  0.0196410306930560    0.0758075472780469    0.0013608683016622    0.0005103223853106
  0.0198374409999866    0.0674718564644764    0.0012766668076559    0.0005154256091637
  0.0200358154099864    0.0667012834038433    0.0013044275926476    0.0005205798652553
  0.0202361735640863    0.0627042552705881    0.0013200788388759    0.0005257856639079
  0.0204385352997272    0.0545145400542848    0.0011833902053893    0.0005310435205470
  0.0206429206527244    0.0536428249136145    0.0011620708814711    0.0005363539557524
  0.0208493498592517    0.0517274768345745    0.0011318595521574    0.0005417174953100
  0.0210578433578442    0.0476425608480873    0.0010651737564455    0.0005471346702631
  0.0212684217914226    0.0444359334525535    0.0010142467754061    0.0005526060169657
  0.0214811060093369    0.0423825212008736    0.0009776399830520    0.0005581320771353
  0.0216959170694302    0.0416235729174397    0.0009456045350291    0.0005637133979067
  0.0219128762401245    0.0375310521936412    0.0008928368108276    0.0005693505318858
  0.0221320050025258    0.0373789121604157    0.0008900506452970    0.0005750440372046
  0.0223533250525510    0.0364211679510947    0.0008709319940550    0.0005807944775767
  0.0225768583030765    0.0340030478209348    0.0008351981089835    0.0005866024223524
  0.0228026268861073    0.0344577944709243    0.0008382299361939    0.0005924684465760
  0.0230306531549684    0.0333595160125830    0.0008195504695706    0.0005983931310417
  0.0232609596865181    0.0331569530268836    0.0008070527429268    0.0006043770623521
  0.0234935692833833    0.0323054799249552    0.0007922130398168    0.0006104208329757
  0.0237285049762171    0.0317342659845993    0.0007743667770320    0.0006165250413054
  0.0239657900259793    0.0310926328487313    0.0007628701062000    0.0006226902917185
  0.0242054479262390    0.0313286554195261    0.0007607247165476    0.0006289171946357
  0.0244475024055014    0.0297771147435677    0.0007379575106968    0.0006352063665820
  0.0246919774295565    0.0302625452758712    0.0007382847950282    0.0006415584302478
  0.0249388972038520    0.0293751050458712    0.0007232149363265    0.0006479740145503
  0.0251882861758905    0.0289184305820328    0.0007133052039813    0.0006544537546958
  0.0254401690376494    0.0282817740261048    0.0006975643387962    0.0006609982922428
  0.0256945707280259    0.0268249020442744    0.0006781092999559    0.0006676082751652
  0.0259515164353062    0.0273131009947973    0.0006835941302127    0.0006742843579169
  0.0262110315996593    0.0258617203560916    0.0006614234080670    0.0006810272014960
  0.0264731419156559    0.0253670891638997    0.0006535900944715    0.0006878374735110
  0.0267378733348124    0.0247702732825202    0.0006456490694169    0.0006947158482461
  0.0270052520681605    0.0227464462975040    0.0006129515981931    0.0007016630067286
  0.0272753045888421    0.0221801810953595    0.0006013569343649    0.0007086796367958
  0.0275480576347306    0.0216774284838417    0.0005930091175908    0.0007157664331638
  0.0278235382110779    0.0212618671488482    0.0005885726455896    0.0007229240974954
  0.0281017735931887    0.0205982498009140    0.0005799477836720    0.0007301533384704
  0.0283827913291205    0.0193694824599710    0.0005659766022031    0.0007374548718551
  0.0286666192424117    0.0180683798429359    0.0005616267895556    0.0007448294205736
  0.0289532854348359    0.0174116681246890    0.0005407146282281    0.0007522777147794
  0.0292428182891842    0.0168166745421303    0.0005255572488847    0.0007598004919272
  0.0295352464720761    0.0152714586801730    0.0004997013466984    0.0007673984968464
  0.0298305989367968    0.0144637294799684    0.0004957872009570    0.0007750724818149
  0.0301289049261648    0.0129952220019605    0.0004715537121035    0.0007828232066331
  0.0304301939754264    0.0133973259700910    0.0004676039415549    0.0007906514386994
  0.0307344959151807    0.0136107757280560    0.0004735638492589    0.0007985579530864
  0.0310418408743325    0.0126813373709648    0.0004573985121844    0.0008065435326172
  0.0313522592830758    0.0123750836750530    0.0004536126292998    0.0008146089679434
  0.0316657818759066    0.0111871145467608    0.0004420118117027    0.0008227550576229
  0.0319824396946657    0.0111380267049135    0.0004565225738709    0.0008309826081991
  0.0323022640916123    0.0109119089958910    0.0004745352956224    0.0008392924342811
  0.0326252867325284    0.0101522087577092    0.0004779160417543    0.0008476853586239
