# Experiment IPTS-35338 Run 224018
# Reduction 2.3.0
# Run title: Sample9_CuOx_NaHCO3_ox-224018-1.
# Run start time: 2025-10-29T08:54:43.350536667
# Reduction time: Wed Oct 29 05:00:17 2025
# Q summing: False
# TOF weighted: False
# Bck in Q: False
# Theta offset: 0
# DataRun   NormRun   TwoTheta(deg)  LambdaMin(A)   LambdaMax(A) Qmin(1/A)    Qmax(1/A)    SF_A         SF_B
# 224018    223814    0.740778       2.42454        9.57053      0.0084       0.0335       4.0          0           
# 224019    223815    2.39861        2.55214        9.57053      0.0274       0.1030       16.0         0           
# 224020    223816    7.0003         2.74975        9.49871      0.0807       0.2790       144.0        0           
# Q [1/Angstrom]        R                     dR                    dQ [FWHM]            
  0.0085998376056414    1.1266459337823733    0.0240742046254111    0.0002273455552290
  0.0086858359816978    1.1261196829618321    0.0236391868238621    0.0002296190107813
  0.0087726943415147    1.1086831252970226    0.0221761722585794    0.0002319152008891
  0.0088604212849299    1.0985232223381840    0.0211038056016461    0.0002342343528980
  0.0089490254977792    1.0752604938273280    0.0205644107549812    0.0002365766964270
  0.0090385157527570    1.0266168026614539    0.0192426726734002    0.0002389424633913
  0.0091289009102846    1.0993942576860962    0.0196125488979861    0.0002413318880252
  0.0092201899193874    0.9580697020795829    0.0169329233039343    0.0002437452069054
  0.0093123918185813    1.1030819341079492    0.0187520421636454    0.0002461826589745
  0.0094055157367671    1.0598506758613855    0.0178132549204667    0.0002486444855642
  0.0094995708941348    1.0129928943279261    0.0165064798155845    0.0002511309304199
  0.0095945666030761    1.0333746604367668    0.0166078992458093    0.0002536422397241
  0.0096905122691069    1.0540041423646487    0.0165277780868313    0.0002561786621213
  0.0097874173917979    1.0526680514303044    0.0158001758487054    0.0002587404487425
  0.0098852915657159    1.0484948645042742    0.0155378372010144    0.0002613278532299
  0.0099841444813731    1.0524374452876724    0.0152153015553453    0.0002639411317622
  0.0100839859261868    1.0474077152176375    0.0147439998474438    0.0002665805430799
  0.0101848257854487    0.9936381158426011    0.0138213166951676    0.0002692463485107
  0.0102866740433032    1.0275764981296296    0.0139267816752268    0.0002719388119958
  0.0103895407837362    0.9901054666781329    0.0130324334296488    0.0002746582001157
  0.0104934361915736    1.0511136108675398    0.0135572604751549    0.0002774047821169
  0.0105983705534893    1.0391668818591824    0.0131793826529024    0.0002801788299380
  0.0107043542590242    1.0350456475795133    0.0128189224268963    0.0002829806182374
  0.0108113978016144    1.0354422333195017    0.0126075810688940    0.0002858104244198
  0.0109195117796306    1.0281375744350911    0.0121823325284804    0.0002886685286640
  0.0110287068974269    1.0073655984259875    0.0117144685904706    0.0002915552139506
  0.0111389939664011    1.0540834421903817    0.0119632811117326    0.0002944707660901
  0.0112503839060652    1.0966511439519764    0.0120778920837873    0.0002974154737511
  0.0113628877451258    1.0645537075861071    0.0115789480270911    0.0003003896284886
  0.0114765166225771    1.0119100918610486    0.0107826417484335    0.0003033935247734
  0.0115912817888028    1.0458151836462941    0.0109292319702096    0.0003064274600212
  0.0117071946066909    1.0506385640706661    0.0106591560264690    0.0003094917346214
  0.0118242665527578    0.9973431630375429    0.0100365789869990    0.0003125866519676
  0.0119425092182854    1.0645217930005433    0.0103951701884114    0.0003157125184873
  0.0120619343104682    1.0219270465991279    0.0098359230888332    0.0003188696436722
  0.0121825536535729    1.0303777590230472    0.0097402649871913    0.0003220583401089
  0.0123043791901086    1.0395074546715934    0.0096556068520342    0.0003252789235100
  0.0124274229820097    1.0294997998000834    0.0094084336528291    0.0003285317127451
  0.0125516972118298    1.0281406788736027    0.0092063309102599    0.0003318170298725
  0.0126772141839481    1.0265709306328736    0.0089795372831708    0.0003351352001712
  0.0128039863257876    1.0282288464813567    0.0087927880780260    0.0003384865521730
  0.0129320261890455    1.0849932036255423    0.0090382640530952    0.0003418714176947
  0.0130613464509359    1.0448806478554440    0.0086429952403229    0.0003452901318716
  0.0131919599154453    1.0214485231118426    0.0082970324174071    0.0003487430331903
  0.0133238795145997    1.0371016288701194    0.0082493649980316    0.0003522304635222
  0.0134571183097457    1.0136632254875924    0.0080034968360123    0.0003557527681575
  0.0135916894928432    1.0296028253559171    0.0079539174318490    0.0003593102958390
  0.0137276063877716    1.0197085294029609    0.0078025427206939    0.0003629033987974
  0.0138648824516493    1.0016162212708737    0.0075292856669031    0.0003665324327854
  0.0140035312761658    1.0244900020547696    0.0075876819327978    0.0003701977571133
  0.0141435665889275    0.9663963205687042    0.0071322444953474    0.0003738997346844
  0.0142850022548168    0.9359382050477915    0.0069346993102832    0.0003776387320312
  0.0144278522773649    0.8724250623330438    0.0066090384722922    0.0003814151193516
  0.0145721308001386    0.7979938148112121    0.0061924579202547    0.0003852292705451
  0.0147178521081400    0.7202286933875302    0.0058468494397483    0.0003890815632505
  0.0148650306292214    0.6163022613633121    0.0052466945250571    0.0003929723788830
  0.0150136809355136    0.5560992637205271    0.0049554185078060    0.0003969021026719
  0.0151638177448687    0.4808530746282288    0.0046523103507687    0.0004008711236986
  0.0153154559223174    0.4350186202942881    0.0043931162545571    0.0004048798349356
  0.0154686104815406    0.4025605790826448    0.0039731497511971    0.0004089286332849
  0.0156232965863560    0.3595568904303624    0.0036945776334196    0.0004130179196178
  0.0157795295522195    0.3451937542229651    0.0035862204054927    0.0004171480988139
  0.0159373248477417    0.3241639190214343    0.0034262426267524    0.0004213195798021
  0.0160966980962192    0.3091962659430531    0.0033492229587334    0.0004255327756001
  0.0162576650771813    0.2908729387878146    0.0031980148870465    0.0004297881033561
  0.0164202417279532    0.2815764778960974    0.0031357281932105    0.0004340859843897
  0.0165844441452327    0.2483386003057092    0.0029639003211392    0.0004384268442336
  0.0167502885866850    0.2449169904664711    0.0028771084952230    0.0004428111126759
  0.0169177914725519    0.2388995366861233    0.0027638749805114    0.0004472392238027
  0.0170869693872774    0.2080887852499140    0.0024913895761435    0.0004517116160407
  0.0172578390811502    0.1962536945638250    0.0023828938536928    0.0004562287322011
  0.0174304174719617    0.1858484306003714    0.0023436164044623    0.0004607910195231
  0.0176047216466813    0.1696768844068166    0.0022428263722875    0.0004653989297183
  0.0177807688631481    0.1613030211860955    0.0021661531929448    0.0004700529190155
  0.0179585765517796    0.1522211002878116    0.0020759517087205    0.0004747534482057
  0.0181381623172974    0.1396243682076455    0.0019613141781104    0.0004795009826877
  0.0183195439404703    0.1299567461702108    0.0018625989162764    0.0004842959925146
  0.0185027393798750    0.1205416780674617    0.0017839679457795    0.0004891389524398
  0.0186877667736738    0.1142014820383545    0.0017350265209351    0.0004940303419641
  0.0188746444414105    0.1039197895759744    0.0016396819370466    0.0004989706453838
  0.0190633908858246    0.0954849631194975    0.0015546063246863    0.0005039603518376
  0.0192540247946829    0.0914759930017825    0.0015264757571208    0.0005089999553560
  0.0194465650426297    0.0806959265637638    0.0014138010594419    0.0005140899549096
  0.0196410306930560    0.0760890649160803    0.0013631541118231    0.0005192308544587
  0.0198374409999866    0.0692329194687523    0.0012929855171194    0.0005244231630032
  0.0200358154099864    0.0671294219217384    0.0013084134338738    0.0005296673946333
  0.0202361735640863    0.0633035898812672    0.0013267266452901    0.0005349640685796
  0.0204385352997272    0.0558886168325372    0.0011982114989278    0.0005403137092654
  0.0206429206527244    0.0508975281149564    0.0011332686245815    0.0005457168463581
  0.0208493498592517    0.0511720467435305    0.0011260391566487    0.0005511740148216
  0.0210578433578442    0.0475103613357127    0.0010646855796537    0.0005566857549699
  0.0212684217914226    0.0433791515306802    0.0010014840324156    0.0005622526125196
  0.0214811060093369    0.0429501179747864    0.0009863255962148    0.0005678751386448
  0.0216959170694302    0.0389636721881504    0.0009149997528547    0.0005735538900312
  0.0219128762401245    0.0373776371491272    0.0008918476942792    0.0005792894289315
  0.0221320050025258    0.0366715204199691    0.0008818758869452    0.0005850823232208
  0.0223533250525510    0.0362611618104741    0.0008686944649904    0.0005909331464530
  0.0225768583030765    0.0344655142139179    0.0008403568941057    0.0005968424779176
  0.0228026268861073    0.0350636474424422    0.0008460972210929    0.0006028109026967
  0.0230306531549684    0.0325684818826179    0.0008092727342576    0.0006088390117237
  0.0232609596865181    0.0334798820621385    0.0008138573015575    0.0006149274018409
  0.0234935692833833    0.0324389357396091    0.0007940075031758    0.0006210766758594
  0.0237285049762171    0.0331161136971415    0.0007903886580739    0.0006272874426180
  0.0239657900259793    0.0321537255694844    0.0007770295208253    0.0006335603170441
  0.0242054479262390    0.0324755387738258    0.0007748567686691    0.0006398959202146
  0.0244475024055014    0.0297499601445149    0.0007365398496667    0.0006462948794167
  0.0246919774295565    0.0309940644778183    0.0007488078120367    0.0006527578282109
  0.0249388972038520    0.0301228755658176    0.0007322330757925    0.0006592854064930
  0.0251882861758905    0.0294110234758962    0.0007191945418555    0.0006658782605579
  0.0254401690376494    0.0289505719137286    0.0007063965837070    0.0006725370431635
  0.0256945707280259    0.0277165224349329    0.0006904037570508    0.0006792624135951
  0.0259515164353062    0.0283202825711681    0.0006954122719542    0.0006860550377311
  0.0262110315996593    0.0270525862116693    0.0006775843875493    0.0006929155881084
  0.0264731419156559    0.0265858233594953    0.0006684763533884    0.0006998447439895
  0.0267378733348124    0.0252929104410151    0.0006524116462356    0.0007068431914294
  0.0270052520681605    0.0246257380584197    0.0006390065592619    0.0007139116233437
  0.0272753045888421    0.0232285427287057    0.0006151774697043    0.0007210507395771
  0.0275480576347306    0.0233412486364150    0.0006155943455904    0.0007282612469729
  0.0278235382110779    0.0213686495198286    0.0005905267655885    0.0007355438594426
  0.0281017735931887    0.0213878764322256    0.0005902263977895    0.0007428992980370
  0.0281017735931887    0.0194096398392224    0.0005364202003135    0.0007393996956677
  0.0283827913291205    0.0200564924993260    0.0005766266675309    0.0007503282910174
  0.0283827913291205    0.0193997408258711    0.0005412456590249    0.0007467936926244
  0.0286666192424117    0.0194933345308750    0.0005824821194725    0.0007578315739276
  0.0286666192424117    0.0172571741135842    0.0004976421553772    0.0007542616295506
  0.0289532854348359    0.0171991667751842    0.0004753235574272    0.0007618042458461
  0.0289532854348359    0.0180032581297657    0.0005507612465039    0.0007654098896669
  0.0292428182891842    0.0169533715572372    0.0005272354119596    0.0007730639885635
  0.0292428182891842    0.0153164967654945    0.0004419312210761    0.0007694222883046
  0.0295352464720761    0.0153596852947696    0.0004332192503400    0.0007771165111877
  0.0295352464720761    0.0161669127002526    0.0005149944016828    0.0007807946284492
  0.0298305989367968    0.0159563909271623    0.0005201707731583    0.0007886025747337
  0.0298305989367968    0.0141183432769930    0.0004017748030724    0.0007848876762995
  0.0301289049261648    0.0128196287570880    0.0004682351048102    0.0007964886004810
  0.0301289049261648    0.0128517655285741    0.0003760331007841    0.0007927365530625
  0.0304301939754264    0.0140648471033520    0.0004795588346205    0.0008044534864858
  0.0304301939754264    0.0122691616358198    0.0003654830538166    0.0008006639185931
  0.0307344959151807    0.0131267026689945    0.0004653237032124    0.0008124980213507
  0.0307344959151807    0.0121170596200472    0.0003477244931540    0.0008086705577791
  0.0310418408743325    0.0124309468928352    0.0004528579309346    0.0008206230015642
  0.0310418408743325    0.0115993250814071    0.0003423413228329    0.0008167572633569
  0.0313522592830758    0.0114550706934042    0.0003234060875236    0.0008249248359904
  0.0313522592830758    0.0120987647493824    0.0004486985248798    0.0008288292315798
  0.0316657818759066    0.0111763732086883    0.0004415981258073    0.0008371175238956
  0.0316657818759066    0.0108700836297398    0.0003092309004222    0.0008331740843503
  0.0319824396946657    0.0095811633500849    0.0002811338602672    0.0008415058251938
  0.0319824396946657    0.0112456944040337    0.0004574865089712    0.0008454886991346
  0.0323022640916123    0.0099434095909818    0.0004526809270894    0.0008539435861259
  0.0323022640916123    0.0102205754118295    0.0002917141228080    0.0008499208834458
  0.0326252867325284    0.0105602676194557    0.0004869320792635    0.0008624830219872
  0.0326252867325284    0.0090661866943492    0.0002657543220017    0.0008584200922802
  0.0329515395998537    0.0094890634579771    0.0002673712772758    0.0008670042932030
  0.0332810549958523    0.0097112955908385    0.0002649075419320    0.0008756743361351
  0.0336138655458108    0.0086583625621012    0.0002424219256918    0.0008844310794964
  0.0339500042012689    0.0089621572085934    0.0002421202293146    0.0008932753902914
  0.0342895042432816    0.0087102525701548    0.0002350156918794    0.0009022081441943
  0.0346323992857144    0.0089818878544428    0.0002405266882464    0.0009112302256362
  0.0349787232785715    0.0082322618256118    0.0002179553477456    0.0009203425278926
  0.0353285105113573    0.0083463339600754    0.0002170675247695    0.0009295459531715
  0.0356817956164708    0.0080780286169698    0.0002045757467241    0.0009388414127033
  0.0360386135726355    0.0077933159022810    0.0001991229521568    0.0009482298268303
  0.0363989997083619    0.0080766436153970    0.0001996231866407    0.0009577121250986
  0.0367629897054455    0.0077847533168967    0.0001922629463339    0.0009672892463496
  0.0371306196025000    0.0076726161363944    0.0001872912376817    0.0009769621388131
  0.0375019257985250    0.0074347590763499    0.0001799669671308    0.0009867317602012
  0.0378769450565102    0.0075976941959232    0.0001805637238315    0.0009965990778032
  0.0382557145070753    0.0070594119282650    0.0001688862636863    0.0010065650685812
  0.0386382716521461    0.0068923624353017    0.0001666012952607    0.0010166307192671
  0.0390246543686675    0.0067509201633213    0.0001599422970845    0.0010267970264597
  0.0394149009123542    0.0063774966323020    0.0001517752159114    0.0010370649967243
  0.0398090499214778    0.0061458745774692    0.0001471113577867    0.0010474356466916
  0.0402071404206925    0.0056939848755361    0.0001400806263237    0.0010579100031585
  0.0406092118248995    0.0055316913170777    0.0001326471335980    0.0010684891031901
  0.0410153039431485    0.0054168140483189    0.0001308360608114    0.0010791739942220
  0.0414254569825799    0.0048311910235335    0.0001215289227299    0.0010899657341642
  0.0418397115524057    0.0046270555209174    0.0001165118670518    0.0011008653915058
  0.0422581086679298    0.0047569827098935    0.0001166330080749    0.0011118740454209
  0.0426806897546091    0.0044263815012767    0.0001097524617346    0.0011229927858751
  0.0431074966521552    0.0043193036773707    0.0001083739175633    0.0011342227137338
  0.0435385716186767    0.0042904379201392    0.0001068606142212    0.0011455649408712
  0.0439739573348635    0.0041112318212713    0.0001009575727108    0.0011570205902799
  0.0444136969082121    0.0038281050528035    0.0000952263841730    0.0011685907961827
  0.0448578338772943    0.0038649604551504    0.0000943623047385    0.0011802767041445
  0.0453064122160672    0.0038141604255736    0.0000919587637006    0.0011920794711860
  0.0457594763382279    0.0037147471214423    0.0000906829023056    0.0012040002658978
  0.0462170711016102    0.0037379364789788    0.0000888821187360    0.0012160402685568
  0.0466792418126263    0.0037697848252130    0.0000882234289595    0.0012282006712424
  0.0471460342307525    0.0035294011945676    0.0000825301310102    0.0012404826779548
  0.0476174945730601    0.0036517885701724    0.0000837933002231    0.0012528875047343
  0.0480936695187907    0.0035189441016782    0.0000808983084391    0.0012654163797817
  0.0485746062139786    0.0033426775743880    0.0000780377160204    0.0012780705435795
  0.0490603522761183    0.0033616488161863    0.0000778863129727    0.0012908512490153
  0.0495509557988795    0.0032170729407800    0.0000780363109219    0.0013037597615055
  0.0500464653568683    0.0031523271099321    0.0000721414821731    0.0013167973591205
  0.0505469300104370    0.0029776564566876    0.0000692776810611    0.0013299653327117
  0.0510523993105414    0.0030310638288001    0.0000682464260139    0.0013432649860388
  0.0515629233036468    0.0027069469034054    0.0000639593378561    0.0013566976358992
  0.0520785525366833    0.0026667360652402    0.0000626623861972    0.0013702646122582
  0.0525993380620501    0.0025846574819627    0.0000605263065218    0.0013839672583808
  0.0531253314426706    0.0024701984054178    0.0000599235823323    0.0013978069309646
  0.0536565847570973    0.0023218562611422    0.0000584933954496    0.0014117850002743
  0.0541931506046683    0.0023370684243994    0.0000589955298416    0.0014259028502770
  0.0547350821107150    0.0021741353926388    0.0000539722108227    0.0014401618787798
  0.0552824329318221    0.0020860720245593    0.0000515444856837    0.0014545634975676
  0.0558352572611403    0.0020078735009090    0.0000506172055286    0.0014691091325432
  0.0563936098337517    0.0018890595774088    0.0000491588781611    0.0014838002238687
  0.0569575459320893    0.0019105849026668    0.0000490836222417    0.0014986382261074
  0.0575271213914101    0.0019289797546248    0.0000485607741804    0.0015136246083684
  0.0581023926053242    0.0019185030215379    0.0000478840625525    0.0015287608544521
  0.0586834165313775    0.0018378288931102    0.0000467997679896    0.0015440484629966
  0.0592702506966913    0.0017946789115051    0.0000456686162114    0.0015594889476266
  0.0598629532036582    0.0016106600030026    0.0000432250344242    0.0015750838371029
  0.0604615827356948    0.0016623670313670    0.0000438544980151    0.0015908346754739
  0.0610661985630517    0.0016531471354076    0.0000434812933498    0.0016067430222286
  0.0616768605486822    0.0016499247553982    0.0000428246229776    0.0016228104524509
  0.0622936291541691    0.0015516560184698    0.0000417154186302    0.0016390385569754
  0.0629165654457108    0.0015216191950397    0.0000409915965528    0.0016554289425452
  0.0635457311001679    0.0014373816891835    0.0000395849910930    0.0016719832319706
  0.0641811884111695    0.0013554798450457    0.0000387085935491    0.0016887030642903
  0.0648230002952812    0.0012824171710538    0.0000375314190823    0.0017055900949332
  0.0654712302982340    0.0012469122955035    0.0000386164879948    0.0017226459958826
  0.0661259426012164    0.0012579430858240    0.0000384456958065    0.0017398724558414
  0.0667872020272285    0.0011090507638215    0.0000353835119664    0.0017572711803998
  0.0674550740475008    0.0011637723144696    0.0000357548092679    0.0017748438922038
  0.0681296247879758    0.0011119063916711    0.0000345645195460    0.0017925923311259
  0.0688109210358556    0.0010568192737130    0.0000336912589680    0.0018105182544371
  0.0694990302462141    0.0010297067089188    0.0000325085195601    0.0018286234369815
  0.0701940205486763    0.0010130697518368    0.0000320864290544    0.0018469096713513
  0.0708959607541631    0.0009284089328415    0.0000301446277503    0.0018653787680648
  0.0716049203617047    0.0009166591256614    0.0000298120351039    0.0018840325557455
  0.0723209695653217    0.0008953679183950    0.0000289044149655    0.0019028728813029
  0.0730441792609750    0.0008917943760315    0.0000288644112739    0.0019219016101159
  0.0737746210535847    0.0008547987788166    0.0000279842096096    0.0019411206262171
  0.0745123672641206    0.0008606117314938    0.0000280914310825    0.0019605318324793
  0.0752574909367618    0.0007523913996651    0.0000265865049875    0.0019801371508041
  0.0760100658461294    0.0006777997036673    0.0000251410858736    0.0019999385223121
  0.0767701665045907    0.0007566192568373    0.0000257527080242    0.0020199379075352
  0.0775378681696366    0.0007096744808859    0.0000247671128006    0.0020401372866106
  0.0783132468513330    0.0006407468303134    0.0000235126755000    0.0020605386594767
  0.0790963793198463    0.0006350122533624    0.0000230541930019    0.0020811440460715
  0.0798873431130447    0.0006263382314800    0.0000229614196082    0.0021019554865322
  0.0806862165441752    0.0005813539482799    0.0000221297281755    0.0021229750413975
  0.0814930787096169    0.0005958695074029    0.0000225808640589    0.0021442047918115
  0.0823080094967131    0.0005580486844219    0.0000160015734287    0.0021617877490315
  0.0823080094967131    0.0005955545438529    0.0000223429442543    0.0021656468397296
  0.0831310895916802    0.0005276138192781    0.0000149520365452    0.0021834056265219
  0.0831310895916802    0.0005482346197071    0.0000215313187788    0.0021873033081269
  0.0839624004875970    0.0005279888547571    0.0000145584154210    0.0022052396827871
  0.0839624004875970    0.0005249735401746    0.0000209845009688    0.0022091763412081
  0.0848020244924730    0.0005252412542815    0.0000209241739205    0.0022312681046202
  0.0848020244924730    0.0004830281458348    0.0000135238415308    0.0022272920796149
  0.0856500447373977    0.0004997405843137    0.0000206552051474    0.0022535807856664
  0.0856500447373977    0.0004855053445140    0.0000132602586790    0.0022495650004111
  0.0865065451847717    0.0004389747672246    0.0000121191876590    0.0022720606504152
  0.0865065451847717    0.0004893817305696    0.0000204169915636    0.0022761165935231
  0.0873716106366194    0.0004333153914362    0.0000120721803061    0.0022947812569194
  0.0873716106366194    0.0004711331916613    0.0000194491561353    0.0022988777594583
  0.0882453267429856    0.0004517008711343    0.0000192424691383    0.0023218665370529
  0.0882453267429856    0.0003937131079784    0.0000111358964158    0.0023177290694886
  0.0891277800104155    0.0003901971790928    0.0000110297893880    0.0023409063601834
  0.0891277800104155    0.0003900602739626    0.0000180804231129    0.0023450852024234
  0.0900190578105197    0.0003767027691583    0.0000106671397286    0.0023643154237853
  0.0900190578105197    0.0003644023103979    0.0000178069680905    0.0023685360544477
  0.0909192483886248    0.0003793182886790    0.0000179665837598    0.0023922214149921
  0.0909192483886248    0.0003726911373863    0.0000107132277323    0.0023879585780231
  0.0918284408725111    0.0003374487941477    0.0000173433267506    0.0024161436291421
  0.0918284408725111    0.0003514658573116    0.0000098193419703    0.0024118381638034
  0.0927467252812362    0.0003032216270295    0.0000168461279229    0.0024403050654335
  0.0927467252812362    0.0003568674867767    0.0000097153291477    0.0024359565454414
  0.0936741925340486    0.0003179881746547    0.0000088986071391    0.0024603161108958
  0.0936741925340486    0.0003060961047446    0.0000165958511867    0.0024647081160878
  0.0946109344593891    0.0003307154037625    0.0000090388455182    0.0024849192720048
  0.0946109344593891    0.0003123780234004    0.0000162679794968    0.0024893551972487
  0.0955570438039829    0.0002870583786542    0.0000084462234158    0.0025097684647248
  0.0955570438039829    0.0003090571902319    0.0000166466606761    0.0025142487492212
  0.0965126142420228    0.0003200204199206    0.0000168710980918    0.0025393912367134
  0.0965126142420228    0.0002786120001280    0.0000080554069391    0.0025348661493721
  0.0974777403844430    0.0002551997526444    0.0000074730124924    0.0025602148108658
  0.0974777403844430    0.0002481037390460    0.0000156313471955    0.0025647851490805
  0.0984525177882875    0.0002638309559844    0.0000150813096565    0.0025904330005713
  0.0984525177882875    0.0002510967232634    0.0000072469972675    0.0025858169589744
  0.0994370429661703    0.0002217931569971    0.0000066212809004    0.0026116751285642
  0.0994370429661703    0.0002520819942555    0.0000149917565176    0.0026163373305771
  0.1004314133958320    0.0002258464293075    0.0000140410223429    0.0026425007038828
  0.1004314133958320    0.0002126887657605    0.0000064586122247    0.0026377918798498
  0.1014357275297903    0.0002049698166532    0.0000062411654581    0.0026641697986483
  0.1024500848050882    0.0001907392950147    0.0000057967163359    0.0026908114966348
  0.1034745856531391    0.0001828646809677    0.0000056072458088    0.0027177196116011
  0.1045093315096705    0.0001679861243118    0.0000052904533336    0.0027448968077172
  0.1055544248247672    0.0001803529119738    0.0000053153414251    0.0027723457757943
  0.1066099690730149    0.0001534124055088    0.0000050360185202    0.0028000692335523
  0.1076760687637451    0.0001495151262320    0.0000047557271368    0.0028280699258878
  0.1087528294513825    0.0001373352689413    0.0000044801108946    0.0028563506251467
  0.1098403577458963    0.0001399613792537    0.0000044467914528    0.0028849141313981
  0.1109387613233553    0.0001269920571204    0.0000042316246221    0.0029137632727121
  0.1120481489365888    0.0001165485123820    0.0000039049163076    0.0029429009054392
  0.1131686304259547    0.0001056358532721    0.0000037055000034    0.0029723299144936
  0.1143003167302143    0.0001037255049785    0.0000036147259399    0.0030020532136386
  0.1154433198975164    0.0000972274993195    0.0000034794259632    0.0030320737457750
  0.1165977530964916    0.0000891962159807    0.0000032938891489    0.0030623944832327
  0.1177637306274565    0.0000771827669547    0.0000030367003673    0.0030930184280650
  0.1189413679337311    0.0000769522435063    0.0000029721551683    0.0031239486123457
  0.1201307816130684    0.0000715915914795    0.0000028328298575    0.0031551880984691
  0.1213320894291991    0.0000667204317188    0.0000027555256501    0.0031867399794538
  0.1225454103234911    0.0000606915673833    0.0000025959225369    0.0032186073792484
  0.1237708644267260    0.0000529234002496    0.0000024389882949    0.0032507934530409
  0.1250085730709932    0.0000508095658583    0.0000023730430461    0.0032833013875713
  0.1262586588017032    0.0000471560205306    0.0000022288886394    0.0033161344014470
  0.1275212453897202    0.0000379353083684    0.0000020846862291    0.0033492957454614
  0.1287964578436174    0.0000393036152717    0.0000020235417335    0.0033827887029161
  0.1300844224220536    0.0000358841264744    0.0000019664393085    0.0034166165899452
  0.1313852666462741    0.0000355956566326    0.0000019031161519    0.0034507827558447
  0.1326991193127369    0.0000316049866919    0.0000017476836931    0.0034852905834031
  0.1340261105058642    0.0000269654011337    0.0000017091176650    0.0035201434892372
  0.1353663716109229    0.0000239943118150    0.0000015963306423    0.0035553449241295
  0.1367200353270321    0.0000233372352706    0.0000016297748711    0.0035908983733708
  0.1380872356803025    0.0000182224939741    0.0000014386566981    0.0036268073571045
  0.1394681080371055    0.0000166430792787    0.0000014333302013    0.0036630754306756
  0.1408627891174765    0.0000160354837049    0.0000014086977511    0.0036997061849823
  0.1422714170086513    0.0000125096891898    0.0000013369084364    0.0037367032468322
  0.1436941311787378    0.0000142247797172    0.0000013679334332    0.0037740702793005
  0.1451310724905251    0.0000109170214151    0.0000012954404515    0.0038118109820935
  0.1465823832154304    0.0000094794856602    0.0000011782528266    0.0038499290919144
  0.1480482070475847    0.0000071021708598    0.0000011326282234    0.0038884283828336
  0.1495286891180606    0.0000064397550095    0.0000010873552125    0.0039273126666619
  0.1510239760092412    0.0000064058065419    0.0000010824889183    0.0039665857933285
  0.1525342157693336    0.0000044072534650    0.0000010342766444    0.0040062516512618
  0.1540595579270269    0.0000041046488073    0.0000010307295873    0.0040463141677744
  0.1556001535062972    0.0000040150474313    0.0000009881310685    0.0040867773094522
  0.1571561550413602    0.0000015419140077    0.0000010540716022    0.0041276450825467
  0.1587277165917738    0.0000018362711019    0.0000009409966081    0.0041689215333722
  0.1603149937576915    0.0000025173261414    0.0000009193201933    0.0042106107487059
  0.1619181436952684    0.0000024842952040    0.0000008829108799    0.0042527168561929
  0.1635373251322211    0.0000001599090247    0.0000008928946373    0.0042952440247549
  0.1651726983835433    0.0000013704806197    0.0000009000843782    0.0043381964650024
  0.1668244253673788    0.0000014564638871    0.0000008777681460    0.0043815784296524
  0.1684926696210526    0.0000018055913083    0.0000008312292350    0.0044253942139490
  0.1701775963172631    0.0000022037015612    0.0000008230193177    0.0044696481560884
  0.1718793722804357    0.0000009291898592    0.0000008568730632    0.0045143446376493
  0.1735981660032401    0.0000005946604615    0.0000008214906811    0.0045594880840258
  0.1753341476632725    0.0000032768308777    0.0000008405894081    0.0046050829648661
  0.1770874891399052    0.0000011373978822    0.0000008259061753    0.0046511337945147
  0.1788583640313043   -0.0000007128750092    0.0000008168629827    0.0046976451324599
  0.1806469476716173   -0.0000000476794693    0.0000008311762083    0.0047446215837845
  0.1824534171483335    0.0000008810932572    0.0000008431835514    0.0047920677996223
  0.1842779513198168    0.0000010886845653    0.0000008195224584    0.0048399884776186
  0.1861207308330150    0.0000007824924581    0.0000008326511226    0.0048883883623947
  0.1879819381413451    0.0000010529786335    0.0000008020337011    0.0049372722460187
  0.1898617575227586    0.0000002828154874    0.0000008787095593    0.0049866449684789
  0.1917603750979862    0.0000008123264111    0.0000008973597680    0.0050365114181637
  0.1936779788489660    0.0000015627775833    0.0000008506473997    0.0050868765323453
  0.1956147586374557    0.0000003890045928    0.0000008607273753    0.0051377452976688
  0.1975709062238303    0.0000018919789881    0.0000008438885151    0.0051891227506454
  0.1995466152860686    0.0000019864954709    0.0000008470865588    0.0052410139781519
  0.2015420814389293    0.0000010521855044    0.0000008245989241    0.0052934241179334
  0.2035575022533185    0.0000027432083299    0.0000008014165461    0.0053463583591128
  0.2055930772758517    0.0000035809225723    0.0000007917316703    0.0053998219427039
  0.2076490080486103    0.0000012770988279    0.0000008018956245    0.0054538201621309
  0.2097254981290964    0.0000016924909925    0.0000007545889572    0.0055083583637522
  0.2118227531103873    0.0000028162582109    0.0000007727474765    0.0055634419473898
  0.2139409806414912    0.0000021752946473    0.0000008004008402    0.0056190763668636
  0.2160803904479061    0.0000020358306543    0.0000007785925634    0.0056752671305323
  0.2182411943523852    0.0000028751498932    0.0000007769431372    0.0057320198018376
  0.2204236062959090    0.0000019329326720    0.0000007565602248    0.0057893399998560
  0.2226278423588681    0.0000016073616271    0.0000007759089183    0.0058472333998545
  0.2248541207824568    0.0000012657483067    0.0000007589834754    0.0059057057338531
  0.2271026619902814    0.0000017993242742    0.0000007585245740    0.0059647627911916
  0.2293736886101842    0.0000030735511518    0.0000007549149163    0.0060244104191035
  0.2316674254962861    0.0000014424621100    0.0000007640247015    0.0060846545232946
  0.2339840997512489    0.0000034641124880    0.0000007361975918    0.0061455010685275
  0.2363239407487614    0.0000021372820560    0.0000007642280420    0.0062069560792128
  0.2386871801562490    0.0000017496147531    0.0000007439320498    0.0062690256400049
  0.2410740519578115    0.0000025137040880    0.0000007369171715    0.0063317158964050
  0.2434847924773896    0.0000014140824945    0.0000007493062312    0.0063950330553690
  0.2459196404021635    0.0000017144491313    0.0000007301576825    0.0064589833859227
  0.2483788368061852    0.0000001823633554    0.0000007231218787    0.0065235732197819
  0.2508626251742470    0.0000025175248887    0.0000007169675822    0.0065888089519798
  0.2533712514259895   -0.0000001038161043    0.0000007369176427    0.0066546970414996
  0.2559049639402494    0.0000005301015546    0.0000007421714696    0.0067212440119146
  0.2584640135796519    0.0000017970688980    0.0000007225708098    0.0067884564520337
  0.2610486537154484    0.0000000994345711    0.0000007529597151    0.0068563410165540
  0.2636591402526028   -0.0000004597838806    0.0000007146703675    0.0069249044267196
  0.2662957316551289    0.0000003905483948    0.0000007310723109    0.0069941534709868
  0.2689586889716802   -0.0000008734559853    0.0000007317597643    0.0070640950056966
  0.2716482758613970   -0.0000003595846696    0.0000007815970844    0.0071347359557536
