# Experiment IPTS-35338 Run 224017
# Reduction 2.3.0
# Run title: Sample9_CuOx_NaHCO3_ox-224017-2.
# Run start time: 2025-10-29T08:11:43.391847667
# Reduction time: Wed Oct 29 04:54:22 2025
# Q summing: False
# TOF weighted: False
# Bck in Q: False
# Theta offset: 0
# Meta:{"wl_min": 2.55214251324025, "wl_max": 9.570534424650939, "q_min": 0.027482599785386218, "q_max": 0.10305974919519832, "theta": 0.02093224718889035, "start_time": "2025-10-29T08:11:43.391847667", "experiment": "IPTS-35338", "run_number": "224017", "run_title": "Sample9_CuOx_NaHCO3_ox-224017-2.", "norm_run": 223815, "time": "Wed Oct 29 04:54:22 2025", "dq0": 0, "dq_over_q": 0.026310961425999858, "sequence_number": 2, "sequence_id": 224017, "q_summing": false, "scaling_factors": {"a": 16.0, "err_a": 0, "b": 0, "err_b": 0}, "tof_weighted": false, "bck_in_q": false, "theta_offset": 0}
# DataRun   NormRun   TwoTheta(deg)  LambdaMin(A)   LambdaMax(A) Qmin(1/A)    Qmax(1/A)    SF_A         SF_B
# 224017    223815    2.39866        2.55214        9.57053      0.0274       0.1030       16.0         0           
# Q [1/Angstrom]        R                     dR                    dQ [FWHM]            
  0.0281017735931887    0.0186694930429283    0.0002822238697479    0.0007393846810126
  0.0283827913291205    0.0186036087250068    0.0002825380441009    0.0007467785278227
  0.0286666192424117    0.0176215685452755    0.0002661776362942    0.0007542463131009
  0.0289532854348359    0.0164716678556086    0.0002488530029687    0.0007617887762319
  0.0292428182891842    0.0154635795813425    0.0002348520100998    0.0007694066639942
  0.0295352464720761    0.0146206138186160    0.0002263282451678    0.0007771007306342
  0.0298305989367968    0.0137651435345755    0.0002111768838963    0.0007848717379405
  0.0301289049261648    0.0131724860234782    0.0002018053910254    0.0007927204553199
  0.0304301939754264    0.0126730706100852    0.0001961097647683    0.0008006476598731
  0.0307344959151807    0.0116158370385121    0.0001828366967210    0.0008086541364719
  0.0310418408743325    0.0112582819447844    0.0001791506327800    0.0008167406778366
  0.0313522592830758    0.0109109266055714    0.0001689388809683    0.0008249080846150
  0.0316657818759066    0.0100133905690675    0.0001588167356754    0.0008331571654611
  0.0319824396946657    0.0096145888386023    0.0001506055226503    0.0008414887371157
  0.0323022640916123    0.0098352054745511    0.0001529551720138    0.0008499036244869
  0.0326252867325284    0.0093852557252024    0.0001438843505584    0.0008584026607317
  0.0329515395998537    0.0090559007032668    0.0001390772611936    0.0008669866873391
  0.0332810549958523    0.0091790640181784    0.0001378930172617    0.0008756565542124
  0.0336138655458108    0.0090741981331343    0.0001328963585587    0.0008844131197546
  0.0339500042012689    0.0086576279501907    0.0001268552738845    0.0008932572509521
  0.0342895042432816    0.0085323684849540    0.0001231719336241    0.0009021898234616
  0.0346323992857144    0.0089376749222085    0.0001280307868785    0.0009112117216963
  0.0349787232785715    0.0085250101708879    0.0001189737769679    0.0009203238389132
  0.0353285105113573    0.0083388660397329    0.0001151317156466    0.0009295270773024
  0.0356817956164708    0.0083554272034413    0.0001119290608385    0.0009388223480754
  0.0360386135726355    0.0082075108978402    0.0001084190059433    0.0009482105715561
  0.0363989997083619    0.0082695877304960    0.0001079373413725    0.0009576926772717
  0.0367629897054455    0.0081184346870803    0.0001048711556559    0.0009672696040444
  0.0371306196025000    0.0078408738312630    0.0001013140598801    0.0009769423000849
  0.0375019257985250    0.0074402794660706    0.0000961836381191    0.0009867117230857
  0.0378769450565102    0.0077969431786839    0.0000974190471562    0.0009965788403166
  0.0382557145070753    0.0071792715163990    0.0000912519864577    0.0010065446287197
  0.0386382716521461    0.0068649062980558    0.0000874406932462    0.0010166100750069
  0.0390246543686675    0.0065187856865591    0.0000842618545566    0.0010267761757570
  0.0394149009123542    0.0061545026646272    0.0000799194929703    0.0010370439375146
  0.0398090499214778    0.0061818773845853    0.0000784926941589    0.0010474143768897
  0.0402071404206925    0.0056194292638950    0.0000737114294084    0.0010578885206586
  0.0406092118248995    0.0053932725807111    0.0000701308193454    0.0010684674058652
  0.0410153039431485    0.0052652230180556    0.0000687606259105    0.0010791520799238
  0.0414254569825799    0.0049852444383549    0.0000655994090531    0.0010899436007231
  0.0418397115524057    0.0047842311466528    0.0000629802609610    0.0011008430367303
  0.0422581086679298    0.0045623513037934    0.0000605691393384    0.0011118514670976
  0.0426806897546091    0.0044207918939374    0.0000589614764780    0.0011229699817686
  0.0431074966521552    0.0043473617826776    0.0000580632401565    0.0011341996815863
  0.0435385716186767    0.0041485726914822    0.0000558400486791    0.0011455416784021
  0.0439739573348635    0.0041180256655261    0.0000539194696206    0.0011569970951862
  0.0444136969082121    0.0039595174204543    0.0000516617059112    0.0011685670661380
  0.0448578338772943    0.0039179801404129    0.0000507075088391    0.0011802527367994
  0.0453064122160672    0.0037412952984587    0.0000483728084740    0.0011920552641674
  0.0457594763382279    0.0037270828369770    0.0000481286431050    0.0012039758168091
  0.0462170711016102    0.0036586445848336    0.0000467571517169    0.0012160155749772
  0.0466792418126263    0.0036559392889016    0.0000460635233392    0.0012281757307269
  0.0471460342307525    0.0035802105977073    0.0000445585829448    0.0012404574880342
  0.0476174945730601    0.0035323592469537    0.0000437538648140    0.0012528620629145
  0.0480936695187907    0.0035040657663438    0.0000429799630243    0.0012653906835437
  0.0485746062139786    0.0033840434689755    0.0000418375018428    0.0012780445903791
  0.0490603522761183    0.0033264850775164    0.0000413541058204    0.0012908250362829
  0.0495509557988795    0.0032811187419930    0.0000416919639564    0.0013037332866457
  0.0500464653568683    0.0030770803281810    0.0000380676456049    0.0013167706195122
  0.0505469300104370    0.0030390961207848    0.0000370498423615    0.0013299383257073
  0.0510523993105414    0.0029075801693915    0.0000356891883409    0.0013432377089644
  0.0515629233036468    0.0027449263632930    0.0000341981641261    0.0013566700860540
  0.0520785525366833    0.0026770479151865    0.0000335743408193    0.0013702367869146
  0.0525993380620501    0.0025043662355508    0.0000319622245334    0.0013839391547837
  0.0531253314426706    0.0024267418866028    0.0000314295448275    0.0013977785463316
  0.0536565847570973    0.0023314418483741    0.0000312108791056    0.0014117563317949
  0.0541931506046683    0.0023330590719192    0.0000313418159282    0.0014258738951128
  0.0547350821107150    0.0022227842287886    0.0000290612089504    0.0014401326340640
  0.0552824329318221    0.0020841694074341    0.0000275901879529    0.0014545339604046
  0.0558352572611403    0.0019826398254517    0.0000268289559148    0.0014690793000086
  0.0563936098337517    0.0019608169098650    0.0000264725129659    0.0014837700930087
  0.0569575459320893    0.0018968508377045    0.0000261702595230    0.0014986077939388
  0.0575271213914101    0.0018675717373773    0.0000255830656168    0.0015135938718782
  0.0581023926053242    0.0018663527637118    0.0000252197043763    0.0015287298105970
  0.0586834165313775    0.0018618172932265    0.0000250611456257    0.0015440171087030
  0.0592702506966913    0.0017551165392523    0.0000242425951146    0.0015594572797900
  0.0598629532036582    0.0016988776294988    0.0000233844782213    0.0015750518525879
  0.0604615827356948    0.0017281385385103    0.0000236739489540    0.0015908023711138
  0.0610661985630517    0.0016670868482135    0.0000231609430606    0.0016067103948249
  0.0616768605486822    0.0015751405782119    0.0000223325357852    0.0016227774987732
  0.0622936291541691    0.0015495411238533    0.0000221729574642    0.0016390052737609
  0.0629165654457108    0.0014870603228540    0.0000214690842079    0.0016553953264985
  0.0635457311001679    0.0014329602581238    0.0000209276629834    0.0016719492797635
  0.0641811884111695    0.0013700635629278    0.0000204992900473    0.0016886687725611
  0.0648230002952812    0.0013019086436493    0.0000202780037100    0.0017055554602867
  0.0654712302982340    0.0012397343924964    0.0000205522343749    0.0017226110148896
  0.0661259426012164    0.0012239466790720    0.0000202808769950    0.0017398371250385
  0.0667872020272285    0.0011730554993332    0.0000194515577767    0.0017572354962889
  0.0674550740475008    0.0011223199747311    0.0000188240336456    0.0017748078512518
  0.0681296247879758    0.0011124649292797    0.0000184496822245    0.0017925559297643
  0.0688109210358556    0.0011066756931538    0.0000182667522728    0.0018104814890619
  0.0694990302462141    0.0010463574340052    0.0000174385924913    0.0018285863039525
  0.0701940205486763    0.0010139453388503    0.0000168770991347    0.0018468721669921
  0.0708959607541631    0.0009642614896025    0.0000163892567766    0.0018653408886620
  0.0716049203617047    0.0009320288911246    0.0000158504828649    0.0018839942975486
  0.0723209695653217    0.0009018157957464    0.0000155705801521    0.0019028342405241
  0.0730441792609750    0.0008750642656972    0.0000153358530679    0.0019218625829293
  0.0737746210535847    0.0008502962281248    0.0000150478470489    0.0019410812087586
  0.0745123672641206    0.0008235014803600    0.0000147152767214    0.0019604920208462
  0.0752574909367618    0.0007906522960203    0.0000142332618363    0.0019800969410547
  0.0760100658461294    0.0007556270045554    0.0000139003279831    0.0019998979104652
  0.0767701665045907    0.0007289719798997    0.0000135267802624    0.0020198968895699
  0.0775378681696366    0.0007080873739460    0.0000133047834161    0.0020400958584656
  0.0783132468513330    0.0006560080802124    0.0000126135763609    0.0020604968170502
  0.0790963793198463    0.0006619531603006    0.0000126589142542    0.0020811017852207
  0.0798873431130447    0.0006219749827065    0.0000123754823750    0.0021019128030729
  0.0806862165441752    0.0005967413002953    0.0000118827231891    0.0021229319311037
  0.0814930787096169    0.0005996833934687    0.0000119504978331    0.0021441612504147
  0.0823080094967131    0.0005584983512381    0.0000115398665711    0.0021656028629188
  0.0831310895916802    0.0005461581831244    0.0000114325312017    0.0021872588915480
  0.0839624004875970    0.0005190118489996    0.0000111123353214    0.0022091314804635
  0.0848020244924730    0.0005071757631913    0.0000111511594336    0.0022312227952682
  0.0856500447373977    0.0005077575932963    0.0000110015128945    0.0022535350232208
  0.0865065451847717    0.0004699407145785    0.0000105194070582    0.0022760703734530
  0.0873716106366194    0.0004333855954727    0.0000100832334262    0.0022988310771876
  0.0882453267429856    0.0004338908328673    0.0000101047283579    0.0023218193879594
  0.0891277800104155    0.0003855591889936    0.0000096122931636    0.0023450375818390
  0.0900190578105197    0.0003872799810195    0.0000095269332389    0.0023684879576574
  0.0909192483886248    0.0003761166782953    0.0000093255693200    0.0023921728372340
  0.0918284408725111    0.0003375014026807    0.0000090712200540    0.0024160945656063
  0.0927467252812362    0.0003372846813132    0.0000092388526518    0.0024402555112624
  0.0936741925340486    0.0003201867101975    0.0000090111620084    0.0024646580663750
  0.0946109344593891    0.0003126382681872    0.0000087182924772    0.0024893046470388
  0.0955570438039829    0.0003000340651449    0.0000086453039333    0.0025141976935092
  0.0965126142420228    0.0002839837249700    0.0000084672341357    0.0025393396704443
  0.0974777403844430    0.0002639048899849    0.0000084172584972    0.0025647330671487
  0.0984525177882875    0.0002560864581678    0.0000081733002298    0.0025903803978202
  0.0994370429661703    0.0002482018489178    0.0000078546385378    0.0026162842017984
  0.1004314133958320    0.0002330656140974    0.0000078377544538    0.0026424470438164
