# intensity: 0.95002596358745
# background: 0
#           Q (1/A)             dQ (1/A)                    R                   dR               theory              fresnel
   0.010486523286646 0.000120161761690913    0.933062598286373   0.0320088368561902    0.950025963587449     0.95002596358745
  0.0105389559030792 0.000120762570499363    0.928562050801947   0.0327772732145059    0.950025963587449     0.95002596358745
  0.0105916506825946 0.000121366383351847     1.04694999598689   0.0345268148753566    0.950025963587449     0.95002596358745
  0.0106446089360076  0.00012197321526862    0.923227028176584   0.0317911529262641     0.95002596358745     0.95002596358745
  0.0106978319806876 0.000122583081344968     0.95332752106641   0.0319754493149861    0.950025963587449     0.95002596358745
  0.0107513211405911 0.000123195996751677    0.938644939890001   0.0306735656059342     0.95002596358745     0.95002596358745
   0.010805077746294 0.000123811976735414    0.961526396694338   0.0307295541043962    0.950025963587449     0.95002596358745
  0.0108591031350255 0.000124431036619108     1.12333590214253   0.0348306116350267    0.950025963587449     0.95002596358745
  0.0109133986507006 0.000125053191802208    0.962404145827073   0.0310894908167724    0.950025963587449    0.950025963587449
  0.0109679656439541 0.000125678457761231    0.987893238292881   0.0317102847471799    0.950025963587449    0.950025963587449
  0.0110228054721739 0.000126306850050021     1.01121594176935   0.0304932160980815     0.95002596358745     0.95002596358745
  0.0110779194995348 0.000126938384300255     1.00529151147713   0.0296163847737702    0.950025963587449    0.950025963587449
  0.0111333090970324 0.000127573076221783    0.923645966737413   0.0280650516893827    0.950025963587449     0.95002596358745
  0.0111889756425176 0.000128210941602887    0.942806066788566   0.0282506529534514    0.950025963587449    0.950025963587449
  0.0112449205207302 0.000128851996310913     0.98730126677651   0.0283348213311144    0.950025963587449    0.950025963587449
  0.0113011451233338 0.000129496256292442     0.95261979045693   0.0279501975786217    0.950025963587449    0.950025963587449
  0.0113576508489505 0.000130143737573928     1.00075945686108   0.0289361826941565    0.950025963587449    0.950025963587449
  0.0114144391031953 0.000130794456261783     1.00820190517685   0.0283869179806131    0.950025963587449    0.950025963587449
  0.0114715112987112   0.0001314484285431     1.02550425328891   0.0279208740548122     0.95002596358745     0.95002596358745
  0.0115288688552048 0.000132105670685817    0.950245527301119   0.0256002297624922    0.950025963587449    0.950025963587449
  0.0115865131994808 0.000132766199039236     1.01879447989455   0.0282059995799215    0.950025963587449     0.95002596358745
  0.0116444457654782 0.000133430030034437    0.944912255085653   0.0254244475614038    0.950025963587449    0.950025963587449
  0.0117026679943056 0.000134097180184586    0.969098143188764   0.0259268017186841    0.950025963587449    0.950025963587449
  0.0117611813342771  0.00013476766608552    0.894308602224566   0.0238101515526197    0.950025963587449    0.950025963587449
  0.0118199872409485 0.000135441504415966     1.03451835412653     0.02642567758241    0.950025963587449    0.950025963587449
  0.0118790871771533 0.000136118711938047    0.983885549049864   0.0248545369178614    0.950025963587449    0.950025963587449
   0.011938482613039 0.000136799305497707    0.967193711400474   0.0237485220519398     0.95002596358745    0.950025963587449
  0.0119981750261042 0.000137483302025223    0.965986112879419   0.0238722004524074     0.95002596358745    0.950025963587449
  0.0120581659012347 0.000138170718535329    0.961488813445246   0.0236448441534694     0.95002596358745     0.95002596358745
  0.0121184567307409 0.000138861572128025     1.01277874454922   0.0244053241504731     0.95002596358745     0.95002596358745
  0.0121790490143946 0.000139555879988662     1.02743384220628   0.0243653374332445     0.95002596358745    0.950025963587449
  0.0122399442594666  0.00014025365938862    0.939448566976152   0.0222355416125297     0.95002596358745    0.950025963587449
  0.0123011439807639 0.000140954927685563    0.952872705098502    0.022150623638495     0.95002596358745    0.950025963587449
  0.0123626497006677 0.000141659702323992    0.931926786122626   0.0216835705017559     0.95002596358745     0.95002596358745
  0.0124244629491711 0.000142368000835584     0.97601586824489   0.0219609935757604    0.950025963587449    0.950025963587449
  0.0124865852639169 0.000143079840839788     0.95317490104871   0.0216909010004536     0.95002596358745     0.95002596358745
  0.0125490181902365 0.000143795240043949    0.973647772082179   0.0220428612485082    0.950025963587449    0.950025963587449
  0.0126117632811877 0.000144514216244204    0.932511264134602   0.0205649219915231    0.950025963587449     0.95002596358745
  0.0126748220975936 0.000145236787325393    0.947588929989236   0.0212112504359319    0.950025963587449    0.950025963587449
  0.0127381962080816 0.000145962971262038    0.969013543268756   0.0208640838034723    0.950025963587449     0.95002596358745
   0.012801887189122 0.000146692786118344    0.946567295948426   0.0203198680668659    0.950025963587449    0.950025963587449
  0.0128658966250676 0.000147426250048917     0.92000050982069   0.0196301986355408    0.950025963587449    0.950025963587449
   0.012930226108193 0.000148163381299193    0.925192925061812   0.0194404843504901    0.950025963587449     0.95002596358745
  0.0129948772387339  0.00014890419820569     1.00473078500242   0.0209433477091452    0.950025963587449     0.95002596358745
  0.0130598516249276 0.000149648719196688    0.920725544380702   0.0190972327240903    0.950025963587449     0.95002596358745
  0.0131251508830522 0.000150396962792696    0.950600415105952   0.0198533816812426    0.950025963587449     0.95002596358745
  0.0131907766374675 0.000151148947606667    0.914029963059697   0.0186938807316636    0.950025963587449     0.95002596358745
  0.0132567305206548 0.000151904692344671    0.929607215275647    0.018704825558883    0.950025963587449    0.950025963587449
  0.0133230141732581 0.000152664215806412    0.993985674728185    0.019630936662322     0.95002596358745    0.950025963587449
  0.0133896292441244 0.000153427536885435    0.957862319687404   0.0188604854710724    0.950025963587449     0.95002596358745
   0.013456577390345 0.000154194674569851    0.975858484197458   0.0191391757729037    0.950017894371195    0.950015473606226
  0.0135238602772967 0.000154965647942718    0.920806427772689   0.0177242985919344    0.949955708981026     0.94993456565084
  0.0135914795786832  0.00015574047618242    0.921782954738926   0.0177960945656879    0.949668626521539    0.949560669068426
  0.0136594369765766 0.000156519178563355    0.895126501587772   0.0172148998606839     0.94861717668071    0.948189970667313
  0.0137277341614595 0.000157301774456178    0.902680064694284   0.0171194986003629    0.945444507958894    0.944049772873146
  0.0137963728322668  0.00015808828332845    0.861270348102409   0.0166946325921709    0.937493033038561    0.933659703159703
  0.0138653546964281 0.000158878724745096    0.809147619561288   0.0156623505205576    0.920841478160681    0.911861963165391
  0.0139346814699103  0.00015967311836879    0.786993271356534   0.0151638109077918    0.891518278168375     0.87337937273058
  0.0140043548772598 0.000160471483960637    0.827542559083303   0.0160361739135954    0.847769151451442    0.815760046264153
  0.0140743766516461 0.000161273841380467    0.781889505121008   0.0155602422489848    0.791950324251401     0.74187212288384
  0.0141447485349043 0.000162080210587346    0.746679494649305   0.0145935385532885     0.73029789103969    0.659674943635334
  0.0142154722775789 0.000162890611640297    0.653929870289979   0.0134327997598374    0.670362168876319    0.578958948417678
  0.0142865496389668 0.000163705064698514    0.632179123751424   0.0130148640138411    0.617894652729233    0.507330100130191
  0.0143579823871616 0.000164523590021996    0.600068213877185   0.0127618331485245    0.575262709851115     0.44811462630624
  0.0144297722990974 0.000165346207972102    0.577703529525618   0.0124309156753505     0.54191163235918    0.400883129625144
  0.0145019211605929 0.000166172939011975    0.527273663372887   0.0116519033843713    0.515854161232252    0.363313948717422
  0.0145744307663958 0.000167003803707006    0.495904016138077    0.011346973946032    0.494965344762598    0.332837556023929
  0.0146473029202278 0.000167838822725563    0.477459302820223   0.0109529271537561    0.477589117967492     0.30742142544979
   0.014720539434829 0.000168678016839193    0.434520182856209   0.0102575601816697    0.462616497628841    0.285687246526465
  0.0147941421320031 0.000169521406923397    0.466399416590713   0.0109074544676416    0.449335985927842    0.266735689454352
  0.0148681128426631 0.000170369013958004    0.428997971373452   0.0102427170430508    0.437285177548906    0.249968658759773
  0.0149424534068764 0.000171220859027771    0.405593536194282   0.0097105269221356    0.426156052384914    0.234975838682233
  0.0150171656739108  0.00017207696332293    0.379600932434022   0.0093128619681759    0.415732905482052    0.221459849953289
  0.0150922515022804 0.000172937348139533    0.371975816523025   0.0090570558938602    0.405857475566503    0.209194307759162
  0.0151677127597918 0.000173802034880255    0.375469415065327   0.0091115664903725    0.396410458355762    0.198001672951171
  0.0152435513235907  0.00017467104505465    0.370974183770552   0.0090396549288952    0.387300179615839    0.187739612151039
  0.0153197690802087 0.000175544400279915    0.354250812250498   0.0086518292729141    0.378455195865574    0.178292007122028
  0.0153963679256097 0.000176422122281316    0.344789357158939   0.0083624459194781    0.369819252093058    0.169562756094732
  0.0154733497652378 0.000177304232892696    0.335953097628904   0.0083612550012986    0.361347735709912    0.161471353984348
  0.0155507165140639 0.000178190754057197     0.34396417882842   0.0081247553699759    0.353005119719076    0.153949655784365
  0.0156284700966343 0.000179081707827473    0.325238219800932     0.00794945032199    0.344763080842451    0.146939453727122
  0.0157066124471174 0.000179977116366582    0.325072399480763   0.0080123338493448     0.33659909008626    0.140390629616531
   0.015785145509353  0.00018087700194845     0.31168814303656   0.0076281984732187    0.328495341061748    0.134259723092747
  0.0158640712368998 0.000181781386958174    0.309396253463586   0.0075286696152213    0.320437924121686    0.128508806615591
  0.0159433915930843 0.000182690293892951    0.296715277874975   0.0073352579522019    0.312416182133632    0.123104590506496
  0.0160231085510497  0.00018360374536242    0.302309451167744   0.0072798358209947    0.304422202212291    0.118017703148998
  0.0161032240938049 0.000184521764089257    0.280679891899958   0.0069292647644131    0.296450410339322    0.113222106333193
   0.016183740214274 0.000185444372909682    0.278560709765174   0.0068332992639341    0.288497244556953    0.108694616120477
  0.0162646589153453 0.000186371594774225    0.274056121171379   0.0068217802591669     0.28056088861269    0.104414506989347
  0.0163459822099221  0.00018730345274811    0.272995585265599   0.0067098755306277    0.272641052376938    0.100363182355217
  0.0164277121209717 0.000188239970011847    0.256554460906758   0.0064521126825996    0.264738788593286   0.0965238984637443
  0.0165098506815765 0.000189181169861911    0.263084564254567   0.0066703071741377    0.256856337909971   0.0928815315559276
  0.0165923999349844  0.00019012707571121    0.237631925588236   0.0060835945028047     0.24899699592801    0.089422380380905
  0.0166753619346593 0.000191077711089766    0.229049466300707   0.0059686016827415    0.241164997352975   0.0861339977853884
  0.0167587387443326 0.000192033099645223    0.234842616105069   0.0059535359178684    0.233365413373142   0.0830050463764656
  0.0168425324380543  0.00019299326514344     0.22676095500554   0.0059339286721664    0.225604059190284   0.0800251742359134
  0.0169267451002446 0.000193958231469172    0.210418021920987   0.0054899827010005    0.217887409260332   0.0771849074301564
  0.0170113788257458 0.000194928022626497    0.206382826001466    0.005438390339528    0.210222518303583   0.0744755566629242
  0.0170964357198745  0.00019590266273966    0.207518180729261   0.0054510942566692    0.202616946549546   0.0718891358956189
  0.0171819178984739 0.000196882176053333    0.209103749143975    0.005470354169995    0.195078688013255   0.0694182911419935
  0.0172678274879662 0.000197866586933631    0.182235063649471   0.0050327126293511    0.187616100875092    0.067056237950378
  0.0173541666254061  0.00019885591986828    0.181305943110397   0.0050032531220567    0.180237839267558   0.0647967063345875
  0.0174409374585331 0.000199850199467601    0.174872940288679   0.0048564897787303    0.172952785969754   0.0626338921163622
  0.0175281421458258 0.000200849450464968    0.168975748125397   0.0047539556038909    0.165769985679298    0.060562413806892
  0.0176157828565549 0.000201853697717282     0.15627203309128    0.004466885065963    0.158698578678887   0.0585772742906519
  0.0177038617708377  0.00020286296620586    0.145715129415954   0.0042522446516393    0.151747734842004   0.0566738266865268
  0.0177923810796918   0.0002038772810369    0.138335764966012   0.0041657382451836    0.144926588034017   0.0548477438541813
  0.0178813429850903 0.000204896667442081    0.136442310318862   0.0040687382128055    0.138244171060907   0.0530949910909215
  0.0179707497000158 0.000205921150779278    0.127417724632416    0.003893474095006     0.13170935140087   0.0514118016291657
  0.0180606034485158 0.000206950756533206    0.133959066964195   0.0040745545579597    0.125330768022938   0.0497946545989526
  0.0181509064657584 0.000207985510315839    0.111864920055311   0.0036451207792615    0.119116769653631   0.0482402551658981
  0.0182416609980872 0.000209025437867431    0.104550926005017   0.0034551823402686    0.113075354896459    0.046745516593863
  0.0183328693030776 0.000210070565056773    0.103994603832248   0.0035280037026931    0.107214114640125   0.0453075440145432
   0.018424533649593 0.000211120917882038   0.0928005830822926   0.0032865715877417    0.101540177210348    0.043923619714396
   0.018516656317841 0.000212176522471465   0.0913313762001997   0.0033519586870664   0.0960601567265272   0.0425911897733422
  0.0186092395994302 0.000213237405083822   0.0895434993944614     0.00336914604027   0.0907801051188871   0.0413078519103019
  0.0187022857974273 0.000214303592109257   0.0800951987297493   0.0029883766745159   0.0857054682446081   0.0400713444083887
  0.0187957972264145 0.000215375110069809   0.0785113562992232   0.0029260579759074   0.0808410465132675   0.0388795360078828
  0.0188897762125465 0.000216451985620127   0.0688513195091298   0.0027189485207413   0.0761909603936626   0.0377304166683535
  0.0189842250936093 0.000217534245548238   0.0643890281472629   0.0025392255817669   0.0717586211264997   0.0366220891127454
  0.0190791462190773 0.000218621916775966   0.0608614416701463   0.0024670353586448   0.0675467069123818   0.0355527610762933
  0.0191745419501727 0.000219715026359873   0.0566463980886396    0.002367868614282    0.063557144782269   0.0345207381917377
  0.0192704146599236 0.000220813601491677   0.0512547840617575   0.0022438936978072   0.0597910982910359        0.03352441745
  0.0193667667332232 0.000221917669499108   0.0470825393218359   0.0021331363903756     0.05624896110414   0.0325622811820562
  0.0194636005668893 0.000223027257846624   0.0457041309710036   0.0021128945685861   0.0529303564754957   0.0316328915136225
  0.0195609185697237 0.000224142394135839   0.0437136147703417   0.0020062557205021   0.0498341425424721   0.0307348852493886
  0.0196587231625724 0.000225263106106539   0.0413674838768659   0.0020108402578726    0.046958423293339   0.0298669691480438
  0.0197570167783852  0.00022638942163707   0.0356769946589512   0.0018223583323699   0.0443005649951103   0.0290279155533486
  0.0198558018622771 0.000227521368745265   0.0381407971360674    0.001890742361275   0.0418572178067712   0.0282165583500043
  0.0199550808715885  0.00022865897558896   0.0356537308731249   0.0018218728179504   0.0396243422459855   0.0274317892162409
  0.0200548562759465 0.000229802270466921   0.0313543654497854   0.0017605183424874   0.0375972401270968   0.0266725541477766
  0.0201551305573262 0.000230951281819236   0.0313630858245988   0.0017656972302221   0.0357705895459453   0.0259378502302962
  0.0202559062101128 0.000232106038228365   0.0278838858446343   0.0017304389049992   0.0341384834529609   0.0252267226397786
  0.0203571857411634  0.00023326656841949   0.0278291534392541   0.0015912932306267   0.0326944713307353   0.0245382618519787
  0.0204589716698692 0.000234432901261571    0.029510554211042   0.0016389290137512   0.0314316034758265   0.0238716010441047
  0.0205612665282185 0.000235605065767898   0.0262909386164944   0.0014590970972608   0.0303424773769003   0.0232259136733051
  0.0206640728608596  0.00023678309109673    0.026192673638472   0.0014813770350123   0.0294192856821342   0.0226004112179898
  0.0207673932251639 0.000237967006552229   0.0285291713176048    0.001512853651231   0.0286538652575403    0.021994341069265
  0.0208712301912897 0.000239156841584968   0.0269302231654784   0.0014742520419486   0.0280377468538987   0.0214069845608901
  0.0209755863422462 0.000240352625792909   0.0248358621884383   0.0014274236601945   0.0275622049225454   0.0208376551271961
  0.0210804642739574 0.000241554388921868   0.0261970711579956   0.0014379051448942   0.0272183071483708   0.0202856965793153
  0.0211858665953272 0.000242762160866497   0.0255833833082441   0.0014073999595603   0.0269969633011641   0.0197504814908999
  0.0212917959283038 0.000243975971670828   0.0260960398765756   0.0014121614142856   0.0268889730428666   0.0192314096852681
  0.0213982549079454 0.000245195851529172   0.0258181256868208   0.0014996263677651   0.0268850723673708   0.0187279068165766
  0.0215052461824851 0.000246421830786794   0.0279992836067002   0.0014701348657262   0.0269759783902806   0.0182394230382521
  0.0216127724133975 0.000247653939940722   0.0267766306893004    0.001448409181052   0.0271524322475856   0.0177654317524487
  0.0217208362754645 0.000248892209640467   0.0285800093466397   0.0014620908671297   0.0274052399036596   0.0173054284348265
  0.0218294404568418 0.000250136670688662   0.0271292108777031    0.001427794144753   0.0277253107095992   0.0168589295293897
   0.021938587659126 0.000251387354042081   0.0264516106945125    0.001375483039107   0.0281036935919933   0.0164254714085442
  0.0220482805974216 0.000252644290812314   0.0286726008050405   0.0014738984560387   0.0285316107891797   0.0160046093939205
  0.0221585220004087 0.000253907512266369   0.0311177230343105   0.0015172566714814   0.0290004890864387   0.0155959168338485
  0.0222693146104108 0.000255177049827686    0.031992069965108   0.0015154531535157   0.0295019885330144     0.01519898423369
  0.0223806611834628 0.000256452935076815   0.0299451300541928   0.0014514421078882   0.0300280286520713    0.014813418435526
  0.0224925644893802 0.000257735199752229    0.031544971030963   0.0015399676947882    0.030570812179529   0.0144388418439524
  0.0226050273118271 0.000259023875750998   0.0324390440176376   0.0014882560606514   0.0311228463890343   0.0140748916949962
  0.0227180524483862 0.000260318995129724   0.0306270564388014    0.001468427408246   0.0316769620781876   0.0137212193653637
  0.0228316427106281 0.000261620590105393   0.0320332174472836   0.0014853186235095   0.0322263303054988   0.0133774897194565
  0.0229458009241813 0.000262928693055924   0.0376858640617693   0.0016233984587085   0.0327644769786042    0.013043380491766
  0.0230605299288022 0.000264243336521189   0.0341613220697412   0.0015376448168134   0.0332852954021352   0.0127185817024309
  0.0231758325784462 0.000265564553203779   0.0337664143691039   0.0015207113737773    0.033783056898506   0.0124027951039017
  0.0232917117413384 0.000266892375969809   0.0345374618498572   0.0015350043663769   0.0342524196169993   0.0120957336567993
  0.0234081703000451 0.000268226837849682   0.0365768683844611   0.0015533463627152   0.0346884356461432   0.0117971210331914
  0.0235252111515453 0.000269567972038896   0.0374370453082749   0.0015948004242394   0.0350865565417175   0.0115066911456288
   0.023642837207303 0.000270915811899108   0.0348540008136314   0.0015347927910529   0.0354426373781036   0.0112241877004022
  0.0237610513933395 0.000272270390958599   0.0381762605647271   0.0015898915415026   0.0357529394243499    0.010949363773581
  0.0238798566503062 0.000273631742913376   0.0365336957328565    0.001558885897781   0.0360141315385462   0.0106819814084959
  0.0239992559335578 0.000274999901627941   0.0365212001368943   0.0015585921623386   0.0362232903651501   0.0104218112334138
  0.0241192522132255 0.000276374901136093   0.0384851925334615   0.0015843848357666   0.0363778994100425   0.0101686320982383
  0.0242398484742917 0.000277756775641783   0.0362623903690688   0.0015357059796586   0.0364758470575692  0.00992223072914247
  0.0243610477166631     0.00027914555952    0.038371358097676   0.0016149285485853   0.0365154235828794  0.00968240140012002
  0.0244828529552464  0.00028054128731758    0.036579663250474   0.0016196083872592   0.0364953172017604  0.00944894562049229
  0.0246052672200227 0.000281943993754183   0.0346017373830542   0.0015914553496778   0.0364146091890799  0.00922167183748656
  0.0247282935561228  0.00028335371372293   0.0383160947651596   0.0016671596646921   0.0362727680861382  0.00900039515304449
  0.0248519350239034  0.00028477048229155   0.0390624320900006   0.0016650876598397   0.0360696430068755  0.00878493705407776
  0.0249761946990229 0.000286194334703015   0.0329675147164133   0.0015159363169881   0.0358054560432001  0.00857512515543853
   0.025101075672518 0.000287625306376518    0.031678352554272   0.0014693154210012   0.0354807937608717  0.00837079295491353
  0.0252265810508806 0.000289063432908408   0.0333496999882012   0.0014778187020849   0.0350965977695877  0.00817177959959612
   0.025352713956135 0.000290508750072951   0.0368983795509479   0.0015431284840721   0.0346541543443408    0.007977929663029
  0.0254794775259157 0.000291961293823312   0.0321584145815637   0.0014408247095381   0.0341550830699106  0.00778909293254669
  0.0256068749135453 0.000293421100292442   0.0328607630400858   0.0014511831966712   0.0336013244766756  0.00760512420628244
   0.025734909288113 0.000294888205793885   0.0323879744506602   0.0014294023700434   0.0329951266339127  0.00742588309933441
  0.0258635838345535 0.000296362646822888   0.0300298694689404   0.0013579702449354   0.0323390306665183  0.00725123385861714
  0.0259929017537263 0.000297844460056985   0.0301429965517628   0.0013625871905682   0.0316358551627445  0.00708104518595181
  0.0261228662624949 0.000299333682357282   0.0288168337418522   0.0013318485716918   0.0308886794441671  0.00691519006897526
  0.0262534805938074 0.000300830350769045   0.0291655706449044     0.00131719114186   0.0301008256747422  0.00675354561946959
  0.0263847479967764 0.000302334502522887   0.0266632044440416   0.0012730695038503   0.0292758397935247   0.0065959929187418
  0.0265166717367603 0.000303846175035499   0.0255133368792908   0.0012075309658984    0.028417471265338  0.00644241686969836
  0.0266492550954441 0.000305365405910701   0.0232293169575958   0.0011621826806944   0.0275296516554413  0.00629270605528498
  0.0267825013709213 0.000306892232940255    0.024310611434235   0.0011900249686492   0.0266164720478605  0.00614675260297601
  0.0269164138777759 0.000308426694104968   0.0223786502986309   0.0011445870740096   0.0256821593424823  0.00600445205501855
  0.0270509959471648 0.000309968827575456   0.0225533993706596   0.0011318612355977   0.0247310514830111  0.00586570324415124
  0.0271862509269006 0.000311518671713333   0.0199410281930266    0.001059811637865   0.0237675716862699   0.0057304081745334
  0.0273221821815351 0.000313076265071932   0.0199297125155363   0.0010410155681875   0.0227962017627904  0.00559847190763444
  0.0274587930924428 0.000314641646397282   0.0183501871306196   0.0009978560841748   0.0218214546388728  0.00546980245284775
   0.027596087057905 0.000316214854629257   0.0166771788862872   0.0009608701018204   0.0208478462109168  0.00534431066260513
  0.0277340674931945  0.00031779592890242   0.0186857883716207   0.0009946058346374   0.0198798666834309  0.00522191013177997
  0.0278727378306605 0.000319384908546921   0.0150271669215813   0.0009143082249826   0.0189219515622838  0.00510251710117927
  0.0280121015198138 0.000320981833089639   0.0159799871408861   0.0009243770967462   0.0179784524939689  0.00498605036493464
  0.0280121015198138 0.000329826256314777   0.0191652319644726   0.0007010589190372   0.0179816905650922  0.00498653249989129
  0.0281521620274129 0.000331475387596348   0.0187008748005709   0.0006725268629135   0.0170574309272409   0.0048729005482155
  0.0281521620274129 0.000322586742255117    0.013621427239352    0.000845716568932   0.0170536081594536  0.00487243118161189
  0.0282929228375499 0.000324199675966369   0.0146528930472061    0.000890676917164   0.0161515154470836  0.00476158318886975
  0.0282929228375499 0.000333132764534352   0.0172175633732144    0.000640959612968   0.0161558959831812  0.00476204016579612
  0.0284343874517377   0.0003258206743462   0.0137882691914643   0.0008575378560334   0.0152761011425075  0.00465343232150478
  0.0284343874517377 0.000334798428357028   0.0156658643111086   0.0005921494426602   0.0152810086140131  0.00465387727463902
  0.0285765593889964 0.000336472420498811   0.0164445299690012   0.0006245670990271   0.0144364942165306  0.00454834001566267
  0.0285765593889964 0.000327449777717962   0.0127229521435541   0.0008012176183477   0.0144310943842624  0.00454790673273104
  0.0287194421859414 0.000329087026606539    0.011513653240638   0.0007802884188839   0.0136200001410331  0.00444493671854671
  0.0287194421859414 0.000338154782601274   0.0151375762766102   0.0005888982376428   0.0136258542176054  0.00444535867304301
  0.0288630393968711  0.00033984555651431   0.0138369705397898   0.0005457768229392   0.0128523408698937  0.00434486560151014
  0.0288630393968711 0.000330732461739575   0.0112189487811699   0.0007497401740662   0.0128460739703857  0.00434445464505177
  0.0290073545938554  0.00033238612404828   0.0098735603731724   0.0007184017681106   0.0121122983185809  0.00424639487858406
  0.0290073545938554 0.000341544784296858    0.012931244595729   0.0005294243143969   0.0121189335878692  0.00424679515646483
  0.0291523913668247 0.000343252508218344   0.0115126603716538   0.0004867809919793   0.0114283170788486  0.00415108362679038
  0.0291523913668247 0.000334048054668493   0.0095699634032491   0.0007070102481408   0.0114213606167529  0.00415069371855011
  0.0292981533236588 0.000335718294941868   0.0090080769014679   0.0006628118421808   0.0107756334201138  0.00405728933283217
  0.0292981533236588 0.000344968770759448   0.0120044676365579   0.0005043685145335   0.0107828615150423  0.00405766917024191
  0.0294446440902771 0.000346693614613248   0.0094773574003928    0.000428138361393   0.0101846049797229  0.00396649175129969
  0.0294446440902771  0.00033739688641656   0.0104042209637018   0.0007445301533481    0.010177156823884  0.00396612169565856
  0.0295918673107285 0.000348427082686284    0.010405889931993   0.0004568170833358  0.00963523840342811  0.00387749308138048
  0.0295918673107285 0.000339083870848662   0.0083485395252476   0.0006737393332166  0.00962762337245425  0.00387713252783124
  0.0297398266472821 0.000340779290202887   0.0084533366519318   0.0006618054157967  0.00912836565697935  0.00379026523920813
  0.0297398266472821 0.000350169218099745   0.0092594615087323   0.0004200220991353  0.00913609318485906  0.00379061656130457
  0.0298885257805185 0.000351920064190234   0.0087326281457233   0.0004170675290323  0.00868813166610078  0.00370580722592175
  0.0298885257805185 0.000342483186653885   0.0081516340438697   0.0006389586398914  0.00868034677151801  0.00370546487334384
  0.0300379684094211 0.000344195602587176   0.0063612108040831   0.0006195476641708  0.00828415376931619  0.00362267805419687
  0.0300379684094211 0.000353679664511168   0.0075735233935289   0.0003617217436243  0.00829194060334915  0.00362301169080466
  0.0301881582514682 0.000355448062833758    0.008157231228405   0.0003803028532633  0.00794772774294302  0.00354217810092109
  0.0301881582514682 0.000345916580600085   0.0075925333523844   0.0006064818524002   0.0079399942293671  0.00354185293481529
  0.0303390990427256   0.0003476461635031   0.0076161564704442    0.000593822516576  0.00764769600952729  0.00346293914791761
  0.0303390990427256 0.000357225303147898    0.007134922621231   0.0003443777546395  0.00765532157873834  0.00346325608120221
  0.0304907945379392 0.000359011429663652   0.0079384524623032   0.0003633190789939  0.00741417433132565  0.00338619668892741
  0.0304907945379392 0.000349384394320637   0.0066753918995817   0.0005730435066839  0.00740671022683355  0.00338588775828966
  0.0306432485106289 0.000351131316292229   0.0070546319710249    0.000575089719373  0.00721611746891839  0.00331065121692101
  0.0306432485106289 0.000360806486811974   0.0077036004411202   0.0003705020324848  0.00722336815294317  0.00331095236784918
   0.030796464753182  0.00036261051924603   0.0069512548830327   0.0003394240538964  0.00708162452488328  0.00323747690398699
   0.030796464753182 0.000352886972873673    0.008027248162045   0.0006023509247781  0.00707463720326231  0.00323718331680983
  0.0309504470769479 0.000354651407738047   0.0070217598257713   0.0005836227429473  0.00698064031413052   0.0031654391503663
  0.0309504470769479 0.000364423571842251    0.006531425771842   0.0003181286703905  0.00698731677739776  0.00316572538302022
  0.0311051993123327 0.000366245689701486   0.0068632490229271   0.0003336327451588  0.00693848562628831   0.0030956541492154
  0.0311051993123327  0.00035642466477673   0.0066001668578706   0.0005568617884032  0.00693216466112832  0.00309537506834984
  0.0312607253088943 0.000358206788100637   0.0069111235635909   0.0005652306651366  0.00692693351900319  0.00302694864027719
  0.0312607253088943 0.000368076918149979   0.0068231119921224    0.000329023405729  0.00693285758614863  0.00302722076582474
  0.0314170289354388 0.000369917302740722   0.0065739665319768   0.0003141308832168  0.00696786608821243  0.00296038397689595
  0.0314170289354388 0.000359997822041147   0.0072435568193069   0.0005822655703966  0.00696237672623272  0.00296011861624131
   0.031574114080116 0.000361797811151338   0.0060772682607495   0.0005451233372685  0.00703565434058814  0.00289484489008518
   0.031574114080116 0.000371766889254437   0.0069285015088247   0.0003125738819394  0.00704067510147374  0.00289510367043731
  0.0317319846505165 0.000373625723700722   0.0066502485851169   0.0003060019019932   0.0071482050296283  0.00283134084288249
  0.0317319846505165 0.000363606800207091   0.0073535729964944   0.0005883965464669  0.00714368257369456  0.00283108846387492
  0.0318906445737691  0.00036542483420811   0.0069360294038082   0.0005628804621259  0.00728316175397252  0.00276881141362099
  0.0318906445737691 0.000375493852319193   0.0072855282338448   0.0003188179551939  0.00728716063378159  0.00276905756480377
   0.032050097796638 0.000377371321580807   0.0075078236393261   0.0003178993761162  0.00745406071202502  0.00270821694782426
   0.032050097796638 0.000367251958379151   0.0087627282573394   0.0006325467819531  0.00745060604848245  0.00270797685619791
  0.0322103482856212 0.000369088218171083   0.0078728185864791   0.0006113557642005  0.00764237465924972  0.00264854891741477
  0.0322103482856212 0.000379258178188705   0.0075519279232267   0.0003161897716586  0.00764526925204174  0.00264878311268106
  0.0323714000270493  0.00038115446907966    0.007834973480068    0.000316168900507  0.00785702776190109  0.00259072115839455
  0.0323714000270493 0.000370933659261911   0.0087463169005897   0.0006339924895092   0.0078547041986562   0.0025904927011914
  0.0325332570271845 0.000372788327558217   0.0090193305534985    0.000640446073558  0.00808374194138454  0.00253377425979714
  0.0325332570271845 0.000383060241425053   0.0076976561252749     0.00030298863857   0.0080854884770764  0.00253399713250048
  0.0326959233123204 0.000384975542632187    0.008470179811177   0.0003241180075438  0.00832674813832686  0.00247857800230331
  0.0326959233123204 0.000374652269196008   0.0088689777735182   0.0006195620517582  0.00832557964704222   0.0024783605651105
   0.032859402928882 0.000376525530541996   0.0086357402643618    0.000650438913523  0.00857628764773855  0.00242421948086049
   0.032859402928882  0.00038690042034535   0.0093294954320649   0.0003418114097652  0.00857688203518432  0.00242443162711146
  0.0330236999435264 0.000388834922447049   0.0077701457508835   0.0002970578487772  0.00883197801309006   0.0023715267314164
  0.0330236999435264 0.000378408158194692   0.0093501656718081   0.0006391695804664   0.0088319488982438  0.00237131973581153
  0.0331888184432441 0.000390779097059278   0.0089796053574275   0.0003199089982784  0.00908817014838282  0.00231983287897942
  0.0331888184432441  0.00038030019898569   0.0083763860724174   0.0006648959199606   0.0090886926925737  0.00231963089785577
  0.0333547625354603 0.000392732992544586   0.0091774247355879   0.0003203380735767  0.00934167180396972  0.00226932044779168
  0.0333547625354603 0.000382201699980594   0.0105454353325072   0.0006748166234242  0.00934272775953208  0.00226912334897852
  0.0335215363481376 0.000394696657507304   0.0101208061400424   0.0003349323718464   0.0095888077892224  0.00221996060587383
  0.0335215363481376  0.00038411270848051   0.0104931192378802   0.0006934977417726  0.00959037446051491  0.00221976826106295
  0.0336891440298783 0.000396670140794862   0.0098204278688813   0.0003220070283545  0.00982604536002228  0.00217172528788417
  0.0336891440298783  0.00038603327202293   0.0096222497773405   0.0006426945862559  0.00982809582531742   0.0021715375725031
  0.0338575897500276 0.000398653491498811   0.0103908317815513   0.0003342965886051   0.0100500238085682  0.00212458717250431
  0.0338575897500276 0.000387963438383015   0.0092663314903354   0.0006898805913908   0.0100525271754276  0.00212440396559431
  0.0340268776987778 0.000400646758956306   0.0100931338304682   0.0003196543217052   0.0102575824071882  0.00207851966057346
  0.0340268776987778 0.000389903255574947    0.010226694792132   0.0006793622945406   0.0102605040989638  0.00207834084467192
  0.0341970120872717 0.000391852771852824   0.0093808985912749   0.0006768872454481   0.0104490885567216  0.00203332231497093
  0.0341970120872717 0.000402649992751083   0.0102051959045825   0.0003172139040745   0.0104457864856674  0.00203349685394372
   0.034367997147708 0.000393812035712102   0.0101259104983415   0.0006832859001497   0.0106155929144856  0.00198932316217906
   0.034367997147708 0.000404663242714862   0.0108902790628639   0.0003277386839212   0.0106119514372647  0.00198949353502902
  0.0345398371334466 0.000395781095890658   0.0115004398990206   0.0007139796268755   0.0107576017126306  0.00194631883265818
  0.0345398371334466  0.00040668655892845   0.0115703579640558   0.0003332715188944   0.0107536644644439  0.00194648514702263
  0.0347125363191138 0.000408719991723057   0.0112806573103667   0.0003268750165884   0.0108688038912747  0.00190444777475857
  0.0347125363191138 0.000397760001370106   0.0114186511150556   0.0007512269190086   0.0108729909999769  0.00190428541430957
  0.0348860990007094 0.000399748801376943   0.0097978543512652   0.0006959358582251   0.0109599450748154  0.00186319961805896
  0.0348860990007094 0.000410763591681699   0.0106657873036995   0.0003105633691399   0.0109555558854138  0.00186335812619303
  0.0350605294957129 0.000412817409640085   0.0110616547642441   0.0003159133888405    0.011012428448571  0.00182319351448379
  0.0350605294957129 0.000401747545383822   0.0119489704510538   0.0007860034758213    0.011016970492001  0.00182303875993946
  0.0352358321431915 0.000403756283110743   0.0101160036105736   0.0007013548068855   0.0110429072111173  0.00178378074375003
  0.0352358321431915  0.00041488149668828   0.0113040431627636   0.0003152387593902   0.0110382625504914  0.00178393184064535
  0.0354120113039074  0.00041695590417172   0.0115455575948098   0.0003201996768143   0.0110322402978846  0.00174555157675965
  0.0354120113039074 0.000405775064526327   0.0116173730274634   0.0007263187189473   0.0110369367770879  0.00174540404426944
  0.0355890713604269 0.000419040683692611    0.011172428017883   0.0003074131799544   0.0109938900466107  0.00170803174972169
  0.0357670167172291  0.00042113588711104    0.010724062071275   0.0002967815848456   0.0109230883830227  0.00167135192550159
  0.0359458518008152 0.000423241566546624   0.0116184477330353    0.000309082860044   0.0108200589189452  0.00163549219390444
  0.0361255810598193 0.000425357774379363   0.0110775417906354   0.0002974118812879   0.0106853678646058  0.00160043315380995
  0.0363062089651184 0.000427484563251253   0.0112369557415511   0.0003029495926747   0.0105199163652089  0.00156615589887571
   0.036487740009944 0.000429621986067516   0.0105475000638206   0.0002858910243431   0.0103249296100002  0.00153264200368707
  0.0366701787099937 0.000431770095997834   0.0104759318056121   0.0002834314402532   0.0101019427478167  0.00149987351033838
  0.0368535296035436 0.000433928946477834   0.0100301741106611   0.0002730261073129  0.00985278367038782  0.00146783291543046
  0.0370377972515614 0.000436098591210234   0.0099882960487107   0.0002708232087983  0.00957955275412511  0.00143650315746991
  0.0372229862378192 0.000438279084166284   0.0098458454783276   0.0002701966275465  0.00928459968275472  0.00140586760465635
  0.0374091011690083 0.000440470479587091   0.0093974811093055   0.0002597249899917  0.00897049750676669  0.00137591004304412
  0.0375961466748533 0.000442672831985053   0.0090709534433843   0.0002510269782475  0.00864001413101244  0.00134661466506587
  0.0377841274082275 0.000444886196144968   0.0085379580841577   0.0002405445237361  0.00829608145844777  0.00131796605840547
  0.0379730480452687  0.00044711062712569   0.0087749323788219   0.0002426413420571  0.00794176245547552  0.00128994919520843
   0.038162913285495 0.000449346180261316   0.0079327968949741   0.0002219306306745  0.00758021644190317  0.00126254942161856
  0.0383537278519225 0.000451592911162633   0.0075543798102644   0.0002163709291287   0.0072146629453992  0.00123575244762953
  0.0385454964911821 0.000453850875718429   0.0070379741861724   0.0002087179596205  0.00684834449562407  0.00120954433724119
   0.038738223973638 0.000456120130097028   0.0070032041259031   0.0002069228936195  0.00648448876590679  0.00118391149891005
  0.0389319150935062 0.000458400730747516    0.006745973993886   0.0002038507571137  0.00612627049942744  0.00115884067628447
  0.0391265746689737 0.000460692734401231   0.0060027033207371   0.0001884760095392   0.0057767736812514  0.00113431893921485
  0.0393222075423186 0.000462996198073248   0.0060366463074287   0.0001857304405528  0.00543895443620599  0.00111033367502991
  0.0395188185800302 0.000465311179063609   0.0052984490303259   0.0001707867473677  0.00511560514449359  0.00108687258007023
  0.0397164126729303 0.000467637734958938   0.0047883513265629   0.0001615481360336  0.00480932027119344  0.00106392365147055
   0.039914994736295 0.000469975923633716   0.0049383628996069   0.0001661377393667  0.00452246440167395  0.00104147517918287
  0.0401145697099764  0.00047232580325189   0.0042273155970715    0.000149804310216   0.0042571429618373  0.00101951573823239
  0.0403151425585263 0.000474687432268153   0.0042228731365503   0.0001483176849355  0.00401517607969283 0.000998034181198707
  0.0405167182713189 0.000477060869429512   0.0040345552577226   0.0001449670386999  0.00379807601291339 0.000977019630915207
  0.0407193018626755 0.000479446173776645   0.0036960717164725    0.000135311960064   0.0036070285259017 0.000956461473379309
  0.0409228983719889  0.00048184340464552   0.0036505645519236    0.000135054724331  0.00344287854994607 0.000936349350867126
  0.0411275128638489 0.000484252621668747   0.0032011034931485   0.0001241600775705  0.00330612040195939 0.000916673155245785
  0.0413331504281681 0.000486673884777113   0.0032064834056333   0.0001230376155049  0.00319689277205832 0.000897423021477255
  0.0415398161803089 0.000489107254200977   0.0031628822140159   0.0001221428122083  0.00311497861904333 0.000878589321307484
  0.0417475152612105 0.000491552790471975   0.0032158293489559   0.0001213704703341  0.00305981003709311  0.00086016265713514
  0.0419562528375165 0.000494010554424331   0.0030997291044976   0.0001184471436209  0.00303047807823881 0.000842133856054217
  0.0421660341017041 0.000496480607196476   0.0030600003024103   0.0001170878659811  0.00302574743509723 0.000824493964064992
  0.0423768642722126 0.000498963010232442   0.0029794022270275   0.0001137369798142  0.00304407580861699 0.000807234240448243
  0.0425887485935737 0.000501457825283609   0.0029338028208495   0.0001119916260102  0.00308363770791989 0.000790346152297462
  0.0428016923365415 0.000503965114410021   0.0029969525388116   0.0001134211335669  0.00314235235532437  0.00077382136920431
  0.0430157007982242 0.000506484939982081   0.0031774373680454   0.0001157183399788  0.00321791530082447 0.000757651758092422
  0.0432307793022154 0.000509017364681996   0.0033385561171178   0.0001174379419325  0.00330783328800325  0.00074182937819517
  0.0434469331987264 0.000511562451505393   0.0033004278599855   0.0001154165921244  0.00340946185873052 0.000726346476172816
    0.04366416786472  0.00051412026376293    0.003254538890988   0.0001118708381064  0.00352004513794793 0.000711195481364798
  0.0438824887040437 0.000516690865081741   0.0036466317973787   0.0001194897102272  0.00363675720306337 0.000696369001173153
  0.0441019011475639 0.000519274319407176   0.0037135138001372   0.0001183006862768  0.00375674441541542 0.000681859816572976
  0.0443224106533017 0.000521870691004204   0.0037455740133479   0.0001179688838914  0.00387716807414538 0.000667660877746029
  0.0445440227065682 0.000524480044459193   0.0038924429618044   0.0001190572395811  0.00399524674564842 0.000653765299833934
   0.044766742820101 0.000527102444681529    0.004052169132114   0.0001220453840407  0.00410829762441086  0.00064016635880722
  0.0449905765342015 0.000529737956904926   0.0043007607405923    0.000124713653774  0.00421377629316814 0.000626857487446777
  0.0452155294168725 0.000532386646689427   0.0042220321286227   0.0001211894429761   0.0043093142715259 0.000613832271434401
  0.0454416070639569 0.000535048579922887   0.0043576396913975   0.0001225806577703  0.00439275377198888 0.000601084445549112
  0.0456688150992767 0.000537723822822505   0.0045956300650502    0.000124726930461  0.00446217912020762 0.000588607889966154
   0.045897159174773 0.000540412441936603   0.0044558077705978   0.0001212304009265  0.00451594434164083  0.00057639662665561
  0.0461266449706469 0.000543114504146285   0.0048112097785212   0.0001267209997629  0.00455269646920467 0.000564444815877672
  0.0463572781955001 0.000545830076667049   0.0047914368987791   0.0001256171808551  0.00457139418531906 0.000552746752771802
  0.0465890645864776 0.000548559227050361   0.0046245803278039   0.0001204959545362  0.00457132147656728 0.000541296864036902
    0.04682200990941 0.000551302023185605   0.0044926643794783   0.0001172135020098  0.00455209604946352 0.000530089704699955
   0.047056119958957 0.000554058533301529   0.0044935751071853     0.00011661438992  0.00451367233108013 0.000519119954970474
  0.0472914005587518 0.000556828825968068   0.0044864827866178   0.0001168216216557  0.00445633895798481 0.000508382417178284
  0.0475278575615456 0.000559612970097877   0.0043845537099549   0.0001141309547201  0.00438071074048272 0.000497872012792269
  0.0477654968493533 0.000562411034948365   0.0042291790151448   0.0001120389278096  0.00428771517584707 0.000487583779517672
  0.0480043243336001 0.000565223090123142   0.0041174334398368   0.0001095218918888  0.00417857367321809 0.000477512868469709
  0.0482443459552681 0.000568049205573758   0.0040574712303362   0.0001067840645828  0.00405477774314627 0.000467654541421356
  0.0484855676850444 0.000570889451601614   0.0040176604869636   0.0001076017794136  0.00391806049514541 0.000458004168123104
  0.0487279955234696 0.000573743898859618   0.0038043317911825   0.0001029674176913  0.00377036387569083 0.000448557223692675
   0.048971635501087 0.000576612618353928   0.0036473980424823    9.96356761252e-05  0.00361380216521194 0.000439309286072705
  0.0492164936785924  0.00057949568144569   0.0034426059144217    9.84330003171e-05  0.00345062233395434  0.00043025603355446
  0.0494625761469853 0.000582393159852909   0.0033115914150196    9.99378590284e-05  0.00328316193111687 0.000421393242365684
  0.0497098890277203 0.000585305125652187   0.0030185776750168    9.40564571148e-05  0.00311380524727987 0.000412716784320824
  0.0499584384728589 0.000588231651280425   0.0030378124397289    8.84397117006e-05  0.00294493854464414 0.000404222624531853
  0.0502082306652232 0.000591172809536858   0.0028727154530138    8.51675762525e-05   0.0027789051908456 0.000395906819177954
  0.0504592718185493 0.000594128673584544   0.0027274524886253    8.20922988788e-05  0.00261796155807136 0.000387765513332478
   0.050711568177642 0.000597099316952442   0.0023902915619022    7.63568214307e-05  0.00246423455806798 0.000379794938845538
  0.0509651260185302 0.000600084813537198   0.0023325599868238    7.59033635654e-05   0.0023196816739448 0.000371991412280695
  0.0512199516486228 0.000603085237604883   0.0021548285872766     7.1630040739e-05  0.00218605432039291 0.000364351332904259
   0.051476051406866 0.000606100663792909    0.002069547406088    6.97872308117e-05  0.00206486531456169 0.000356871180725703
  0.0517334316639003  0.00060913116711189   0.0020036293488502    6.90260009087e-05  0.00195736117045024 0.000349547514587838
  0.0519920988222198 0.000612176822947431   0.0018788141770761    6.60562372253e-05  0.00186449984101601 0.000342376970305305
  0.0522520593163309 0.000615237707062166   0.0017399164107743    6.32843836919e-05  0.00178693442569069 0.000335356258850139
  0.0525133196129125 0.000618313895597495   0.0018288413802178    6.42691619862e-05  0.00172500323867572 0.000328482164583053
  0.0527758862109771 0.000621405465075456   0.0017231761593116    6.24963239523e-05  0.00167872649794835 0.000321751543529214
   0.053039765642032 0.000624512492400849   0.0017396390444866    6.20167306927e-05  0.00164780974954698 0.000315161321697315
  0.0533049644702421 0.000627635054862845   0.0016629012902517    6.19284484904e-05  0.00163165399006179 0.000308708493440738
  0.0535714892925933 0.000630773230137155   0.0015614815920369    5.98917209857e-05  0.00162937229628049 0.000302390119859681
  0.0538393467390563 0.000633927096287856   0.0017045793807729    6.45776990428e-05  0.00163981261873378  0.00029620332724315
  0.0541085434727516 0.000637096731769299   0.0016305954673711    6.12235692365e-05  0.00166158624957458 0.000290145305549732
  0.0543790861901153 0.000640282215428153    0.001584110425608    5.73278649457e-05  0.00169310133879644 0.000284213306926091
  0.0546509816210659 0.000643483626505265   0.0018693014520027    6.18283641458e-05  0.00173260070996565 0.000278404644262207
  0.0549242365291712 0.000646701044637792   0.0016397917632833    5.74587352552e-05  0.00177820312073135 0.000272716689782351
  0.0551988577118171 0.000649934549861019   0.0018156071945914     5.9259390685e-05  0.00182794702722085 0.000267146873670846
  0.0554748520003761 0.000653184222610318   0.0019095813036513    6.11125435049e-05  0.00187983584729077 0.000261692682731698
   0.055752226260378 0.000656450143723355   0.0019718320628684    6.14236583629e-05  0.00193188367715064 0.000256351659081173
  0.0560309873916799 0.000659732394441953   0.0019367579667518     6.1142568968e-05  0.00198216040013763 0.000251121398872487
  0.0563111423286383 0.000663031056414183   0.0021602993292395    6.45367520231e-05  0.00202883513582038 0.000245999551051716
  0.0565926980402815 0.000666346211696263   0.0020710828675854    6.30365589234e-05   0.0020702170119667 0.000240983816144131
  0.0568756615304829 0.000669677942754735   0.0021068499074159     6.4164592294e-05  0.00210479230050024 0.000236071945070146
  0.0571600398381353 0.000673026332468493   0.0020804003573673      6.332026115e-05  0.00213125704016106  0.00023126173799011
  0.0574458400373259  0.00067639146413087   0.0021969933702935    6.45541752619e-05  0.00214854437148468 0.000226551043177179
  0.0577330692375126 0.000679773421451507   0.0022361817308761    6.51657602945e-05  0.00215584593182789 0.000221937755917528
  0.0580217345837001 0.000683172288558769   0.0021517208047259    6.34939416492e-05  0.00215262679702744 0.000217419817437225
  0.0583118432566186 0.000686588150001571   0.0022231791393387    6.37272618791e-05  0.00213863360907661 0.000212995213855019
  0.0586034024729017  0.00069002109075155   0.0021077708856202    6.18101813806e-05  0.00211389569282476 0.000208661975160418
  0.0588964194852662 0.000693471196205308   0.0020876381357914    6.16501849714e-05  0.00207871913573621 0.000204418174216377
  0.0591909015826925 0.000696938552186369   0.0020442880095335     6.0630582353e-05  0.00203367397949946 0.000200261925785967
   0.059486856090606 0.000700423244947261   0.0018965124738537    5.76697233863e-05  0.00197957484681983 0.000196191385582406
   0.059784290371059 0.000703925361172017   0.0019424987871138    5.89608331592e-05  0.00191745549690458 0.000192204749341853
  0.0600832118229143 0.000707444987977877   0.0019373036327084    5.88799834645e-05   0.0018485379646421 0.000188300251918372
  0.0603836278820289 0.000710982212917749   0.0017726859959025    5.63122703207e-05  0.00177419708688075  0.00018447616640052
   0.060685546021439 0.000714537123982335   0.0017602558016739    5.49361560049e-05  0.00169592135013126 0.000180730803248979
  0.0609889737515462 0.000718109809602251   0.0016636594787516    5.36886519853e-05  0.00161527110319223 0.000177062509454711
  0.0612939186203039 0.000721700358650276   0.0015363383263311    5.12935103515e-05  0.00153383526166147 0.000173469667717117
  0.0616003882134054 0.000725308860443524   0.0015208132902478    5.06166372332e-05  0.00145318768553504  0.00016995069564168
  0.0619083901544725 0.000728935404745732   0.0013055765244762    4.71548179561e-05  0.00137484443324146  0.00016650404495661
  0.0622179321052448 0.000732580081769469   0.0012704342093125    4.67206561625e-05  0.00130022308345893 0.000163128200748006
   0.062529021765771 0.000736242982178344   0.0012695849731241    4.69050677571e-05  0.00123060526885506 0.000159821680713054
  0.0628416668745999 0.000739924197089214   0.0013200832564216     4.7401383261e-05  0.00116710348353716  0.00015658303443084
  0.0631558752089729  0.00074362381807465   0.0010801079581596    4.23899980555e-05  0.00111063310979113 0.000153410842650306
  0.0634716545850177 0.000747341937165053   0.0010667853103933     4.2280692587e-05  0.00106189046218283 0.000150303716594926
  0.0637890128579428  0.00075107864685087    0.000954512297553    3.97460121548e-05  0.00102133747210974 0.000147260297283687
  0.0641079579222325 0.000754834040085096    0.001045488875914    4.19956025108e-05 0.000989193438414458 0.000144279254867977
  0.0644284977118437  0.00075860821028552    0.000922696145325    3.96757011895e-05 0.000965434055722474 0.000141359287983958
  0.0647506402004029 0.000762401251336985   0.0009215788172687    3.92288347997e-05 0.000949797708584197 0.000138499123120068
  0.0650743934014049 0.000766213257593631    0.000985008006946    4.14126247816e-05 0.000941798793686866 0.000135697513999256
  0.0653997653684119 0.000770044323881614   0.0010002035115183    4.29141727052e-05 0.000940747612029544  0.00013295324097559
   0.065726764195254 0.000773894545501019   0.0008499967455782     3.9671192308e-05 0.000945776165653308 0.000130265110444892
  0.0660553980162302 0.000777764018228535   0.0009370494787049    4.13063040227e-05 0.000955869006563893 0.000127631954269039
  0.0663856750063114  0.00078165283831966   0.0008826667556511    3.99027109075e-05 0.000969898125494711 0.000125052629213599
  0.0667176033813429 0.000785561102511253   0.0009314490933721    4.00659040713e-05 0.000986660740835774 0.000122526016398489
  0.0670511913982496 0.000789488908023822   0.0010438183797758     4.2190802301e-05  0.00100491875796059 0.000120051020761298
  0.0673864473552409 0.000793436352563949    0.000955659942802    3.96714338959e-05   0.0010234386195748 0.000117626570533012
  0.0677233795920171 0.000797403534326752   0.0010557799374321    4.16174276362e-05  0.00104103026043178 0.000115251616725802
  0.0680619964899772 0.000801390551998386   0.0010611610739708    4.11609510682e-05  0.00105658391519331 0.000112925132632595
   0.068402306472427 0.000805397504758386   0.0010387097755701    4.07495474176e-05  0.00106910360528313 0.000110646113338135
  0.0687443180047892 0.000809424492282166   0.0010379555623271    4.08624446141e-05  0.00107773624681447 0.000108413575241264
  0.0690880395948131 0.000813471614743609   0.0011069041405388     4.1763226036e-05  0.00108179547328849 0.000106226555588147
  0.0694334797927871 0.000817538972817325   0.0010590505511974    4.00715026393e-05  0.00108077944880875  0.00010408411201616
  0.0697806471917511 0.000821626667681401   0.0010366191508558     4.0042697551e-05    0.001074382154066 0.000101985322108211
  0.0701295504277098 0.000825734801019788   0.0009962024687012    3.86291771969e-05  0.00106249785151398 9.99292829572218e-05
  0.0704801981798484 0.000829863475024926   0.0010312347968451    3.90329372135e-05  0.00104521867052885 9.79151107405287e-05
  0.0708325991707476 0.000834012792400042   0.0009547998992561    3.74643890361e-05  0.00102282549004761 9.59419403039723e-05
  0.0711867621666013 0.000838182856362038    0.001027023694142     3.8835534543e-05 0.000995772527129625 9.40089247554304e-05
  0.0715426959774343 0.000842373770643822   0.0008953000118166    3.59610638085e-05 0.000964666257040294   9.211523506758e-05
  0.0719004094573215  0.00084658563949707   0.0009269248846173    3.67454776595e-05 0.000930239486064446 9.02600596896592e-05
  0.0722599115046081 0.000850818567694565   0.0008772015209916    3.54447824686e-05 0.000893321565129452 8.84426041680177e-05
  0.0726212110621311 0.000855072660533036   0.0008463109222309    3.45871985897e-05 0.000854805864091161 8.66620907752437e-05
  0.0729843171174418 0.000859348023835669   0.0008394166819349    3.38682608997e-05 0.000815615717943045 8.49177581476645e-05
   0.073349238703029 0.000863644763954862    0.000790114323439    3.30533284305e-05 0.000776670103329921 8.32088609310231e-05
  0.0737159848965441  0.00086796298777465   0.0007133889284691    3.14431784241e-05 0.000738850304229266 8.15346694341315e-05
  0.0740845648210268 0.000872302802713503   0.0007027696380609    3.12477390318e-05 0.000702968778894084 7.98944692903173e-05
  0.0744549876451319 0.000876664316727091   0.0006391588345313     2.9683350147e-05 0.000669741347370775 7.82875611264756e-05
  0.0748272625833576 0.000881047638310701   0.0006304741532397     2.9326994449e-05 0.000639763683240115  7.6713260239548e-05
  0.0752013988962744  0.00088545287650225   0.0006324141755834    2.93232906767e-05 0.000613492919635266 7.51708962802527e-05
  0.0755774058907557 0.000889880140884756   0.0006117921559567    2.85487080276e-05 0.000591234974705313 7.36598129438949e-05
  0.0759552929202095 0.000894329541589214   0.0006014013353375    2.81678506162e-05 0.000573137973593491 7.21793676680897e-05
  0.0763350693848105 0.000898801189297155   0.0005790017505264    2.78282906669e-05 0.000559191901874438 7.07289313372404e-05
  0.0767167447317346 0.000903295195243652   0.0005221756764861    2.62538962066e-05 0.000549234379147678 6.93078879936046e-05
  0.0771003284553933  0.00090781167121983   0.0005413947694914    2.65578923854e-05 0.000542962201286836 6.79156345548046e-05
  0.0774858300976702 0.000912350729575966   0.0005486329126979    2.68426365508e-05 0.000539948075664515 6.65515805376211e-05
  0.0778732592481586 0.000916912483223822   0.0005060424371052    2.56583632035e-05 0.000539661774813807 6.52151477879299e-05
  0.0782626255443993 0.000921497045639957   0.0005738866218799    2.72387114504e-05  0.00054149476864838 6.39057702166396e-05
  0.0786539386721213 0.000926104530868153   0.0005394392616783    2.62734295899e-05  0.00054478727026444  6.2622893541482e-05
  0.0790472083654819 0.000930735053522505   0.0005612656043016    2.69103494515e-05 0.000548856550429973 6.13659750345306e-05
  0.0794424444073093 0.000935388728790106   0.0006158346600737    2.80809602006e-05 0.000553025344080904 6.01344832753051e-05
  0.0798396566293459 0.000940065672434055   0.0005918668604703    2.78183275041e-05 0.000556649189344669  5.8927897909336e-05
  0.0802388549124926 0.000944766000796221    0.000556686372246    2.69534142944e-05 0.000559141604548305 5.77457094120651e-05
  0.0806400491870551 0.000949489830800212   0.0005814386149382    2.68635740041e-05 0.000559996118074173 5.65874188579527e-05
  0.0810432494329903 0.000954237279954183   0.0005659292226782    2.63632937252e-05 0.000558804314694963 5.54525376946783e-05
  0.0814484656801553  0.00095900846635397    0.000591800694793    2.70060869496e-05 0.000555269243454191 5.43405875223103e-05
   0.081855708008556 0.000963803508685732   0.0005690716582148    2.62987947157e-05  0.00054921373828028 5.32510998773385e-05
   0.081855708008556 0.000960482892904034    0.000558503870145    2.49336940442e-05 0.000549262157675878 5.32506044823273e-05
  0.0822649865485988 0.000965285307368535    0.000498999336749    2.29544804622e-05 0.000540630479084304 5.21831307225636e-05
  0.0822649865485988 0.000968622526229172   0.0005490116759283     2.6269531748e-05  0.00054058342442239 5.21836160214473e-05
  0.0826763114813418 0.000970111733905393   0.0005837923780446    2.47407746508e-05 0.000529487954884014  5.1137211323315e-05
  0.0826763114813418 0.000973465638860297   0.0005851595456761    2.71306265043e-05 0.000529444412013521 5.11376867349324e-05
  0.0830896930387485 0.000974962292574904   0.0004767568669116    2.09018336952e-05 0.000516014020589135 5.01124063858463e-05
  0.0830896930387485 0.000978332967054607   0.0005131864994199    2.50946140035e-05 0.000515975902978033  5.0112872114644e-05
  0.0835051415039422 0.000983224631889894   0.0005079280587573    2.47060799118e-05 0.000500458149712407 4.91087413763599e-05
  0.0835051415039422 0.000979837104037792   0.0005185388675835    2.23094244113e-05 0.000500489238051382 4.91082851302541e-05
  0.0839226672114619 0.000984736289557962   0.0005480711872634    2.34536564686e-05 0.000483279219883265 4.81244257021667e-05
  0.0839226672114619 0.000988140755049342   0.0004878489145586    2.46782291256e-05 0.000483256394688292 4.81248726614839e-05
  0.0843422805475192 0.000993081458824586   0.0004796147309688    2.43197260861e-05 0.000464801581517778 4.71608528479725e-05
  0.0843422805475192 0.000989659971005775   0.0004717104430201    2.12633951274e-05 0.000464815322992341 4.71604149836733e-05
  0.0847639919502568 0.000994608270860764   0.0004811855019647    2.07507913866e-05 0.000445573028037983 4.62158484083828e-05
  0.0847639919502568 0.000998046866118726   0.0004411314802576    2.30230518218e-05 0.000445568753510042 4.62162773653915e-05
  0.0851878119100081 0.000999581312215074   0.0004262297430901    1.90740152839e-05 0.000426049006229433 4.52903297805197e-05
  0.0851878119100081   0.0010030371004493   0.0004287815580582    2.27780096674e-05 0.000426054140294803 4.52907500140104e-05
  0.0856137509695581  0.00100805228595155   0.0004211192510477    2.25728316895e-05 0.000406751973387935 4.43838827878412e-05
  0.0856137509695581  0.00100457921877618   0.0004737017697862    2.08248481416e-05 0.000406737915209172 4.43834710979656e-05
  0.0860418197244059  0.00100960211487006   0.0003990029190655    1.86080239118e-05 0.000388109960382111 4.34948923791549e-05
  0.0860418197244059  0.00101309254738132    0.000363644963236    2.14548895747e-05 0.000388132066202722 4.34952957015328e-05
  0.0864720288230279  0.00101815801011822    0.000408819615369    2.20917287835e-05 0.000370619143484621 4.26246166210345e-05
  0.0864720288230279  0.00101465012544437   0.0003736680062066    1.73241983302e-05 0.000370590207477352 4.26242214937405e-05
  0.0869043889671431  0.00102324880016879    0.000368239838925    2.09531308275e-05 0.000354574811914241 4.17714810979398e-05
  0.0869043889671431  0.00101972337607163   0.0003821225612497    1.77998432428e-05 0.000354540538813197 4.17710939969395e-05
  0.0873389109119788  0.00102836504416964   0.0003611963584521    2.07673012593e-05 0.000340282931961566 4.09355322074321e-05
  0.0873389109119788  0.00102482199295197   0.0003404252834033    1.65609138263e-05 0.000340245013960306 4.09351529674806e-05
  0.0877756054665386  0.00103350686939049   0.0003710167197984    2.14098178817e-05  0.00032793898691774  4.0116420389746e-05
  0.0877756054665386  0.00102994610291673   0.0003316122999187    1.61648145822e-05 0.000327899231200626 4.01160488490669e-05
  0.0882144834938713  0.00103867440373745   0.0003482055751483    2.02418746791e-05 0.000317643855718965 3.93138032950678e-05
  0.0882144834938713  0.00103509583343134   0.0003399457558271    1.62339422331e-05 0.000317604096706934 3.93134392952787e-05
  0.0886555559113407  0.00104027131259847   0.0003074942147124    1.51832374412e-05 0.000309364202156946 3.85269890178371e-05
  0.0886555559113407  0.00104386777575614    0.000302864115817    1.93228986157e-05 0.000309402190140682 3.85273456317979e-05
  0.0890988336908974   0.0010490871146349   0.0002943114782697    1.88482305955e-05 0.000303125383339828 3.77567190180971e-05
  0.0890988336908974  0.00104547266916149   0.0002961596749076    1.41913481693e-05 0.000303090797715025 3.77563696381519e-05
  0.0895443278593518  0.00105070003250726   0.0003104290209843    1.55838298767e-05 0.000298609135466819 3.70012595420816e-05
  0.0895443278593518  0.00105433255020811   0.0003325627970156    2.02022624917e-05 0.000298638905053987 3.70016018366444e-05
  0.0899920494986486  0.00105595353266981   0.0002978814512309    1.43168793246e-05 0.000295669757908303  3.6261343737831e-05
  0.0899920494986486  0.00105960421295915   0.0002695911722049    1.85105615555e-05 0.000295693578451857 3.62616790925339e-05
  0.0904420097461418  0.00106490223402395   0.0003494768527955    2.07108568164e-05 0.000293980193619678 3.55366422742413e-05
  0.0904420097461418  0.00106123330033316   0.0003104225298181    1.46019392295e-05 0.000293963125928103 3.55363137169199e-05
  0.0908942197948725  0.00107022674519406    0.000324216039775    2.01179623363e-05 0.000293146701061729 3.48261892175884e-05
  0.0908942197948725  0.00106653946683482   0.0002930196029629    1.44139131826e-05 0.000293136828985451 3.48258673181488e-05
  0.0913486908938469     0.00107557787892   0.0002758942832718    1.86539788162e-05 0.000292817112297631 3.41300239726421e-05
  0.0913486908938469    0.001071872164169   0.0002942695781393    1.37498043242e-05 0.000292814503789148 3.41297085944995e-05
  0.0918054343483161  0.00107723152498985    0.000312251123312    1.44183224829e-05 0.000292615512157438 3.34475476829015e-05
  0.0918054343483161  0.00108095576831461   0.0002857876985454      1.904621553e-05 0.000292611159082647 3.34478566734795e-05
  0.0922644615200577  0.00108636054715618   0.0003684589696498    2.18437082143e-05 0.000292163731675886 3.27794034107559e-05
  0.0922644615200577  0.00108261768261478   0.0002783060173402    1.31309746765e-05 0.000292174397604254 3.27791006768011e-05
  0.0927257838276579  0.00108803077102786   0.0002922975090692    1.31186550783e-05 0.000291159155392451 3.21240895014727e-05
  0.0927257838276579  0.00109179234989197    0.000280701343919    1.89707879538e-05 0.000291143131772065  3.2124386107014e-05
  0.0931894127467962  0.00109725131164144   0.0003086878294569    2.06128062588e-05 0.000289267237048783 3.14825323946712e-05
  0.0931894127467962  0.00109347092488301    0.000282320816748    1.26328276237e-05 0.000289287412173679 3.14822417920067e-05
  0.0936553598105302  0.00110273756819962   0.0002826273266674    1.91269208401e-05 0.000286316779595969 3.08535754966279e-05
  0.0936553598105302  0.00109893827950743   0.0003034207326173    1.30598288007e-05 0.000286339716729578 3.08532907739195e-05
  0.0941236366095829  0.00110825125604064   0.0003020132073765    1.95725803975e-05 0.000282145085626979 3.02372541094367e-05
  0.0941236366095829  0.00110443297090497   0.0003190602751687    1.35865348722e-05 0.000282169288577813 3.02369751463239e-05
  0.0945942547926308  0.00110995513575949   0.0002661630853601    1.16936926075e-05 0.000276707750246985 2.96330389676036e-05
  0.0950672260665939  0.00111550491143826   0.0002790221523415    1.23151638785e-05 0.000269966574056877 2.90412315435367e-05
  0.0955425621969268  0.00112108243599546    0.000295901744934    1.27682632675e-05 0.000262034195962387 2.84613073178146e-05
  0.0960202750079115  0.00112668784817546   0.0002653246043578     1.1734601194e-05 0.000253068976934457  2.7893025764901e-05
   0.096500376382951  0.00113232128741631   0.0002714262296571    1.17908119868e-05 0.000243288415157293 2.73361512851824e-05
  0.0969828782648658  0.00113798289385342   0.0002464711532999     1.0835921262e-05 0.000232955218374809 2.67904531023555e-05
  0.0974677926561901  0.00114367280832268   0.0002367797201875    1.06969030982e-05 0.000222361023573756 2.62557051630066e-05
   0.097955131619471  0.00114939117236429   0.0002096287146609     9.9337165894e-06  0.00021180869019131 2.57316860383301e-05
  0.0984449072775684  0.00115513812822611   0.0001909422659598     9.2981229235e-06 0.000201594183951635  2.5218178827943e-05
  0.0989371318139562  0.00116091381886722   0.0001936470337798       9.44507278e-06 0.000191989104101703 2.47149710657464e-05
   0.099431817473026  0.00116671838796157   0.0001877251239583     9.7804495269e-06 0.000183224882728064 2.42218546277903e-05
  0.0999289765603911   0.0011725519799014   0.0001657867215818     8.4030601449e-06 0.000175479599669686 2.37386256420974e-05
   0.100428621443193  0.00117841473980089   0.0001555813962405     8.4031437835e-06 0.000168868212532123 2.32650844004032e-05
   0.100930764550409  0.00118430681349987   0.0001434886972135     7.8587183137e-06 0.000163436804440914 2.28010352717693e-05
   0.101435418373161  0.00119022834756739   0.0001839568126466     9.0747856712e-06  0.00015916121214291 2.23462866180307e-05
   0.101942595465027  0.00119617948930522   0.0001594445972441      8.185595975e-06 0.000155950126977231 2.19006507110349e-05
   0.102452308442352  0.00120216038675176   0.0001512404058586     7.5796351349e-06 0.000153652477026689 2.14639436516352e-05
   0.102964569984564  0.00120817118868552   0.0001741039759537     8.3262744875e-06 0.000152068618344462 2.10359852903996e-05
   0.103479392834486  0.00121421204462896   0.0001708495440268     8.1600108123e-06 0.000150964605353933 2.06165991499962e-05
   0.103996789798659   0.0012202831048521    0.000145883928764     7.5486741553e-06  0.00015008859381593  2.0205612349222e-05
   0.104516773747652  0.00122638452037635    0.000167655548271     8.1787494901e-06 0.000149188270916107 1.98028555286349e-05
    0.10503935761639  0.00123251644297822   0.0001445468890976     7.2107118817e-06 0.000148028119754574 1.94081627777585e-05
   0.105564554404472  0.00123867902519312   0.0001475062498058     7.3133633716e-06 0.000146405319217527 1.90213715638215e-05
   0.106092377176495  0.00124487242031907   0.0001440831605356     7.0808845226e-06 0.000144163158929228 1.86423226620012e-05
   0.106622839062377  0.00125109678242068   0.0001418783795173     6.8578735992e-06   0.0001412010107175 1.82708600871372e-05
   0.107155953257689  0.00125735226633278   0.0001204612350685     6.3377168051e-06  0.00013748013441456 1.79068310268833e-05
   0.107691733023977  0.00126363902766446   0.0001251110813028     6.3352173113e-06 0.000133024892316679 1.75500857762671e-05
   0.108230191689097  0.00126995722280276   0.0001230601903777     6.3260282643e-06 0.000127919283214439 1.72004776736265e-05
   0.108771342647543  0.00127630700891677   0.0001217375517086     6.3797945479e-06 0.000122299059272136  1.6857863037893e-05
   0.109315199360781  0.00128268854396136   0.0001240843745946     6.2630075113e-06 0.000116340030254733 1.65221011071935e-05
   0.109861775357584  0.00128910198668119   0.0001133900666884     5.9391613115e-06 0.000110243462162685 1.61930539787406e-05
   0.110411084234372  0.00129554749661456    9.75413702688e-05     5.3618432874e-06 0.000104219715400328 1.58705865499859e-05
   0.110963139655544  0.00130202523409766    9.78890950877e-05     5.6420726902e-06 9.84714193117571e-05 1.55545664610068e-05
   0.111517955353822  0.00130853536026815    9.21187570394e-05     5.2572475367e-06 9.31775295362908e-05 1.52448640381013e-05
   0.112075545130591  0.00131507803706947      8.387240122e-05     5.1202270237e-06 8.84795543345038e-05 1.49413522385656e-05
   0.112635922856244  0.00132165342725482     8.1265864824e-05     4.9279778716e-06  8.4471067091151e-05 1.46439065966266e-05
   0.113199102470525  0.00132826169439108    7.63260179386e-05     4.7636983112e-06 8.11913554481342e-05 1.43524051705078e-05
   0.113765097982878  0.00133490300286306    8.50200463301e-05     4.7684234268e-06  7.8623712949987e-05 1.40667284906007e-05
   0.114333923472792  0.00134157751787737    8.30432127649e-05     4.7754928917e-06  7.6698484545783e-05  1.3786759508721e-05
   0.114905593090156  0.00134828540546675    7.85987636055e-05     4.5758584333e-06 7.53005663548741e-05 1.35123835484251e-05
   0.115480121055607   0.0013550268324941    8.21339954101e-05     4.6601337854e-06 7.42806692275541e-05 1.32434882563633e-05
   0.116057521660885  0.00136180196665656     7.2776195971e-05     4.5035483221e-06 7.34693208662187e-05  1.2979963554649e-05
   0.116637809269189  0.00136861097648985    6.95069179877e-05      4.227738552e-06 7.26923348015507e-05 1.27217015942218e-05
   0.117220998315535  0.00137545403137231    7.22199221472e-05     4.2965335157e-06 7.17863413741069e-05 1.24685967091825e-05
   0.117807103307113  0.00138233130152917    7.60396109425e-05     4.4302920596e-06 7.06129711718049e-05 1.22205453720798e-05
   0.118396138823648  0.00138924295803682    6.65891984973e-05     3.9673974828e-06 6.90704083934801e-05 1.19774461501288e-05
   0.118988119517767  0.00139618917282701     6.9781364556e-05     4.1407774146e-06 6.71012809400731e-05 1.17391996623404e-05
   0.119583060115355  0.00140317011869113    5.50789810449e-05     3.5415798256e-06 6.46962039860984e-05 1.15057085375432e-05
   0.120180975415932  0.00141018596928459    5.18498093211e-05     3.4563445844e-06 6.18927120512959e-05 1.12768773732779e-05
   0.120781880293012    0.001417236899131    5.40802544594e-05     3.5102822506e-06 5.87697611098729e-05  1.1052612695547e-05
   0.121385789694477  0.00142432308362667    4.46015603044e-05     3.2759980904e-06 5.54384130115772e-05 1.08328229193996e-05
   0.121992718642949   0.0014314446990448    4.08169169386e-05     3.1077056054e-06 5.20296858489815e-05 1.06174183103362e-05
   0.122602682236164     0.00143860192254     4.1428043496e-05     3.1141246022e-06 4.86808272950485e-05  1.0406310946513e-05
   0.123215695647345   0.0014457949321527    4.86037636383e-05     3.2680368924e-06 4.55214140131746e-05 1.01994146817316e-05
   0.123831774125582  0.00145302390681346    4.32946683065e-05     3.1575983959e-06 4.26606823681256e-05 9.99664510919568e-06
    0.12445093299621  0.00146028902634756    4.10191764753e-05     3.0318759969e-06 4.01773521183472e-05 9.79791952601874e-06
    0.12507318766119  0.00146759047147928    3.79281891402e-05     2.9780789224e-06 3.81129294112236e-05 9.60315689846751e-06
   0.125698553599496  0.00147492842383669    3.25498781823e-05     2.7275922514e-06 3.64690966374677e-05 9.41227782792477e-06
   0.126327046367494  0.00148230306595584     3.6089398215e-05     2.8582849449e-06 3.52093547488377e-05 9.22520451755704e-06
   0.126958681599331  0.00148971458128565    3.44808795938e-05     2.7443353596e-06 3.42646263623194e-05 9.04186073967153e-06
   0.127593475007328  0.00149716315419206    3.61802702276e-05     2.7156729181e-06 3.35421056487617e-05 8.86217180374829e-06
   0.128231442382365  0.00150464896996301    3.18845701987e-05     2.6656528014e-06 3.29363006715998e-05 8.68606452513324e-06
   0.128872599594276  0.00151217221481282    3.02651432546e-05     2.4700729002e-06 3.23409938049452e-05   8.513467194378e-06
   0.129516962592248  0.00151973307588692    2.99635057631e-05     2.5499261406e-06 3.16607710583872e-05 8.34430954721279e-06
   0.130164547405209  0.00152733174126633    2.77382893595e-05     2.5495686299e-06 3.08208499575466e-05 8.17852273513933e-06
   0.130815370142235  0.00153496839997265    2.77965199496e-05     2.3748766483e-06 2.97741586178214e-05 8.01603929663069e-06
   0.131469446992946  0.00154264324197253    2.16738393347e-05     2.1945574488e-06 2.85049593179825e-05 7.85679312892473e-06
   0.132126794227911  0.00155035645818238    2.69783780727e-05     2.2525973461e-06 2.70287276207434e-05 7.70071946039965e-06
   0.132787428199051  0.00155810824047329    2.39822423703e-05     2.2420958759e-06 2.53884428711722e-05 7.54775482351837e-06
   0.133451365340046  0.00156589878167567    2.06591881138e-05      2.061570592e-06 2.36478642640082e-05 7.39783702833055e-06
   0.134118622166746  0.00157372827558403    1.79801138067e-05     1.9962165108e-06 2.18827082461041e-05 7.25090513652019e-06
    0.13478921527758  0.00158159691696195    1.58673842709e-05     2.0624040061e-06 2.01708668527817e-05 7.10689943598733e-06
   0.135463161353968  0.00158950490154679    1.70903491025e-05     1.9413939367e-06 1.85828863525091e-05 6.96576141595286e-06
   0.136140477160737  0.00159745242605452    1.38979580482e-05     1.7951674259e-06 1.71738530931284e-05 6.82743374257528e-06
   0.136821179546541   0.0016054396881848     1.7930686319e-05     1.9283522193e-06 1.59776198170907e-05 6.69186023506883e-06
   0.137505285444274  0.00161346688662573    1.23089729304e-05      1.647873967e-06 1.50039800674821e-05 6.55898584231232e-06
   0.138192811871495  0.00162153422105885    1.27051396813e-05     1.7644497911e-06 1.42390040856153e-05 6.42875661993863e-06
   0.138883775930853  0.00162964189216412    1.69243178956e-05     1.7558559071e-06 1.36483389168711e-05 6.30111970789449e-06
   0.139578194810507  0.00163779010162497     1.5858490343e-05     1.7760587578e-06   1.318290218072e-05 6.17602330846118e-06
   0.140276085784559  0.00164597905213308    1.44327230595e-05     1.7113343888e-06 1.27861115644239e-05 6.05341666472594e-06
   0.140977466213482  0.00165420894739376    1.24012060763e-05     1.6733621075e-06 1.24016270074481e-05 5.93325003949529e-06
   0.141682353544549   0.0016624799921307    1.29628530184e-05     1.6151398201e-06 1.19805592276716e-05 5.81547469464041e-06
   0.142390765312272  0.00167079239209138    1.29683380498e-05     1.6652898173e-06 1.14872165578192e-05 5.70004287086618e-06
   0.143102719138834   0.0016791463540518    1.03181622698e-05     1.5586657822e-06 1.09027023349519e-05 5.58690776789459e-06
   0.143818232734528  0.00168754208582208     7.8005900262e-06     1.5369075805e-06 1.02260009551361e-05 5.47602352505406e-06
     0.1445373238982  0.00169597979625121     6.2989892256e-06     1.4407201869e-06 9.47255436370388e-06 5.36734520226625e-06
   0.145260010517691  0.00170445969523244     5.6221645105e-06     1.4117403244e-06 8.67067986054149e-06   5.260828761422e-06
    0.14598631057028  0.00171298199370862     8.1710708107e-06      1.361778788e-06 7.85646537931982e-06 5.15643104813837e-06
   0.146716242123131  0.00172154690367715     7.5567662622e-06     1.3191377338e-06 7.06796078391921e-06 5.05410977388877e-06
   0.147449823333747  0.00173015463819554     6.5881298902e-06     1.2721314022e-06 6.33954001445809e-06 4.95382349849863e-06
   0.148187072450416   0.0017388054113865     7.3478558422e-06     1.2882865651e-06 5.69723505187501e-06  4.8555316129986e-06
   0.148928007812668  0.00174749943844344     7.4408034458e-06     1.3219459385e-06 5.15565411975431e-06  4.7591943228285e-06
   0.149672647851731  0.00175623693563567     5.7540141607e-06     1.2663691861e-06 4.71682569220957e-06 4.66477263138391e-06
    0.15042101109099  0.00176501812031384     6.3402130708e-06     1.1948418177e-06   4.371000829922e-06 4.57222832389919e-06
   0.151173116146444  0.00177384321091541     7.6912401672e-06     1.1475502762e-06 4.09914792813521e-06  4.4815239516591e-06
   0.151928981727177  0.00178271242696998     5.3538160965e-06     1.2402173617e-06 3.87663191777064e-06 4.39262281653289e-06
   0.152688626635813  0.00179162598910484      5.415415292e-06      1.162579469e-06 3.67741988727677e-06 4.30548895582382e-06
   0.153452069768992  0.00180058411905036     2.6612426022e-06     1.1313855151e-06 3.47811684414122e-06 4.22008712742761e-06
   0.154219330117837  0.00180958703964561     2.7168187217e-06     1.1193263212e-06 3.26121014338759e-06 4.13638279529356e-06
   0.154990426768426  0.00181863497484382     2.6618811588e-06     1.0577203379e-06 3.01707176444673e-06 4.05434211518197e-06
   0.155765378902268  0.00182772814971805     2.2142706893e-06     1.1214944349e-06 2.74450170496707e-06 3.97393192071165e-06
   0.156544205796779  0.00183686679046667      -1.14004479e-08     1.0592030539e-06 2.44985142936804e-06 3.89511970969182e-06
   0.157326926825763  0.00184605112441898     1.4595113183e-06     1.1182130587e-06 2.14499957431177e-06 3.81787363073218e-06
   0.158113561459892  0.00185528138004106     2.7359304208e-06      1.083018142e-06 1.84462443415327e-06 3.74216247012559e-06
   0.158904129267191  0.00186455778694127      1.256466363e-06      9.990422086e-07 1.56330258009807e-06 3.66795563899778e-06
   0.159698649913527  0.00187388057587601     2.7653976823e-06     1.0370753872e-06 1.31295010195569e-06 3.59522316071837e-06
   0.160497143163095  0.00188324997875537     2.4923616386e-06      9.732521365e-07 1.10101991863202e-06 3.52393565856804e-06
    0.16129962887891  0.00189266622864913       9.38873771e-07      9.065857004e-07 9.29698790875146e-07 3.45406434365641e-06
   0.162106127023305   0.0019021295597924     1.4858826388e-06       9.91889162e-07 7.96145679371976e-07 3.38558100308559e-06
   0.162916657658421  0.00191164020759134     1.3589445419e-06      8.614161072e-07 6.93617995040326e-07 3.31845798835414e-06
   0.163731240946713   0.0019211984086293     1.1572595575e-06       9.95712687e-07  6.1318019633307e-07 3.25266820399676e-06
   0.164549897151447  0.00193080440067244     -4.734734637e-07      8.639586049e-07 5.45606482995397e-07 3.18818509645461e-06
   0.165372646637204  0.00194045842267584     -5.721884712e-07      9.457116254e-07 4.83087880677495e-07 3.12498264317171e-06
    0.16619950987039  0.00195016071478921      4.366759713e-07      9.513570624e-07 4.20429262637258e-07 3.06303534191256e-06
   0.167030507419742  0.00195991151836314     1.1714059307e-06      9.803759558e-07 3.55554243371292e-07 3.00231820029667e-06
   0.167865659956841  0.00196971107595495     1.2283497047e-06      8.853030596e-07 2.89295175225908e-07 2.94280672554536e-06
   0.168704988256625  0.00197955963133473     2.1214085577e-06      9.360529302e-07    2.24597260943e-07 2.88447691443653e-06
   0.169548513197908  0.00198945742949142      -4.61135246e-08      7.969576649e-07 1.65378684891185e-07 2.82730524346316e-06
   0.170396255763898  0.00199940471663885      6.891037254e-07      7.704842459e-07 1.15340832941557e-07 2.77126865919128e-06
   0.171248237042717  0.00200940174022204       5.01226101e-07      8.783228686e-07 7.70062317751664e-08 2.71634456881342e-06
   0.172104478227931  0.00201944874892318     -4.547126139e-07      8.504814825e-07 5.11842091625847e-08 2.66251083089343e-06
    0.17296500061907  0.00202954599266777      5.523871354e-07      8.095716461e-07 3.69461809548232e-08 2.60974574629881e-06
   0.173829825622166  0.00203969372263113     1.3757221216e-06      8.416823253e-07 3.20630244882055e-08 2.55802804931666e-06
   0.174698974750276  0.00204989219124429      1.298566397e-07      8.649123282e-07 3.37469525957554e-08 2.50733689894952e-06
   0.175572469624028  0.00206014165220051     -1.454383871e-07      8.121750949e-07 3.94749504380001e-08 2.45765187038748e-06
   0.176450331972148  0.00207044236046149     -1.869035865e-07      8.065678683e-07 4.76642037197783e-08 2.40895294665272e-06
   0.177332583632009  0.00208079457226382     1.7858508746e-06      8.590440017e-07 5.80216152237473e-08 2.36122051041328e-06
   0.178219246550169  0.00209119854512514     -1.608908571e-07      8.441117556e-07 7.14848580250321e-08 2.31443533596233e-06
    0.17911034278292  0.00210165453785074      2.328089602e-07      7.856410245e-07 8.97862673606402e-08 2.26857858135959e-06
   0.180005894496834     0.00211216281054      6.112857223e-07      8.525232101e-07 1.14773709954762e-07 2.22363178073182e-06
   0.180905923969318   0.0021227236245927     -4.325167113e-07      8.431715768e-07 1.47687876209785e-07 2.17957683672878e-06
   0.181810453589165  0.00213333724271567    -1.2980848499e-06      8.439075215e-07 1.88606392730612e-07 2.13639601313176e-06
   0.182719505857111  0.00214400392892926     -1.580439212e-07      8.554213527e-07  2.3621896484506e-07 2.09407192761137e-06
   0.183633103386396  0.00215472394857389     1.3778850319e-06      8.261023659e-07 2.88006551641949e-07 2.05258754463172e-06
   0.184551268903328  0.00216549756831677     1.7261388883e-06      8.370323504e-07 3.40785444824175e-07 2.01192616849782e-06
   0.185474025247845  0.00217632505615834    -1.0613722069e-06      8.026371768e-07 3.91474045817205e-07 1.97207143654346e-06
   0.186401395374084  0.00218720668143915     -2.707535775e-07      8.165758958e-07  4.3787419530652e-07  1.9330073124565e-06
   0.187333402350954  0.00219814271484633     -7.002389415e-07      8.469047688e-07 4.79248793790627e-07 1.89471807973903e-06
   0.188270069362709  0.00220913342842055     2.2623405737e-06      8.371567971e-07 5.16527218178254e-07 1.85718833529931e-06
   0.189211419709523  0.00222017909556268     -1.644630728e-07      8.839886273e-07 5.52067611078415e-07 1.82040298317313e-06
    0.19015747680807  0.00223127999104047      1.742966553e-07      9.319521371e-07 5.89025062823764e-07 1.78434722837178e-06
    0.19110826419211  0.00224243639099567      -1.76242327e-08      8.127044864e-07 6.30484718326644e-07 1.74900657085406e-06
   0.192063805513071  0.00225364857295066     2.1788548568e-06      9.532179905e-07 6.78588345119269e-07 1.71436679961982e-06
   0.193024124540636  0.00226491681581541     1.0706599345e-06      8.993888114e-07 7.33891499582803e-07 1.68041398692264e-06
    0.19398924516334  0.00227624139989448     -1.374754948e-07      8.630464592e-07 7.95131896140002e-07 1.64713448259906e-06
   0.194959191389156  0.00228762260689397     1.3590382568e-06      8.943668467e-07 8.59481609505598e-07 1.61451490851213e-06
   0.195933987346102  0.00229906071992845      3.353586791e-07      8.105987514e-07 9.23224772817614e-07 1.58254215310687e-06
   0.196913657282832  0.00231055602352807     -8.944238847e-07      7.861059029e-07 9.82684266558643e-07 1.55120336607543e-06
   0.197898225569247  0.00232210880364573      2.094989216e-07      8.913971018e-07  1.0351488725616e-06 1.52048595312965e-06
   0.198887716697093  0.00233371934766395     1.9553060165e-06      8.666157569e-07  1.0795479015219e-06 1.49037757087892e-06
   0.199882155280578  0.00234538794440225     1.3705837617e-06      8.541268195e-07 1.11668636741079e-06 1.46086612181109e-06
   0.200881566056981  0.00235711488412429     -1.616707095e-07      8.680382206e-07 1.14897343477198e-06 1.43193974937444e-06
   0.201885973887266  0.00236890045854488     1.0914913623e-06      8.116503302e-07 1.17971741572519e-06 1.40358683315866e-06
   0.202895403756702  0.00238074496083762     1.7907841809e-06      8.495974354e-07 1.21218249024182e-06 1.37579598417266e-06
   0.203909880775486  0.00239264868564183      8.844184896e-07      8.106700682e-07 1.24867036686729e-06 1.34855604021752e-06
   0.204929430179363  0.00240461192907002        9.7211198e-08      8.531432714e-07 1.28988381086781e-06  1.3218560613524e-06
    0.20595407733026  0.00241663498871537     -1.824840863e-07      8.296524537e-07 1.33474900084109e-06 1.29568532545166e-06
   0.206983847716911  0.00242871816365894     1.6889809992e-06      8.041163431e-07 1.38074223320433e-06 1.27003332385134e-06
   0.208018766955496  0.00244086175447724     1.3018715136e-06       8.25062995e-07 1.42462133466235e-06 1.24488975708307e-06
   0.209058860790273  0.00245306606324964       7.08828902e-08      8.047748829e-07 1.46334574956539e-06 1.22024453069381e-06
   0.210104155094225  0.00246533139356586     1.6807200544e-06      8.274111225e-07 1.49491625532468e-06 1.19608775114953e-06
   0.211154675869696  0.00247765805053372     1.7300964739e-06      7.930737443e-07 1.51889177242907e-06 1.17240972182124e-06
   0.212210449249044  0.00249004634078637      2.477547469e-06      8.382625388e-07 1.53643918242711e-06 1.14920093905161e-06
   0.213271501495289  0.00250249657249032      7.889757288e-07      7.985570022e-07 1.54991297197851e-06 1.12645208830063e-06
   0.214337859002766  0.00251500905535274     1.7036903546e-06       8.15703636e-07 1.56210218834025e-06 1.10415404036861e-06
    0.21540954829778  0.00252758410062951     1.5999483173e-06      7.902940902e-07 1.57537968793922e-06 1.08229784769514e-06
   0.216486596039269  0.00254022202113265     1.3386503456e-06      8.166548373e-07 1.59101316695995e-06 1.06087474073218e-06
   0.217569029019465  0.00255292313123834       1.98008725e-08      7.721366382e-07 1.60884178484236e-06 1.03987612439011e-06
   0.218656874164562  0.00256568774689452       7.78191522e-08      7.857913011e-07 1.62740427012732e-06 1.01929357455496e-06
   0.219750158535385    0.002578516185629     1.5317369645e-06      8.190662124e-07 1.64446184226968e-06 9.99118834675678e-07
   0.220848909328062  0.00259140876655711      1.533087747e-06      8.073037102e-07 1.65773747734013e-06 9.79343812419712e-07
   0.221953153874702  0.00260436581038994     3.1794674948e-06      8.196362649e-07 1.66563055998336e-06 9.59960576395783e-07
   0.223062919644076  0.00261738763944187     1.2777347075e-06      8.153951579e-07 1.66768199700486e-06  9.4096135294235e-07
   0.224178234242296  0.00263047457763907     -4.047310658e-07      7.612127502e-07 1.66465291869139e-06  9.2233852298048e-07
   0.225299125413507  0.00264362695052726      2.209375324e-06      7.695573111e-07 1.65821009329412e-06 9.04084618929827e-07
   0.226425621040575  0.00265684508527992      5.517026728e-07      8.327268188e-07 1.65033951347965e-06 8.86192321686421e-07
   0.227557749145778  0.00267012931070633      9.421003709e-07      7.906142094e-07 1.64269377011399e-06 8.68654457661058e-07
   0.228695537891507  0.00268347995725983      8.007750244e-07      7.838968414e-07 1.63609174696967e-06 8.51463995877033e-07
   0.229839015580964  0.00269689735704616     1.3504386526e-06      7.770967737e-07 1.63032834537888e-06 8.34614045126029e-07
   0.230988210658869  0.00271038184383138     2.1294479937e-06      8.270515878e-07 1.62434008980863e-06 8.18097851180988e-07
   0.232143151712163  0.00272393375305053     3.4037667379e-06       7.82385684e-07 1.61664939364225e-06 8.01908794064844e-07
   0.233303867470724   0.0027375534218158      3.783036474e-07      7.716948002e-07 1.60591882997994e-06 7.86040385373922e-07
   0.234470386808078  0.00275124118892484     3.2742775434e-06       7.99522588e-07 1.59141773940914e-06 7.70486265654975e-07
   0.235642738742118  0.00276499739486947     1.9813682818e-06      7.818465982e-07 1.57324491219136e-06 7.55240201834733e-07
   0.236820952435829  0.00277882238184382      7.999125696e-07      7.454461055e-07 1.55224564726869e-06 7.40296084700917e-07
   0.238005057198008  0.00279271649375304     1.4426229329e-06      7.584810879e-07 1.52967339079314e-06 7.25647926433682e-07
   0.239195082483998  0.00280668007622183     2.6248722551e-06      8.094134092e-07 1.50673439421924e-06 7.11289858186483e-07
   0.240391057896418  0.00282071347660293      6.646305815e-07      7.823577924e-07 1.48418736231383e-06 6.97216127715344e-07
     0.2415930131859  0.00283481704398594     1.2328142264e-06      7.491207766e-07 1.46213901838988e-06  6.8342109705558e-07
   0.242800978251829  0.00284899112920586     1.7204209714e-06       7.35939556e-07 1.44009533496637e-06 6.69899240245001e-07
   0.244014983143088  0.00286323608485189      2.571755088e-07      7.473440345e-07 1.41722950962344e-06 6.56645141092659e-07
   0.245235058058804  0.00287755226527614     1.2821890009e-06       7.59852696e-07 1.39274956307136e-06 6.43653490992245e-07
   0.246461233349098  0.00289194002660255      2.508436861e-06       7.55817876e-07 1.36621929832731e-06 6.30919086779211e-07
   0.247693539515843  0.00290639972673554     2.6121913826e-06      7.887127918e-07 1.33771481962344e-06 6.18436828630751e-07
   0.248932007213422  0.00292093172536921     1.3788689314e-06      7.700280414e-07 1.30777071705707e-06 6.06201718007768e-07
    0.25017666724949  0.00293553638399605     1.2194707992e-06      7.722260665e-07 1.27715492075281e-06 5.94208855638004e-07
   0.251427550585737  0.00295021406591605     1.3485110831e-06      7.868933532e-07  1.2465750196921e-06 5.82453439539473e-07
   0.252684688338665  0.00296496513624565      3.268209606e-07      7.485467437e-07 1.21643753332514e-06 5.70930763083424e-07
   0.253948111780359  0.00297978996192684      5.554797943e-07       7.51348868e-07 1.18675055860281e-06 5.59636213095995e-07
   0.255217852339261  0.00299468891173648     1.1215544155e-06      7.724214766e-07 1.15719510755906e-06  5.4856526799784e-07
   0.256493941600957  0.00300966235629516      2.885462078e-07      7.591962069e-07 1.12732003063568e-06 5.37713495980888e-07
   0.257776411308962  0.00302471066807665      1.535210092e-06      7.713896136e-07 1.09676894955264e-06 5.27076553221569e-07
   0.259065293365506  0.00303983422141703     1.6163904315e-06      7.445804858e-07 1.06544267604296e-06 5.16650182129706e-07
   0.260360619832334  0.00305503339252412     -4.240571201e-07      7.229110372e-07 1.03353626853698e-06  5.0643020963241e-07
   0.261662422931496  0.00307030855948675      6.270019436e-07      7.830947021e-07 1.00144816038469e-06 4.96412545492237e-07
   0.262970735046153  0.00308566010228416      -6.85009388e-08       7.83543734e-07 9.69613190935385e-07 4.86593180658944e-07
   0.264285588721384  0.00310108840279558     -1.089282986e-07      7.838132077e-07 9.38392752173996e-07 4.76984127169525e-07
   0.265607016664991  0.00311659384480955      1.635752893e-06      7.737569209e-07 9.07981646838497e-07  4.6761218180491e-07
   0.266935051748316  0.00313217681403363      2.380972695e-06      7.906348373e-07 8.78575888820396e-07 4.58563225989943e-07
   0.268269727007057  0.00314783769810378       7.57961386e-08      7.665802636e-07 8.50581473393031e-07 4.50011546719422e-07
   0.269611075642092  0.00316357688659431     1.7060686494e-06      7.227188107e-07 8.24721673149176e-07 4.42211132445165e-07
   0.270959131020303  0.00317939477102726      2.680282832e-07      7.833646415e-07 8.01846513878707e-07 4.35415473926914e-07
   0.272313926675404  0.00319529174488242      8.092504418e-07      7.950614491e-07  7.8255175140055e-07 4.29769812360833e-07
   0.273675496308781  0.00321126820360684     1.6324550074e-06      8.202604085e-07 7.66936623284138e-07 4.25261598317796e-07
   0.275043873790325  0.00322732454462484      2.429798772e-07      8.089616434e-07  7.5465656731589e-07 4.21754643895659e-07
