# intensity: 0.85410971285087
# background: 0
#           Q (1/A)             dQ (1/A)                    R                   dR               theory              fresnel
  0.0143638509998554  0.00017203330184787    0.571739751216964    0.022026233465228    0.483896301254612    0.240902014617892
  0.0144356702548547 0.000172828824739114    0.501194981472929   0.0199536675181238    0.477474257531777    0.234933432308655
   0.014507848606129 0.000173630463713346    0.507241876094506   0.0205603241817483    0.469536627971985    0.227709453936667
  0.0145803878491596 0.000174438182787213    0.486538177612329   0.0195228357269714    0.460010490183929    0.219252400244176
  0.0146532897884054 0.000175251947716697    0.476760772912086   0.0193843282248356    0.449037296754865    0.209791784598964
  0.0147265562373474 0.000176071725956972    0.434851742324614   0.0176024887996452    0.436984687181327     0.19974998452789
  0.0148001890185342 0.000176897486622961    0.431132367535969   0.0177687160299141    0.424342468304621    0.189622040606068
  0.0148741899636268 0.000177729200450613    0.418223530560567    0.017247635203623    0.411558728722497    0.179818065708003
   0.014948560913445 0.000178566839758899    0.385515132585264   0.0161311493733387    0.398930324428861    0.170575887821569
  0.0150233037180122 0.000179410378412534    0.393988075445663   0.0161203258462788    0.386597427650404    0.161975961968888
  0.0150984202366022 0.000180259791785424    0.361941187277223   0.0151501063657289    0.374598549468422    0.154005621019854
  0.0151739123377852 0.000181115056724847    0.322005847631678   0.0141202502805711     0.36292330258915    0.146613071977237
  0.0152497818994742 0.000181976151516353    0.357421360332775   0.0148576179399101    0.351554876910285    0.139745820673677
  0.0153260308089715 0.000182843055849403    0.356855373295452   0.0149256843784495     0.34046847654712    0.133349548025541
  0.0154026609630164 0.000183715750783726     0.32987018355379   0.0140835480532512    0.329643406410782    0.127377591474091
  0.0154796742678315 0.000184594218716397    0.312993958853285   0.0134194413663741    0.319062387451008    0.121789568334197
  0.0155570726391706  0.00018547844334964     0.29218576430062   0.0127809090137482    0.308711013799929     0.11655029917926
  0.0156348580023665 0.000186368409659337    0.281594530309839   0.0128675943186427    0.298577316128329    0.111628954872623
  0.0157130322923783 0.000187264103864251    0.309372899195635   0.0130436790542194    0.288651405706435    0.106998372970346
  0.0157915974538402 0.000188165513395942    0.280636967073583   0.0124973505864598    0.278925180598131    0.102634504201268
  0.0158705554411094 0.000189072626869388    0.271165180721924    0.011980248313452    0.269392080248858   0.0985159601019554
   0.015949908218315 0.000189985434054284    0.272257543755352   0.0119353801620245    0.260046878158128   0.0946236402029604
  0.0160296577594065 0.000190903925847025    0.242008297203926   0.0109772770250522    0.250885504806095   0.0909404224155095
  0.0161098060482036 0.000191828094243357     0.28567342622575   0.0118051011554226    0.241904894822349   0.0874509040949562
  0.0161903550784446 0.000192757932311692    0.259187487730922   0.0112421619367641    0.233102853738844    0.084141184084341
  0.0162713068538368 0.000193693434167074    0.242218625885571   0.0106203893842369    0.224477940689619   0.0809986781555709
   0.016352663388106 0.000194634594945788    0.210550842024053   0.0097660935265615    0.216029364199045    0.078011961864819
  0.0164344267050465 0.000195581410780603    0.233847473714141   0.0102630605410164    0.207756888801463   0.0751706360608502
  0.0165165988385717 0.000196533878776639    0.220280368416089  0.00974449525765842    0.199660750703692   0.0724652112279665
  0.0165991818327646 0.000197491996987848    0.190440682776289  0.00899683041469913    0.191741581070564   0.0698870075793341
  0.0166821777419284 0.000198455764394092    0.207256880965902  0.00934625735069522    0.184000335806129     0.06742806839262
  0.0167655886306381 0.000199425180878823    0.196742539117262  0.00886328826992791    0.176438230936833   0.0650810845355574
  0.0168494165737912 0.000200400247207337    0.153779110596959  0.00782086088631091    0.169056682890793   0.0628393284920587
  0.0169336636566602 0.000201380965005602     0.15821073612423  0.00773329000182118    0.161857253118892   0.0606965964905943
  0.0170183319749435 0.000202367336739648     0.15788596524387  0.00763579575680594    0.154841596626159   0.0586471575714792
  0.0171034236348182 0.000203359365695503    0.158004450006629  0.00778239047153343    0.148011414081233   0.0566857086203947
  0.0171889407529923 0.000204357055959671    0.151108264202862  0.00749792952937751    0.141368407252096   0.0548073345511579
  0.0172748854567573 0.000205360412400135    0.142025994820729  0.00715876054610848    0.134914237580766   0.0530074729484836
   0.017361259884041 0.000206369440647885    0.132198538378123  0.00688564879563717    0.128650487761098   0.0512818825868475
  0.0174480661834612 0.000207384147078939    0.131852419166887  0.00690319511960415    0.122578626224183   0.0496266153288499
  0.0175353065143786 0.000208404538796875    0.118053770642809  0.00613979864135234    0.116699974466735   0.0480379909791503
  0.0176229830469504  0.00020943062361584    0.104010923728741  0.00588066196083493    0.111015677180709   0.0465125747307702
  0.0177110979621852 0.000210462410044032    0.109640418419794  0.00597627383797934    0.105526675158376   0.0450471568915495
  0.0177996534519961 0.000211499907267654    0.102698778585077  0.00565600548394659    0.100233680957049   0.0436387346214838
  0.0178886517192561 0.000212543125135319   0.0996139700301883   0.0055561585008457   0.0951371573125645    0.042284495447998
  0.0179780949778524 0.000213592074142892   0.0944302363465825  0.00532684339487315   0.0902372982911879   0.0409818023570268
  0.0180679854527416  0.00021464676541878   0.0873724099644057   0.0052657405724946   0.0855340131665228   0.0397281802840314
  0.0181583253800053 0.000215707210709634   0.0844266661828832  0.00498739850496612   0.0810269130018309   0.0385213038514915
  0.0182491170069054 0.000216773422366469   0.0887174104714816  0.00501242868937589   0.0767152999096017    0.037358986218634
  0.0183403625919399 0.000217845413331189   0.0729179710813857  0.00449567954387798   0.0725981589496813   0.0362391689256684
  0.0184320644048996  0.00021892319712351    0.075201551738641  0.00449436910058725   0.0686741526153635    0.035159912629034
  0.0185242247269241 0.000220006787828257   0.0703677928859843  0.00431536763110915   0.0649416178439849    0.034119388636465
  0.0186168458505587 0.000221096200083054   0.0605688697904783  0.00406146816456195   0.0613985654752409   0.0331158711613395
  0.0187099300798115 0.000222191449066365   0.0611054304558886  0.00391931715266272    0.058042682067016   0.0321477302250375
  0.0188034797302105 0.000223292550485905   0.0549341434007148  0.00371360181359177   0.0548713339654007   0.0312134251441031
  0.0188974971288616 0.000224399520567391   0.0582925167857509  0.00387472749629007   0.0518815735130657   0.0303114985460408
  0.0189919846145059 0.000225512376043641   0.0534260093205877   0.0035942231603242   0.0490701472685891     0.02944057086374
  0.0190869445375784 0.000226631134144003   0.0498557396639526  0.00341128834966299   0.0464335060989109   0.0285993352639203
  0.0191823792602663 0.000227755812584103   0.0431948375559519   0.0032211538799724    0.043967816998065   0.0277865529697404
  0.0192782911565677 0.000228886429555914   0.0422017319435876  0.00314716729523001   0.0416689764778315   0.0270010489418874
  0.0193746826123505 0.000230023003718135   0.0361459968678076  0.00280178776022398    0.039532625370115   0.0262417078861543
  0.0194715560254122 0.000231165554186859   0.0331932138253548  0.00270679001936282   0.0375541648767468   0.0255074705587727
  0.0195689138055393 0.000232314100526545   0.0344682573349067  0.00276202569916214   0.0357287737000593   0.0247973303436512
   0.019666758374567  0.00023346866274127   0.0306634691110142  0.00265636807673516   0.0340514260870018   0.0241103300782346
  0.0197650921664398 0.000234629261266254   0.0272685825862661  0.00236168412153962   0.0325169106206958   0.0234455591069717
   0.019863917627272 0.000235795916959662   0.0324480697153858  0.00262576639112542   0.0311198495961039   0.0228021505434082
  0.0199632372154084 0.000236968651094662   0.0261249822225799  0.00237255098956035   0.0298547188208042   0.0221792787237262
  0.0200630534014854 0.000238147485351749   0.0270206945585392  0.00232285150311245   0.0287158676875873   0.0215761568361667
  0.0201633686684928 0.000239332441811307   0.0243848235969181  0.00215283651645124   0.0276975393725896   0.0209920347122139
  0.0202641855118353 0.000240523542946419   0.0247527452182989  0.00225707733840726   0.0267938910207789   0.0204261967667143
  0.0203655064393945 0.000241720811615917   0.0254728046244837  0.00229425992032336   0.0259990137896358   0.0198779600752623
  0.0204673339715915 0.000242924271057653   0.0215068446298804  0.00205717372577644   0.0253069526316697   0.0193466725782295
  0.0205696706414494 0.000244133944882006   0.0244891504015711  0.00207468486486419   0.0247117257067717   0.0188317114017476
  0.0206725189946566 0.000245349857065592   0.0210315643853205  0.00196496629085105    0.024207343326174   0.0183324812868049
  0.0207758815896299   0.0002465720319452   0.0188192831345568  0.00183092678688485   0.0237878263407795   0.0178484131183755
  0.0208797609975781 0.000247800494211925   0.0232524352732609  0.00199874921669181   0.0234472238976881   0.0173789625471894
   0.020984159802566 0.000249035268905508   0.0217739584726186  0.00190726786165054   0.0231796304997199   0.0169236086973746
  0.0210890806015788 0.000250276381408866   0.0204901547969549   0.0018303045188462   0.0229792023134863   0.0164818529537651
  0.0211945260045867 0.000251523857442815   0.0212268894933235  0.00191169941726886   0.0228401726819586   0.0160532178231816
  0.0213004986346096  0.00025277772306098   0.0230378574072346  0.00192826653124292   0.0227568668074267   0.0156372458644531
  0.0214070011277827 0.000254038004644877    0.020635540843569   0.0018004247014826    0.022723715580128   0.0152334986823701
  0.0215140361334216  0.00025530472889918   0.0187660556974858  0.00169656953926138   0.0227352685365823   0.0148415559811446
  0.0216216063140887  0.00025657792284715   0.0208233600994314  0.00180807457530436   0.0227862059397397   0.0144610146732986
  0.0217297143456591 0.000257857613826237   0.0214228039709723  0.00184161490036151   0.0228713499803712   0.0140914880402224
  0.0218383629173874 0.000259143829483832    0.023766998932297  0.00184738344631493   0.0229856751056933   0.0137326049409353
  0.0219475547319744 0.000260436597773188   0.0214203730821706   0.0017499480353944   0.0231243174869848   0.0133840090658429
  0.0220572925056342 0.000261735946949484   0.0205321714306557  0.00173928689157081   0.0232825836429313   0.0130453582325325
  0.0221675789681624 0.000263041905566042    0.020385793774935  0.00173305414411645   0.0234559582396156   0.0127163237208651
  0.0222784168630032 0.000264354502470684   0.0217471263540617  0.00175029581455499   0.0236401110914891    0.012396589644829
  0.0223898089473182 0.000265673766802234   0.0210262743200853  0.00172029587439673   0.0238309033903186   0.0120858523588046
  0.0225017579920548 0.000266999727987151   0.0246044216858203  0.00177698324528277   0.0240243931910487   0.0117838198960616
  0.0226142667820151 0.000268332415736296   0.0228480257742998  0.00175011984275294   0.0242168401847862   0.0114902114374669
  0.0227273381159251 0.000269671860041828   0.0257524937264886  0.00186256031431221   0.0244047097897382    0.011204756808524
  0.0228409748065048 0.000271018091174227   0.0226601246898821  0.00167172566144486   0.0245846765909755   0.0109271960030015
  0.0229551796805373 0.000272371139679434   0.0262874925012018  0.00181317961904128   0.0247536271593859   0.0106572787315246
    0.02306995557894 0.000273731036376111   0.0223761917672503  0.00165361393211051   0.0249086622791961   0.0103947639936228
  0.0231853053568347 0.000275097812353018   0.0216674080279338  0.00164012444504776   0.0250470986120147   0.0101394196718244
  0.0233012318836188 0.000276471498966502   0.0247860460774339   0.0017239901747403   0.0251664698235465  0.00989102214649018
  0.0234177380430369 0.000277852127838085   0.0295482441675847   0.0018640594553595   0.0252645271970043  0.00964935593016179
  0.0235348267332521 0.000279239730852173   0.0246291822448842  0.00166047333596683   0.0253392397548547  0.00941421332028631
  0.0236525008669184 0.000280634340153855   0.0257239469142137  0.00169964494228219   0.0253887939079289  0.00918539406925208
   0.023770763371253 0.000282035988146808   0.0258961498827154  0.00168057026053594   0.0254115926481759   0.0089627050707411
  0.0238896171881092 0.000283444707491296   0.0258217998306205  0.00169367434844979   0.0254062542984734  0.00874596006146893
  0.0240090652740498 0.000284860531102264   0.0246229295595479  0.00165311620597261   0.0253716108300073  0.00853497933744244
    0.02412911060042 0.000286283492147523   0.0259054931505989   0.0016641340448116    0.025306705754833  0.00832958948392172
  0.0242497561534221 0.000287713624046029   0.0254181789851688  0.00166196149324385   0.0252107915983891   0.0081296231183246
  0.0243710049341892 0.000289150960466238   0.0255560368370376  0.00165337562311162   0.0250833269540055  0.00793491864535958
  0.0244928599588602 0.000290595535324555   0.0276332206798453  0.00173062041238553   0.0249239731188783  0.00774532002371861
  0.0246153242586545 0.000292047382783861   0.0252029705452745   0.0017258055543917   0.0247325903086238  0.00756067654370156
  0.0247384008799477 0.000293506537252118   0.0222141870054426  0.00156629823271001   0.0245092334454254  0.00738084261518402
  0.0248620928843475 0.000294973033381051   0.0254860715916387  0.00155289588116594   0.0242541475129858  0.00720567756537518
  0.0249864033487692 0.000296446906064913    0.024930109708711  0.00152660129200113   0.0239677624700546  0.00703504544584649
   0.025111335365513 0.000297928190439308   0.0241723138205237  0.00152289550042811   0.0236506877132395  0.00686881484834307
  0.0252368920423406   0.0002994169218801    0.024975985955454  0.00152987656779453    0.023303706079189  0.00670685872891874
  0.0253630765025523 0.000300913136002382   0.0219159877086358  0.00139850729991391   0.0229277673760718  0.00654905423996286
  0.0254898918850651 0.000302416868659516   0.0230557362347782   0.0014308805094796   0.0225239814346231  0.00639528256971273
  0.0256173413444904 0.000303928155942233   0.0226537523590072  0.00141745329456526   0.0220936106698954  0.00624542878886871
  0.0257454280512128 0.000305447034177805   0.0226662728260938  0.00140562387263462   0.0216380621462734  0.00609938170395155
  0.0258741551914689 0.000306973539929269   0.0198604920988297  0.00129237023064219   0.0211588791402977  0.00595703371706222
  0.0260035259674262 0.000308507709994719   0.0194238236941808  0.00130437362665473   0.0206577321984077  0.00581828069172382
  0.0261335435972634 0.000310049581406652   0.0206416493095283  0.00134261662181669    0.020136409689854  0.00568302182450324
  0.0262642113152497  0.00031159919143137   0.0201337679915823  0.00131510595819491    0.019596807858744  0.00555115952212754
  0.0263955323718259  0.00031315657756844   0.0198985965178183  0.00129141606476456   0.0190409203834514  0.00542259928382557
  0.0265275100336851 0.000314721777550205   0.0187661492254091  0.00124276529226176   0.0184708274564135  0.00529724958864055
  0.0266601475838535 0.000316294829341348     0.01908280663482  0.00126305174828491   0.0178886844026236  0.00517502178747333
  0.0267934483217727 0.000317875771138508   0.0189195970335091  0.00135488090049246   0.0172967098608498  0.00505582999962908
  0.0269274155633816 0.000319464641369943   0.0150934550466244  0.00116640873693978   0.0166971735577108  0.00493959101365253
  0.0270620526411985 0.000321061478695242   0.0184990899723443   0.0011842734013935   0.0160923837111525  0.00482622419224861
  0.0271973629044045 0.000322666322005084   0.0147944991423217  0.00106177397026058   0.0154846741064956  0.00471565138109607
  0.0273333497189265 0.000324279210421041   0.0150818434685999  0.00104614713967288   0.0148763908949863  0.00460779682137197
  0.0274700164675212 0.000325900183295427   0.0150861149164446  0.00104648373434024    0.014269879171563  0.00450258706581456
  0.0276073665498588 0.000327529280211188   0.0137347078813012  0.00100694417295088   0.0136674693952436  0.00439995089816117
   0.027745403382608 0.000329166540981836   0.0145196895607838  0.00101636335332588   0.0130714637220183  0.00429981925580617
  0.0278841303995211 0.000330812005651421   0.0122111905750207 0.000945061698921089   0.0124841223262749  0.00420212515553215
  0.0280235510515187 0.000332465714494545   0.0129498285788532 0.000962667667438138   0.0119076497924641  0.00410680362217509
  0.0281636688067763 0.000334127708016412   0.0124231279826816 0.000937564108697431   0.0113441816637884  0.00401379162009126
  0.0283044871508101 0.000335798026952919  0.00966056611721654 0.000827093775968433   0.0107957712390638  0.00392302798730054
  0.0284460095865642  0.00033747671227078  0.00913504285102964   0.0007969257982269   0.0102643767124129  0.00383445337218689
   0.028588239634497 0.000339163805167685  0.00888080146132655 0.000791970200587056  0.00975184875300708  0.00374801017264312
  0.0287311808326695 0.000340859347072503   0.0104552927887397  0.00089588162135197   0.0092599186235698  0.00366364247755218
  0.0288748367368328   0.0003425633796455  0.00788439539617738 0.000749716216200352  0.00879018693669982  0.00358129601050314
   0.029019210920517 0.000344275944778613   0.0076067201949948  0.00072633046173599  0.00834411314720086  0.00350091807564453
  0.0291643069751196 0.000345997084595733  0.00815011248301066  0.00073391976489659  0.00792300587645871  0.00342245750558285
  0.0293101285099952 0.000347726841453039  0.00744777478172363 0.000717772613180952  0.00752801416146306  0.00334586461123838
  0.0294566791525452  0.00034946525793935    0.006826263701164 0.000668552437922295  0.00716011971631882  0.00327109113357462
  0.0296039625483079 0.000351212376876509  0.00599198207395595 0.000620585750323818  0.00682013028805253  0.00319809019712197
  0.0297519823610494 0.000352968241319799  0.00687281417826358 0.000666747614910523  0.00650867418123371  0.00312681626521975
  0.0299007422728547 0.000354732894558383  0.00603487426472409 0.000637460333113323  0.00622619601747073  0.00305722509690448
  0.0300502459842189 0.000356506380115779  0.00537751865447653  0.00058260555546397  0.00597295378629537  0.00298927370537568
    0.03020049721414 0.000358288741750348  0.00576981401493334 0.000616388875811817  0.00574901723343578   0.0029229203179737
  0.0303514997002107 0.000360080023455823  0.00477406076406337 0.000572229636885502  0.00555426762112941  0.00285812433760712
  0.0305032571987118 0.000361880269461855  0.00433864206446724 0.000535570844075171  0.00538839888309735  0.00279484630557023
  0.0306557734847053 0.000363689524234583   0.0043173530377445 0.000537039113244074  0.00525092018425524   0.0027330478656937
  0.0308090523521288 0.000365507832477236  0.00428814035539765 0.000546702560449176  0.00514115988235152  0.00267269172977447
  0.0309630976138895 0.000367335239130748  0.00473242897429144 0.000567726675177394  0.00505827087568099  0.00261374164423294
  0.0311179131019589 0.000369171789374406  0.00388332950315237 0.000520695093563451  0.00500123730800715   0.0025561623579483
  0.0312735026674687 0.000371017528626513   0.0048087602946849  0.00055291678314428  0.00496888258901909  0.00249991959122479
  0.0314298701808061 0.000372872502545078  0.00416881443748951  0.00052258333636106  0.00495987867622359  0.00244498000584389
  0.0315870195317101 0.000374736757028525  0.00534841342448558 0.000569415674823918  0.00497275655229342  0.00239131117615959
  0.0317449546293686 0.000376610338216425  0.00528367496920801 0.000562518258258719  0.00500591782070559  0.00233888156119549
  0.0319036794025155 0.000378493292490246  0.00457965839238473 0.000524616555028935  0.00505764733214187  0.00228766047770462
   0.032063197799528 0.000380385666474122  0.00488190042504239 0.000545077598301382   0.0051261267446954  0.00223761807415439
  0.0322235137885257 0.000382287507035649  0.00560505701892251  0.00060937236718351  0.00520944891252382  0.00218872530560085
  0.0323846313574683 0.000384198861286693  0.00526140729177304 0.000576743971613852  0.00530563299027277  0.00214095390941784
  0.0325465545142557 0.000386119776584218  0.00518334027679089 0.000630392725275798  0.00541264013440982  0.00209427638184837
  0.0327092872868269 0.000388050300531133  0.00612205949093857 0.000653893271353295  0.00552838967757368  0.00204866595534662
  0.0328728337232611 0.000389990480977161   0.0046413033826767 0.000564276633289764  0.00565077564815827  0.00200409657668069
  0.0330371978918774 0.000391940366019718  0.00539559185774478 0.000580980216993199   0.0057776835045911  0.00196054288576711
  0.0332023838813367 0.000393900004004815  0.00598404651544817 0.000609822655366815  0.00590700695209439  0.00191798019520981
  0.0333683958007434 0.000395869443527978  0.00651347316052627 0.000649271159305458  0.00603666470908089  0.00187638447051683
  0.0335352377797471 0.000397848733435175  0.00573962101351612 0.000587919174849174  0.00616461709067192  0.00183573231096986
  0.0337029139686459 0.000399837922823775  0.00610421133016472 0.000614322684419588  0.00628888227806249    0.001796000931122
  0.0338714285384891 0.000401837061043506  0.00732523388740344 0.000669310015208372  0.00640755214452426   0.0017571681429008
  0.0340407856811815 0.000403846197697443  0.00699564217844748  0.00065323106640296  0.00651880751165817  0.00171921233829425
  0.0342109896095874 0.000405865382643002  0.00746857449041259 0.000671491382910872  0.00662093271301797  0.00168211247259827
  0.0343820445576354  0.00040789466599295  0.00722186527080192 0.000639673742732323  0.00671232934636099  0.00164584804820537
  0.0345539547804236 0.000409934098116439  0.00611395266702383 0.000594698769315533  0.00679152910049568  0.00161039909891478
  0.0347267245543257 0.000411983729640041  0.00655923138431025 0.000624103052393525    0.006857205547947  0.00157574617474529
  0.0349003581770973 0.000414043611448806  0.00794523440392905 0.000672867771744096  0.00690818480043168  0.00154187032723255
  0.0350748599679828 0.000416113794687333  0.00756740603353885   0.0006736001729448  0.00694345493041637  0.00150875309519374
  0.0352502342678227 0.000418194330760852  0.00705221697188417 0.000626396479373943  0.00696217406883611  0.00147637649094278
  0.0354264854391618 0.000420285271336322  0.00604528899310689 0.000585855781912979  0.00696367709640199  0.00144472298694008
  0.0356036178663576 0.000422386668343543  0.00640241170802767 0.000598439289925292  0.00694748085386746  0.00141377550286169
  0.0357816359556894 0.000424498573976278  0.00679208224565506 0.000592276161441682  0.00691328780520533  0.00138351739307279
  0.0359605441354678 0.000426621040693389  0.00840055196540637 0.000662840541414664  0.00686098809693352  0.00135393243449166
  0.0361403468561452  0.00042875412121999   0.0065777135666088 0.000578021199134665  0.00679065996688654  0.00132500481483026
  0.0363210485904259 0.000430897868548605  0.00721126320004522 0.000609695884521112  0.00670256846662912   0.0012967191211986
   0.036502653833378 0.000433052335940347   0.0067765974645822 0.000594924315286998  0.00659716247351344  0.00126906032906005
  0.0366851671025449 0.000435217576926098  0.00726507979289648 0.000638945593958233  0.00647506998114783  0.00124201379152573
  0.0368685929380576 0.000437393645307717  0.00619759788198472 0.000581797191474083  0.00633709167081042   0.0012155652289762
  0.0370529359027479 0.000439580595159243   0.0060224526176312 0.000544278994216179  0.00618419278112397  0.00118970071899944
  0.0372382005822616  0.00044177848082812  0.00617350662253024 0.000564268686677572  0.00601749330909655  0.00116440668663411
  0.0374243915851729 0.000443987356936432    0.005477651530117 0.000548884311139413  0.00583825659238316  0.00113966989490808
  0.0376115135430988 0.000446207278382147  0.00565593660666881 0.000553190638448741  0.00564787634024922  0.00111547743566194
  0.0377995711108143 0.000448438300340375  0.00557662690709908 0.000522880834315813  0.00544786219909438  0.00109181672064817
  0.0379885689663684 0.000450680478264636  0.00483065437568046 0.000504863474522521  0.00523982395734731  0.00106867547289661
  0.0381785118112002 0.000452933867888138  0.00491880795379853 0.000519370700707582  0.00502545451384864   0.0010460417183374
  0.0383694043702562 0.000455198525225067  0.00462811488671037 0.000464460678242119  0.00480651175322845  0.00102390377767281
  0.0385612513921075  0.00045747450657189  0.00494756777617517  0.00048823403910472  0.00458479949094093  0.00100225025848981
   0.038754057649068 0.000459761868508664   0.0054970885103219 0.000505361025386446  0.00436214766917899 0.000981070047605319
  0.0389478279373133  0.00046206066790036  0.00472696946173762 0.000465135933589847  0.00414039200246402 0.000960352303636663
  0.0391425670769999 0.000464370961898195  0.00436176857894593 0.000444621346223631  0.00392135328786026 0.000940086449789706
  0.0393382799123849 0.000466692807940977  0.00339997449219156 0.000398937932439269  0.00370681660906041 0.000920262166857707
  0.0395349713119468 0.000469026263756455  0.00325366462004372 0.000411062772143183  0.00349851067557758 0.000900869386423999
  0.0397326461685065 0.000471371387362686   0.0038634814789173 0.000418570158603931   0.0032980875475165 0.000881898284261911
  0.0399313093993491 0.000473728237069408  0.00362656497514088 0.000402505530388554  0.00310710300246643 0.000863339273925596
  0.0401309659463458 0.000476096871479424    0.002530624360622 0.000352009516914987  0.00292699780357487 0.000845183000525633
  0.0403316207760775 0.000478477349489996  0.00207397577316582 0.000302196553547584  0.00275908012649937 0.000827420334683496
  0.0405332788799579 0.000480869730294253   0.0021954359873016 0.000310161138108485  0.00260450939743025 0.000810042366659204
  0.0407359452743577 0.000483274073382596  0.00234254037241213 0.000332474104501588  0.00246428178455322 0.000793040400646648
  0.0409396250007295 0.000485690438544133  0.00251078455264536 0.000345964070625629  0.00233921757108788 0.000776405949231301
  0.0411443231257331 0.000488118885868105  0.00201713468037941 0.000297111610382853  0.00222995061941198  0.00076013072800519
  0.0413500447413618  0.00049055947574533  0.00166144983424747 0.000281981528735037  0.00213692011288082 0.000744206650334207
  0.0415567949650686 0.000493012268869663  0.00185608273839654    0.000305625442868  0.00206036473500689 0.000728625822272978
  0.0417645789398939 0.000495477326239451  0.00195483402999712 0.000302819451290965  0.00200031941501184 0.000713380537622704
  0.0419734018345934 0.000497954709159007  0.00178105005490394 0.000274537685933183   0.0019566147348377 0.000698463273127529
  0.0421832688437664 0.000500444479240096   0.0021202894488215  0.00029954378137107  0.00192887905603455 0.000683866683805151
  0.0423941851879852 0.000502946698403422  0.00163701461896725 0.000277816625807492  0.00191654338613319 0.000669583598407529
  0.0426061561139251 0.000505461428880132  0.00163041457549046 0.000295553860747173  0.00191884896383113   0.0006556070150077
  0.0428191868944947 0.000507988733213324  0.00162224861395231 0.000294071429052801  0.00193485750127997 0.000641930096708828
  0.0430332828289672 0.000510528674259567   0.0018450262861309 0.000277826180780187  0.00196346398069698 0.000628546167471766
   0.043248449243112 0.000513081315190435  0.00175210489375705  0.00028868776578335  0.00200341186217397 0.000615448708057521
  0.0434646914893276 0.000515646719494037  0.00212356807148802 0.000296999029426602  0.00205331052064538 0.000602631352081137
  0.0436820149467742 0.000518224950976573  0.00120981117186364 0.000258500163608267   0.0021116546931966 0.000590087882173624
  0.0439004250215081 0.000520816073763886  0.00197618316262922 0.000298997618832759  0.00217684568388204 0.000577812226248697
  0.0441199271466156 0.000523420152303031  0.00211400260942086 0.000306161184135895  0.00224721404255978 0.000565798453871148
  0.0443405267823487  0.00052603725136385  0.00225696211421257 0.000323320130183013  0.00232104340743867 0.000554040772723843
  0.0445622294162604 0.000528667436040558  0.00227102684054132 0.000305815581501682   0.0023965951785022 0.000542533525170369
  0.0447850405633417 0.000531310771753337  0.00237552289836279 0.000337030385043528   0.0024721336710641 0.000531271184910522
  0.0450089657661584 0.000533967324249937  0.00244489151353601 0.000333630107335947  0.00254595138568898 0.000520248353725847
  0.0452340105949892 0.000536637159607294  0.00243964603258386 0.000332901198117683  0.00261639402276377   0.0005094597583126
  0.0454601806479642 0.000539320344233148  0.00240280175653582 0.000334112603527396  0.00268188486725211 0.000498900247199543
   0.045687481551204 0.000542016944867677  0.00260170317010479 0.000332641654254663  0.00274094817165994  0.00048856478774808
    0.04591591895896 0.000544727028585134  0.00266536671108456 0.000340800890983103  0.00279223117299341 0.000478448463232328
  0.0461454985537548 0.000547450662795502  0.00286300304662729 0.000386778283918246  0.00283452439246018 0.000468546469996796
  0.0463762260465236 0.000550187915246147  0.00327198025448331 0.000387777386468827  0.00286677988478217 0.000458854114689394
  0.0466081071767562 0.000552938854023494  0.00275783116736747  0.00036006846859827  0.00288812712714861  0.00044936681156762
  0.0468411477126399 0.000555703547554697  0.00358421778562884 0.000399085637304997   0.0028978862659168 0.000440080079875773
  0.0470753534512031 0.000558482064609329  0.00229824942791292 0.000345275396847376  0.00289557847201141 0.000430989541291171
  0.0473107302184591 0.000561274474301081  0.00289390702424946 0.000365578284791351  0.00288093319339838 0.000422090917437382
  0.0475472838695514 0.000564080846089461  0.00321400455590779 0.000370599413138074  0.00285389213479808 0.000413380027462542
  0.0477850202888992 0.000566901249781515  0.00297159130579639 0.000366773647530466  0.00281460984068584 0.000404852785680909
  0.0480239453903437 0.000569735755533548  0.00318282587381185 0.000387038381658298  0.00276345080727803 0.000396505199275844
  0.0482640651172954 0.000572584433852856  0.00296375340782914  0.00040505263178343  0.00270098310221109 0.000388333366062485
  0.0485053854428819 0.000575447355599472  0.00199339038258599  0.00030873288118711  0.00262796852648851 0.000380333472308409
  0.0487479123700963 0.000578324591987914  0.00217158069154729 0.000328291926936612  0.00254534941138563 0.000372501790610651
  0.0489916519319468 0.000581216214588952  0.00281200471333926 0.000352521877254325  0.00245423220262939 0.000364834677827497
  0.0492366101916065 0.000584122295331371  0.00271205848580266 0.000336015142032106  0.00235586804444022 0.000357328573063511
  0.0494827932425645 0.000587042906503759  0.00214009497144203 0.000299339778977932  0.00225163063593031 0.000349979995706291
  0.0497302072087773 0.000589978120756292  0.00223604764882308  0.00030975271340892  0.00214299169075501 0.000342785543513534
  0.0499788582448212 0.000592928011102532  0.00249342282534107 0.000337358362801762   0.0020314943865469 0.000335741890748989
  0.0502287525360453  0.00059589265092124  0.00207436507419288 0.000296037806582682  0.00191872524215905 0.000328845786365949
  0.0504798962987255  0.00059887211395819  0.00188914826727122 0.000284537903732962  0.00180647329100976 0.000322106767259961
  0.0507322957802191 0.000601866474327999  0.00192669483060289 0.000286967381610968  0.00169663553657341    0.000315544544266
  0.0509859572591202 0.000604875806515963  0.00127449040260625 0.000250914681471638  0.00159160963782871 0.000309221371548988
  0.0512408870454158 0.000607900185379903  0.00148843238541855 0.000268464915853142   0.0014943788765926 0.000303260109254228
  0.0514970914806429 0.000610939686152021  0.00115997446296374  0.00026546674499463  0.00140814312224786 0.000297835218805868
  0.0517545769380461 0.000613994384440769  0.00156573780038187 0.000264452420150162  0.00133535458896691 0.000293116471116232
  0.0520133498227364 0.000617064356232722  0.00114074626386047 0.000267622541474094  0.00127679231022665 0.000289197523391936
    0.05227341657185 0.000620149677894463 0.000993199969405393 0.000249867258263274   0.0012314404908639 0.000286065375351773
  0.0525347836547093 0.000623250426174477 0.000958405167950317 0.000208997534946317  0.00119715284700695 0.000283624891415242
