# Experiment IPTS-36897 Run 226645
# Reduction 2.10.0.dev1
# Run title: Sample_5_tNR-226645-2.
# Run start time: 2026-03-30T04:24:10.557343667
# Reduction time: Mon Apr 27 17:40:35 2026
# Q summing: False
# TOF weighted: False
# Bck in Q: False
# Theta offset: 0.0
# Stitching type: None
# DataRun   NormRun   TwoTheta(deg)  LambdaMin(A)   LambdaMax(A) Qmin(1/A)    Qmax(1/A)    SF_A         SF_B          SF
# 226645    226560    2.39945        2.67975        9.59606      0.0274       0.0981       25.0         0            1.0         
# Q [1/Angstrom]        R                     dR                    dQ [FWHM]            
  0.0275960870579050    0.0140912688192324    0.0025450913289681    0.0006048793154787
  0.0277340674931945    0.0157704835872026    0.0008832678765498    0.0006079037120561
  0.0278727378306605    0.0139064005683725    0.0007176227456384    0.0006109432306163
  0.0280121015198138    0.0141328372718131    0.0007272491593910    0.0006139979467694
  0.0281521620274129    0.0145111809360068    0.0007329665928566    0.0006170679365033
  0.0282929228375499    0.0135023969467569    0.0006516222822831    0.0006201532761858
  0.0284343874517377    0.0142641674357553    0.0007103191593682    0.0006232540425667
  0.0285765593889964    0.0139062441208489    0.0006732132546543    0.0006263703127796
  0.0287194421859414    0.0141548833799026    0.0006855335267510    0.0006295021643435
  0.0288630393968711    0.0138630089360298    0.0006598209300550    0.0006326496751652
  0.0290073545938554    0.0151978590230016    0.0007373037886195    0.0006358129235410
  0.0291523913668247    0.0144254137948730    0.0006766536823759    0.0006389919881587
  0.0292981533236588    0.0146134322773553    0.0006871608231587    0.0006421869480995
  0.0294446440902771    0.0136519834270921    0.0006144995649978    0.0006453978828400
  0.0295918673107285    0.0135115928887927    0.0006026100664788    0.0006486248722542
  0.0297398266472821    0.0135899888799551    0.0005981993694176    0.0006518679966155
  0.0298885257805185    0.0140149239098113    0.0006249092468891    0.0006551273365985
  0.0300379684094211    0.0134782668314280    0.0005809624361093    0.0006584029732815
  0.0301881582514682    0.0139127552516705    0.0006076735256548    0.0006616949881479
  0.0303390990427256    0.0135465682455472    0.0005777591352125    0.0006650034630887
  0.0304907945379392    0.0135979105165014    0.0005774650181426    0.0006683284804041
  0.0306432485106289    0.0135578248493712    0.0005745115861868    0.0006716701228061
  0.0307964647531820    0.0127568833062762    0.0005176586299503    0.0006750284734202
  0.0309504470769479    0.0128781602777527    0.0005347344305255    0.0006784036157873
  0.0311051993123327    0.0113995251360156    0.0004493946987293    0.0006817956338662
  0.0312607253088943    0.0121385736399236    0.0004890038240154    0.0006852046120355
  0.0314170289354388    0.0126446683770969    0.0005165460306679    0.0006886306350957
  0.0315741140801160    0.0116539675492462    0.0004550854062148    0.0006920737882712
  0.0317319846505165    0.0111185814470734    0.0004311839479269    0.0006955341572126
  0.0318906445737691    0.0111622961951997    0.0004361900880967    0.0006990118279986
  0.0320500977966380    0.0118258852403039    0.0004664841468710    0.0007025068871386
  0.0322103482856212    0.0106517146432715    0.0004050935840200    0.0007060194215743
  0.0323714000270493    0.0108684913059986    0.0004093855223252    0.0007095495186822
  0.0325332570271845    0.0097065267322289    0.0003552667553834    0.0007130972662756
  0.0326959233123204    0.0100167593624475    0.0003699504223461    0.0007166627526070
  0.0328594029288820    0.0100948558287832    0.0003733021060082    0.0007202460663700
  0.0330236999435264    0.0091147712691156    0.0003258693094387    0.0007238472967019
  0.0331888184432441    0.0088245905881528    0.0003121623240154    0.0007274665331854
  0.0333547625354603    0.0087130595651959    0.0003075134222672    0.0007311038658513
  0.0335215363481376    0.0083307082666246    0.0002922712277310    0.0007347593851805
  0.0336891440298783    0.0084603843199744    0.0003003694418127    0.0007384331821064
  0.0338575897500276    0.0081733506361150    0.0002856420074025    0.0007421253480170
  0.0340268776987778    0.0078772705579806    0.0002735155862233    0.0007458359747571
  0.0341970120872717    0.0077001603064776    0.0002655663229996    0.0007495651546308
  0.0343679971477080    0.0072492271744625    0.0002442882724568    0.0007533129804040
  0.0345398371334466    0.0072257846332653    0.0002442612157214    0.0007570795453060
  0.0347125363191138    0.0068015023043080    0.0002268893018213    0.0007608649430326
  0.0348860990007094    0.0065754524670946    0.0002179182229049    0.0007646692677477
  0.0350605294957129    0.0066293627191460    0.0002212779968768    0.0007684926140865
  0.0352358321431915    0.0061807211046166    0.0002009072240961    0.0007723350771569
  0.0354120113039074    0.0058093587244831    0.0001888590891273    0.0007761967525427
  0.0355890713604269    0.0058725022880355    0.0001914314490608    0.0007800777363054
  0.0357670167172291    0.0051883128214520    0.0001664689803341    0.0007839781249869
  0.0359458518008152    0.0053309646007073    0.0001708845147313    0.0007878980156118
  0.0361255810598193    0.0052123175419318    0.0001669594045414    0.0007918375056899
  0.0363062089651184    0.0047878949344031    0.0001503008968518    0.0007957966932184
  0.0364877400099440    0.0046192825270123    0.0001421336371943    0.0007997756766844
  0.0366701787099937    0.0047228997850226    0.0001493050637705    0.0008037745550679
  0.0368535296035436    0.0043764871477233    0.0001361422611827    0.0008077934278432
  0.0370377972515614    0.0040913544354115    0.0001242501611760    0.0008118323949824
  0.0372229862378192    0.0043392038240653    0.0001323795239556    0.0008158915569573
  0.0374091011690083    0.0040348174749025    0.0001213857888116    0.0008199710147421
  0.0375961466748533    0.0040365974808107    0.0001229858958208    0.0008240708698158
  0.0377841274082275    0.0036641051400746    0.0001096277662004    0.0008281912241649
  0.0379730480452687    0.0037101401404356    0.0001114818694776    0.0008323321802857
  0.0381629132854950    0.0038227662148312    0.0001130768860127    0.0008364938411872
  0.0383537278519225    0.0037740560333346    0.0001144400565380    0.0008406763103931
  0.0385454964911821    0.0033531864607024    0.0000962363004050    0.0008448796919451
  0.0387382239736380    0.0037396149255283    0.0001091512109863    0.0008491040904048
  0.0389319150935062    0.0036112655625646    0.0001038358439618    0.0008533496108568
  0.0391265746689737    0.0033141018466473    0.0000946321037752    0.0008576163589111
  0.0393222075423186    0.0035979286466166    0.0001033246019201    0.0008619044407057
  0.0395188185800302    0.0034414593465489    0.0000958848042061    0.0008662139629092
  0.0397164126729303    0.0032554235572936    0.0000888252607585    0.0008705450327237
  0.0399149947362950    0.0032341131989130    0.0000887952321166    0.0008748977578873
  0.0401145697099764    0.0034442226235200    0.0000944364618342    0.0008792722466768
  0.0403151425585263    0.0034274823499365    0.0000925400624221    0.0008836686079102
  0.0405167182713189    0.0034054543024824    0.0000907804213575    0.0008880869509497
  0.0407193018626755    0.0035168953046331    0.0000935691528361    0.0008925273857045
  0.0409228983719889    0.0035073035046291    0.0000923496429114    0.0008969900226330
  0.0411275128638489    0.0034933970734980    0.0000907331993360    0.0009014749727462
  0.0413331504281681    0.0034458291141749    0.0000888186690055    0.0009059823476099
  0.0415398161803089    0.0035674358195690    0.0000911899336926    0.0009105122593479
  0.0417475152612105    0.0034357270022889    0.0000860903545816    0.0009150648206447
  0.0419562528375165    0.0035064292568604    0.0000867823562967    0.0009196401447479
  0.0421660341017041    0.0035150149517794    0.0000870905465616    0.0009242383454716
  0.0423768642722126    0.0035384875331060    0.0000859654836173    0.0009288595371990
  0.0425887485935737    0.0035340663286944    0.0000853457146000    0.0009335038348850
  0.0428016923365415    0.0035619620483864    0.0000859109367842    0.0009381713540594
  0.0430157007982242    0.0034989281588368    0.0000829504795649    0.0009428622108297
  0.0432307793022154    0.0035911229141021    0.0000843192311632    0.0009475765218839
  0.0434469331987264    0.0036498889258875    0.0000866405273975    0.0009523144044933
  0.0436641678647200    0.0036812375775342    0.0000862170401407    0.0009570759765157
  0.0438824887040437    0.0035083745616423    0.0000809904619108    0.0009618613563983
  0.0441019011475639    0.0034737487757487    0.0000790545287673    0.0009666706631803
  0.0443224106533017    0.0035021565616562    0.0000787367310725    0.0009715040164962
  0.0445440227065682    0.0033645186908238    0.0000742547893196    0.0009763615365787
  0.0447667428201010    0.0035419716197982    0.0000791946807528    0.0009812433442616
  0.0449905765342015    0.0034397236140345    0.0000766796428590    0.0009861495609829
  0.0452155294168725    0.0035141390769069    0.0000773085576674    0.0009910803087878
  0.0454416070639569    0.0035035980807612    0.0000765861179988    0.0009960357103317
  0.0456688150992767    0.0033888447686330    0.0000748066225528    0.0010010158888834
  0.0458971591747730    0.0033046746168713    0.0000716220053398    0.0010060209683278
  0.0461266449706469    0.0032098385332185    0.0000702744182501    0.0010110510731695
  0.0463572781955001    0.0031005269221851    0.0000668276880964    0.0010161063285353
  0.0465890645864776    0.0030591302959640    0.0000653943754438    0.0010211868601780
  0.0468220099094100    0.0029432389080357    0.0000618686053112    0.0010262927944789
  0.0470561199589570    0.0028535036809176    0.0000612298039686    0.0010314242584513
  0.0472914005587518    0.0027755199185842    0.0000578458354662    0.0010365813797435
  0.0475278575615456    0.0027573524494679    0.0000582602175875    0.0010417642866422
  0.0477654968493533    0.0027274867132641    0.0000573917724639    0.0010469731080755
  0.0480043243336001    0.0025801131939151    0.0000541286384556    0.0010522079736158
  0.0482443459552681    0.0025782261546154    0.0000544643579436    0.0010574690134839
  0.0484855676850444    0.0023515630977275    0.0000497582803547    0.0010627563585513
  0.0487279955234696    0.0023942015418470    0.0000499841441179    0.0010680701403441
  0.0489716355010870    0.0022948894264072    0.0000489410962277    0.0010734104910458
  0.0492164936785924    0.0022295076486230    0.0000479238352072    0.0010787775435010
  0.0494625761469853    0.0021742824974002    0.0000491023055174    0.0010841714312185
  0.0497098890277203    0.0020037290900796    0.0000432437386256    0.0010895922883746
  0.0499584384728589    0.0019482057062399    0.0000410619650810    0.0010950402498165
  0.0502082306652232    0.0018999680127419    0.0000403417490280    0.0011005154510656
  0.0504592718185493    0.0018534518178713    0.0000396483577202    0.0011060180283209
  0.0507115681776420    0.0017075106076975    0.0000365522180870    0.0011115481184625
  0.0509651260185302    0.0017005754506884    0.0000365236724759    0.0011171058590548
  0.0512199516486228    0.0015814437927403    0.0000345823676313    0.0011226913883501
  0.0514760514068660    0.0015715760067605    0.0000340838092507    0.0011283048452919
  0.0517334316639003    0.0016373051607269    0.0000354246509905    0.0011339463695183
  0.0519920988222198    0.0015271538179888    0.0000337694809276    0.0011396161013659
  0.0522520593163309    0.0014787861402583    0.0000318495248128    0.0011453141818727
  0.0525133196129125    0.0013892445661392    0.0000306749793208    0.0011510407527821
  0.0527758862109771    0.0014158737304638    0.0000312677115972    0.0011567959565460
  0.0530397656420320    0.0014816065388638    0.0000315470897307    0.0011625799363287
  0.0533049644702421    0.0014034223522068    0.0000305639678961    0.0011683928360104
  0.0535714892925933    0.0014528691048801    0.0000316102351194    0.0011742348001904
  0.0538393467390563    0.0013691311492900    0.0000311356100532    0.0011801059741914
  0.0541085434727516    0.0013597051148815    0.0000304619439099    0.0011860065040623
  0.0543790861901153    0.0013961860930420    0.0000295814668369    0.0011919365365827
  0.0546509816210659    0.0013404619889133    0.0000283478343173    0.0011978962192656
  0.0549242365291712    0.0014069812722723    0.0000288497108726    0.0012038857003619
  0.0551988577118171    0.0013565278970129    0.0000281006696641    0.0012099051288637
  0.0554748520003761    0.0013648021006756    0.0000273781520613    0.0012159546545080
  0.0557522262603780    0.0014001865307493    0.0000285644337442    0.0012220344277806
  0.0560309873916799    0.0014012142940622    0.0000283271512490    0.0012281445999195
  0.0563111423286383    0.0013898617136931    0.0000279789863585    0.0012342853229191
  0.0565926980402815    0.0014031772144063    0.0000284257311605    0.0012404567495337
  0.0568756615304829    0.0014052718871773    0.0000282069758760    0.0012466590332813
  0.0571600398381353    0.0014159662505589    0.0000286217662796    0.0012528923284477
  0.0574458400373259    0.0014023677251458    0.0000278385952080    0.0012591567900900
  0.0577330692375126    0.0013447622505517    0.0000263564078781    0.0012654525740404
  0.0580217345837001    0.0013872036235580    0.0000267412851108    0.0012717798369106
  0.0583118432566186    0.0014104723397339    0.0000272923170268    0.0012781387360952
  0.0586034024729017    0.0013832051125464    0.0000269020841248    0.0012845294297757
  0.0588964194852662    0.0013734425856149    0.0000262545661974    0.0012909520769245
  0.0591909015826925    0.0013522278195146    0.0000266020423413    0.0012974068373092
  0.0594868560906060    0.0013208680830478    0.0000258911382986    0.0013038938714957
  0.0597842903710590    0.0013313977021925    0.0000258952740698    0.0013104133408532
  0.0600832118229143    0.0012961679086840    0.0000251531793530    0.0013169654075574
  0.0603836278820289    0.0012732463845618    0.0000249409112182    0.0013235502345952
  0.0606855460214390    0.0012438084498492    0.0000240159263240    0.0013301679857682
  0.0609889737515462    0.0012116761974136    0.0000240134701822    0.0013368188256971
  0.0612939186203039    0.0012399669124578    0.0000242195368256    0.0013435029198255
  0.0616003882134054    0.0011660364325645    0.0000234238099900    0.0013502204344247
  0.0619083901544725    0.0011597194007616    0.0000231759300549    0.0013569715365968
  0.0622179321052448    0.0010996157082560    0.0000222932845188    0.0013637563942798
  0.0625290217657710    0.0010770159429669    0.0000218021136874    0.0013705751762512
  0.0628416668745999    0.0010490845666195    0.0000218862635150    0.0013774280521324
  0.0631558752089729    0.0009975883431639    0.0000208822945607    0.0013843151923931
  0.0634716545850177    0.0010101248232680    0.0000209398820010    0.0013912367683551
  0.0637890128579428    0.0009875252169210    0.0000207472808981    0.0013981929521968
  0.0641079579222325    0.0009047489904442    0.0000198080704670    0.0014051839169578
  0.0644284977118437    0.0008964586448707    0.0000197551220602    0.0014122098365426
  0.0647506402004029    0.0008608334582750    0.0000195707454394    0.0014192708857253
  0.0650743934014049    0.0008663045055891    0.0000194370010248    0.0014263672401539
  0.0653997653684119    0.0007991119326459    0.0000197242206057    0.0014334990763547
  0.0657267641952540    0.0007691055867073    0.0000191215557120    0.0014406665717365
  0.0660553980162302    0.0007549322749515    0.0000186028864855    0.0014478699045952
  0.0663856750063114    0.0007423867785819    0.0000182371251594    0.0014551092541181
  0.0667176033813429    0.0007383394255732    0.0000180763222613    0.0014623848003887
  0.0670511913982496    0.0007232126095694    0.0000174539303756    0.0014696967243907
  0.0673864473552409    0.0006962859843314    0.0000168446059629    0.0014770452080126
  0.0677233795920171    0.0006918853902616    0.0000171630742750    0.0014844304340527
  0.0680619964899772    0.0006927916855335    0.0000169165034767    0.0014918525862230
  0.0684023064724270    0.0006684603111125    0.0000169673692528    0.0014993118491541
  0.0687443180047892    0.0006461674398804    0.0000164765979682    0.0015068084083998
  0.0690880395948131    0.0006659352246044    0.0000161163476513    0.0015143424504418
  0.0694334797927871    0.0006652237915270    0.0000157792734883    0.0015219141626940
  0.0697806471917511    0.0006524681931182    0.0000159935222521    0.0015295237335075
  0.0701295504277098    0.0006729161035383    0.0000157852662993    0.0015371713521751
  0.0704801981798484    0.0006689543841153    0.0000160350994046    0.0015448572089359
  0.0708325991707476    0.0006653314303420    0.0000156717581465    0.0015525814949806
  0.0711867621666013    0.0006309114534496    0.0000154575182431    0.0015603444024555
  0.0715426959774343    0.0006460768103168    0.0000153014584180    0.0015681461244678
  0.0719004094573215    0.0006266610115111    0.0000150651267185    0.0015759868550901
  0.0722599115046081    0.0006420257835496    0.0000147407604482    0.0015838667893656
  0.0726212110621311    0.0006259673602458    0.0000145664528851    0.0015917861233124
  0.0729843171174418    0.0006294683727764    0.0000148287334314    0.0015997450539290
  0.0733492387030290    0.0006199136051835    0.0000149744598601    0.0016077437791986
  0.0737159848965441    0.0006287407726349    0.0000148501519252    0.0016157824980946
  0.0740845648210268    0.0006370652408947    0.0000144796884309    0.0016238614105851
  0.0744549876451319    0.0005716916879012    0.0000142079556064    0.0016319807176380
  0.0748272625833576    0.0005623743523519    0.0000136005949678    0.0016401406212262
  0.0752013988962744    0.0005829825238912    0.0000137513334826    0.0016483413243323
  0.0755774058907557    0.0005775205005196    0.0000131563432820    0.0016565830309540
  0.0759552929202095    0.0005743157830707    0.0000134040823884    0.0016648659461088
  0.0763350693848105    0.0005562445202726    0.0000132202682255    0.0016731902758393
  0.0767167447317346    0.0005206332536540    0.0000129539832033    0.0016815562272185
  0.0771003284553933    0.0005195886860926    0.0000130101310425    0.0016899640083546
  0.0774858300976702    0.0004778333610179    0.0000123068221976    0.0016984138283964
  0.0778732592481586    0.0004819921400655    0.0000123397201421    0.0017069058975383
  0.0782626255443993    0.0004566896407818    0.0000121472090900    0.0017154404270260
  0.0786539386721213    0.0004543941790160    0.0000122194603753    0.0017240176291612
  0.0790472083654819    0.0004295837287458    0.0000119355423434    0.0017326377173070
  0.0794424444073093    0.0004278517761295    0.0000117665628246    0.0017413009058935
  0.0798396566293459    0.0004230751117654    0.0000114865040335    0.0017500074104230
  0.0802388549124926    0.0004012753657086    0.0000115060173313    0.0017587574474751
  0.0806400491870551    0.0003859750599472    0.0000111071048143    0.0017675512347125
  0.0810432494329903    0.0003810781200330    0.0000108676988535    0.0017763889908860
  0.0814484656801553    0.0003670250416621    0.0000106453443955    0.0017852709358405
  0.0818557080085560    0.0003679672069187    0.0000105517598446    0.0017941972905197
  0.0822649865485988    0.0003610911272272    0.0000105300225306    0.0018031682769723
  0.0826763114813418    0.0003509515869239    0.0000105867397765    0.0018121841183571
  0.0830896930387485    0.0003413887040917    0.0000105909208260    0.0018212450389489
  0.0835051415039422    0.0003346199151695    0.0000103252889140    0.0018303512641436
  0.0839226672114619    0.0003483393118832    0.0000102941231346    0.0018395030204644
  0.0843422805475192    0.0003394648308120    0.0000102714165142    0.0018487005355667
  0.0847639919502568    0.0003489885195412    0.0000100941611838    0.0018579440382445
  0.0851878119100081    0.0003257131530800    0.0000102065434524    0.0018672337584357
  0.0856137509695581    0.0003199084130875    0.0000102657499039    0.0018765699272279
  0.0860418197244059    0.0003204841428269    0.0000101430623150    0.0018859527768641
  0.0864720288230279    0.0003276897061932    0.0000100147488317    0.0018953825407484
  0.0869043889671431    0.0003048987146669    0.0000096730622537    0.0019048594534521
  0.0873389109119788    0.0003122534663810    0.0000095178797860    0.0019143837507194
  0.0877756054665386    0.0003048892637946    0.0000099618833901    0.0019239556694730
  0.0882144834938713    0.0002970053069133    0.0000095581658696    0.0019335754478203
  0.0886555559113407    0.0002957651572449    0.0000096488276992    0.0019432433250594
  0.0890988336908974    0.0003060116618154    0.0000096330754250    0.0019529595416847
  0.0895443278593518    0.0002896023999041    0.0000092813899561    0.0019627243393932
  0.0899920494986486    0.0002863225481522    0.0000094876414253    0.0019725379610901
  0.0904420097461418    0.0002528387922035    0.0000093320141594    0.0019824006508956
  0.0908942197948725    0.0002763045882510    0.0000091698735655    0.0019923126541501
  0.0913486908938469    0.0002526055599107    0.0000089078837848    0.0020022742174208
  0.0918054343483161    0.0002589103675551    0.0000091975848346    0.0020122855885079
  0.0922644615200577    0.0002442326679082    0.0000091747891303    0.0020223470164505
  0.0927257838276579    0.0002405137160054    0.0000091320300047    0.0020324587515327
  0.0931894127467962    0.0002210996171122    0.0000091649168886    0.0020426210452904
  0.0936553598105302    0.0002238400183500    0.0000088941423720    0.0020528341505168
  0.0941236366095829    0.0002121241643494    0.0000086987006279    0.0020630983212694
  0.0945942547926308    0.0002229113665856    0.0000086015493073    0.0020734138128757
  0.0950672260665939    0.0002058989758245    0.0000084236638608    0.0020837808819401
  0.0955425621969268    0.0001901567367920    0.0000082870330158    0.0020941997863498
  0.0960202750079115    0.0001923824828139    0.0000084379200478    0.0021046707852816
  0.0965003763829510    0.0001928205104062    0.0000079317927452    0.0021151941392080
  0.0969828782648658    0.0001836594059392    0.0000082587840044    0.0021257701099040
  0.0974677926561901    0.0001767753904860    0.0000085024071831    0.0021363989604535
