# Experiment IPTS-36897 Run 226642
# Reduction 2.9.0rc3
# Run title: Sample5_OCV-226642-1.
# Run start time: 2026-03-30T03:07:07.232048667
# Reduction time: Sun Mar 29 23:12:01 2026
# Q summing: False
# TOF weighted: False
# Bck in Q: False
# Theta offset: 0.0
# Stitching type: None
# DataRun   NormRun   TwoTheta(deg)  LambdaMin(A)   LambdaMax(A) Qmin(1/A)    Qmax(1/A)    SF_A         SF_B          SF
# 226642    226559    0.740096       2.74975        9.4987       0.0085       0.0295       4.0          0            1.0         
# 226643    226560    2.40031        2.74978        9.49867      0.0277       0.0957       25.0         0            1.0         
# 226644    226561    7.00026        2.74977        9.49868      0.0807       0.2789       196.0        0            1.0         
# Q [1/Angstrom]        R                     dR                    dQ [FWHM]            
  0.0085899187375132    1.0046510875533392    0.0776402606296414    0.0001884351430232
  0.0086328683312008    0.7962855357016861    0.0515124896845087    0.0001893773187383
  0.0086760326728568    0.8784488335420026    0.0568825452662724    0.0001903242053320
  0.0087194128362210    0.8822089748346996    0.0575308432437458    0.0001912758263587
  0.0087630099004021    0.8711711058386765    0.0553297783070067    0.0001922322054905
  0.0088068249499042    0.8673469395739357    0.0544307546002970    0.0001931933665179
  0.0088508590746537    0.8459533554443494    0.0522753756972590    0.0001941593333505
  0.0088951133700269    0.8607524710043308    0.0533113514816148    0.0001951301300173
  0.0089395889368771    0.9025196041492844    0.0557331428280573    0.0001961057806673
  0.0089842868815615    0.8135226239414605    0.0481992901641737    0.0001970863095707
  0.0090292083159693    0.8737634714797062    0.0516872608067881    0.0001980717411185
  0.0090743543575491    0.9127170185438276    0.0550418656830812    0.0001990620998241
  0.0091197261293369    0.9234838672146546    0.0553895054690636    0.0002000574103232
  0.0091653247599835    1.0248848761129332    0.0630369849263102    0.0002010576973749
  0.0092111513837835    0.8355185907402740    0.0469671537474375    0.0002020629858617
  0.0092572071407024    0.9734171239323853    0.0570316891558384    0.0002030733007910
  0.0093034931764059    1.0188123532038349    0.0599103206044028    0.0002040886672950
  0.0093500106422879    0.9202631338132284    0.0519955137238294    0.0002051091106315
  0.0093967606954993    0.9133844862442733    0.0500310985773814    0.0002061346561846
  0.0094437444989768    0.8860254990527936    0.0476201666347808    0.0002071653294656
  0.0094909632214717    0.8507044422464167    0.0452123763006696    0.0002082011561129
  0.0095384180375791    0.8308433013114723    0.0433163737365861    0.0002092421618935
  0.0095861101277670    0.8137847326218097    0.0407732854379703    0.0002102883727029
  0.0096340406784058    0.9538857586705917    0.0499098844769057    0.0002113398145664
  0.0096822108817978    0.8436289316488895    0.0419479934438980    0.0002123965136393
  0.0097306219362068    0.8689086016344048    0.0431708633668585    0.0002134584962075
  0.0097792750458879    1.0109499421802035    0.0524635996469996    0.0002145257886885
  0.0098281714211173    0.8809038346540531    0.0439174878724854    0.0002155984176319
  0.0098773122782229    0.8918144084358666    0.0440910654474884    0.0002166764097201
  0.0099266988396140    0.8797061698673500    0.0424024658168252    0.0002177597917687
  0.0099763323338121    0.9296393485671528    0.0454561444205855    0.0002188485907275
  0.0100262139954811    0.9292502561242511    0.0449142961449554    0.0002199428336812
  0.0100763450654585    0.8771829608759955    0.0406156860791405    0.0002210425478496
  0.0101267267907858    0.9326682365574266    0.0444754772095343    0.0002221477605888
  0.0101773604247398    0.9507133664769242    0.0440547786872642    0.0002232584993918
  0.0102282472268634    0.8113536535802234    0.0351603730632953    0.0002243747918887
  0.0102793884629978    0.8700821056273861    0.0382264800317210    0.0002254966658482
  0.0103307854053128    0.8733799623721471    0.0385962954941538    0.0002266241491774
  0.0103824393323393    0.8878172446569500    0.0388925683923831    0.0002277572699233
  0.0104343515290010    0.8808308333518446    0.0379351934824716    0.0002288960562729
  0.0104865232866460    0.8874090899431872    0.0383893770422829    0.0002300405365543
  0.0105389559030792    0.8866925680364989    0.0373520888958293    0.0002311907392371
  0.0105916506825946    0.8713708383722740    0.0363779843552141    0.0002323466929332
  0.0106446089360076    0.9726240944954277    0.0413366611924817    0.0002335084263979
  0.0106978319806876    0.8594997884377371    0.0343865445705576    0.0002346759685299
  0.0107513211405911    0.8329256132480134    0.0330414563246541    0.0002358493483726
  0.0108050777462940    0.8689116688421574    0.0342348918398342    0.0002370285951144
  0.0108591031350255    0.8312378435213899    0.0321662920556431    0.0002382137380900
  0.0109133986507006    0.8787456418608012    0.0342440980238034    0.0002394048067804
  0.0109679656439541    0.9244601497651996    0.0363568435902297    0.0002406018308143
  0.0110228054721739    0.9042655304767274    0.0350828169449634    0.0002418048399684
  0.0110779194995348    0.9271543507960356    0.0360107694953173    0.0002430138641683
  0.0111333090970324    0.8754083144336856    0.0325838923369225    0.0002442289334891
  0.0111889756425176    0.8926611381202572    0.0332629797540163    0.0002454500781565
  0.0112449205207302    0.8824108444168711    0.0322962517721590    0.0002466773285473
  0.0113011451233338    0.9572645502533206    0.0359838238530965    0.0002479107151901
  0.0113576508489505    0.8818763706379107    0.0316607065135376    0.0002491502687660
  0.0114144391031953    0.8546574783380543    0.0300630901570982    0.0002503960201098
  0.0114715112987112    0.8610236533875595    0.0301548391648338    0.0002516480002104
  0.0115288688552048    0.8844972011097907    0.0307421830084163    0.0002529062402114
  0.0115865131994808    0.8821505453301309    0.0304512889782746    0.0002541707714125
  0.0116444457654782    0.8474528670927705    0.0284136905118626    0.0002554416252696
  0.0117026679943056    0.9128291873504351    0.0308764133856337    0.0002567188333959
  0.0117611813342771    0.8488374546000375    0.0277836697701075    0.0002580024275629
  0.0118199872409485    0.9196889626062632    0.0308434560089059    0.0002592924397007
  0.0118790871771533    0.8845628873532100    0.0291243692996391    0.0002605889018992
  0.0119384826130390    0.8295513551406098    0.0263871904234222    0.0002618918464087
  0.0119981750261042    0.8441624817958087    0.0266660510963891    0.0002632013056407
  0.0120581659012347    0.8357251837333901    0.0258234370009906    0.0002645173121690
  0.0121184567307409    0.8944924745696234    0.0284905513368464    0.0002658398987298
  0.0121790490143946    0.8727851560228587    0.0272472792026867    0.0002671690982234
  0.0122399442594666    0.8442708834793738    0.0255813728860205    0.0002685049437146
  0.0123011439807639    0.8463680330670940    0.0255645986031834    0.0002698474684331
  0.0123626497006677    0.8736151878744181    0.0265435936614441    0.0002711967057753
  0.0124244629491711    0.8743867955916174    0.0262686217174150    0.0002725526893042
  0.0124865852639169    0.8316128346348766    0.0242381635699768    0.0002739154527507
  0.0125490181902365    0.8171792970709991    0.0234444117998036    0.0002752850300145
  0.0126117632811877    0.8614820101594201    0.0249647685926086    0.0002766614551645
  0.0126748220975936    0.9054105207138494    0.0268272122706251    0.0002780447624403
  0.0127381962080816    0.8716928238510770    0.0248864289835385    0.0002794349862525
  0.0128018871891220    0.9082888177663511    0.0267349562552023    0.0002808321611838
  0.0128658966250676    0.8668259814875852    0.0245443839460008    0.0002822363219897
  0.0129302261081930    0.8547937763878972    0.0237421438310877    0.0002836475035997
  0.0129948772387339    0.8558166690856032    0.0238034922221075    0.0002850657411177
  0.0130598516249276    0.8267925289835246    0.0223802787364455    0.0002864910698233
  0.0131251508830522    0.8481485334553776    0.0232032056130376    0.0002879235251724
  0.0131907766374675    0.8564359897661394    0.0233797493151661    0.0002893631427982
  0.0132567305206548    0.8053350853525842    0.0214115639402229    0.0002908099585122
  0.0133230141732581    0.8215470225645586    0.0217023797217941    0.0002922640083048
  0.0133896292441244    0.8158281143777909    0.0215485953512644    0.0002937253283463
  0.0134565773903450    0.8275871697967272    0.0216503465720720    0.0002951939549880
  0.0135238602772967    0.8099984004058842    0.0211602255143959    0.0002966699247630
  0.0135914795786832    0.8205127676557324    0.0213120000169417    0.0002981532743868
  0.0136594369765766    0.8011108157871489    0.0207392673950820    0.0002996440407587
  0.0137277341614595    0.7373821208651636    0.0184001887795436    0.0003011422609625
  0.0137963728322668    0.7636486098425238    0.0192114710107792    0.0003026479722673
  0.0138653546964281    0.7363110270687035    0.0183944844614062    0.0003041612121287
  0.0139346814699103    0.7265393008180735    0.0179181853178904    0.0003056820181893
  0.0140043548772598    0.7210057006873574    0.0177366547974255    0.0003072104282803
  0.0140743766516461    0.6825504044610600    0.0164626062369780    0.0003087464804217
  0.0141447485349043    0.6484273320649626    0.0153782304350693    0.0003102902128238
  0.0142154722775789    0.6526551794627550    0.0154472315651687    0.0003118416638879
  0.0142865496389668    0.6379548217165502    0.0150377617727955    0.0003134008722073
  0.0143579823871616    0.6323754427191727    0.0147668018619882    0.0003149678765684
  0.0144297722990974    0.6356062499026318    0.0151262333649095    0.0003165427159512
  0.0145019211605929    0.5852997256749259    0.0135523733442601    0.0003181254295310
  0.0145744307663958    0.5938399308657344    0.0138621257324899    0.0003197160566786
  0.0146473029202278    0.5651954176513672    0.0130359994405539    0.0003213146369620
  0.0147205394348290    0.5635251524979566    0.0130670596298605    0.0003229212101468
  0.0147941421320031    0.5394675458329842    0.0123765262044248    0.0003245358161976
  0.0148681128426631    0.5316080981635593    0.0121924921826071    0.0003261584952786
  0.0149424534068764    0.5099705172108633    0.0117247566886148    0.0003277892877549
  0.0150171656739108    0.4767466470774201    0.0107385100289268    0.0003294282341937
  0.0150922515022804    0.4626184554980324    0.0105448190443671    0.0003310753753647
  0.0151677127597918    0.4641725266376308    0.0109063909154238    0.0003327307522415
  0.0152435513235907    0.4319619787653733    0.0103294470542683    0.0003343944060027
  0.0153197690802087    0.4154014270479147    0.0094580195299906    0.0003360663780327
  0.0153963679256097    0.3904139867468522    0.0085580586639253    0.0003377467099229
  0.0154733497652378    0.3837056719173624    0.0083779624142937    0.0003394354434725
  0.0155507165140639    0.3873000311837272    0.0085968008892388    0.0003411326206899
  0.0156284700966343    0.3588443835038168    0.0079033416758994    0.0003428382837933
  0.0157066124471174    0.3377209441959454    0.0073758247202569    0.0003445524752123
  0.0157851455093530    0.3208175364158035    0.0070225786077095    0.0003462752375884
  0.0158640712368998    0.2963067595893261    0.0065067872687895    0.0003480066137763
  0.0159433915930843    0.2889524684573914    0.0064088014701121    0.0003497466468452
  0.0160231085510497    0.2900801413883040    0.0063718527640533    0.0003514953800794
  0.0161032240938049    0.2987042324761577    0.0065459348794983    0.0003532528569798
  0.0161837402142740    0.2880296977404468    0.0061872012707526    0.0003550191212647
  0.0162646589153453    0.2873032921156084    0.0061893968851649    0.0003567942168710
  0.0163459822099221    0.2797693811836063    0.0061023067068392    0.0003585781879554
  0.0164277121209717    0.2628815615942139    0.0057241883858786    0.0003603710788952
  0.0165098506815765    0.2499671187276183    0.0054558718872703    0.0003621729342896
  0.0165923999349844    0.2448901300133886    0.0055092202285990    0.0003639837989611
  0.0166753619346593    0.2328283984799234    0.0052706349961101    0.0003658037179559
  0.0167587387443326    0.2208045365194815    0.0047800318307197    0.0003676327365457
  0.0168425324380543    0.2228361962523426    0.0047052820384083    0.0003694709002284
  0.0169267451002446    0.2038231274598382    0.0042991349329521    0.0003713182547295
  0.0170113788257458    0.2128284417919075    0.0045052335321923    0.0003731748460032
  0.0170964357198745    0.1955127109596450    0.0041236162874768    0.0003750407202332
  0.0171819178984739    0.1965814038189332    0.0041567374505245    0.0003769159238344
  0.0172678274879662    0.1940695088064585    0.0041470755878108    0.0003788005034535
  0.0173541666254061    0.1893226464206202    0.0040304832956657    0.0003806945059708
  0.0174409374585331    0.1756040603976523    0.0037630932874370    0.0003825979785007
  0.0175281421458258    0.1748528506985829    0.0038184045094676    0.0003845109683932
  0.0176157828565549    0.1680750788505276    0.0036500219521201    0.0003864335232351
  0.0177038617708377    0.1678513303246504    0.0036778964100406    0.0003883656908513
  0.0177923810796918    0.1543023702476807    0.0033338255703354    0.0003903075193056
  0.0178813429850903    0.1533579066508260    0.0033165035278806    0.0003922590569021
  0.0179707497000158    0.1483227660100420    0.0032626234040804    0.0003942203521866
  0.0180606034485158    0.1421326620860757    0.0031076376781178    0.0003961914539475
  0.0181509064657584    0.1441121071714105    0.0031534558272195    0.0003981724112173
  0.0182416609980872    0.1352854742989048    0.0029726919621678    0.0004001632732734
  0.0183328693030776    0.1288181318251171    0.0028251402238704    0.0004021640896397
  0.0184245336495930    0.1310799094942823    0.0028898333490690    0.0004041749100879
  0.0185166563178410    0.1253154226772631    0.0027883712788332    0.0004061957846384
  0.0186092395994302    0.1253920806505268    0.0028200833322647    0.0004082267635615
  0.0187022857974273    0.1133677858807210    0.0025452193578952    0.0004102678973794
  0.0187957972264145    0.1121712037107770    0.0025266594730577    0.0004123192368663
  0.0188897762125465    0.1073635884650982    0.0024430252168908    0.0004143808330506
  0.0189842250936093    0.1050709175792000    0.0024096034215662    0.0004164527372158
  0.0190791462190773    0.1010515177131444    0.0023229164030865    0.0004185350009019
  0.0191745419501727    0.0975615444986696    0.0022553149436109    0.0004206276759064
  0.0192704146599236    0.0953284936242993    0.0022100470187716    0.0004227308142860
  0.0193667667332232    0.0946096254982484    0.0021980071686945    0.0004248444683574
  0.0194636005668893    0.0913043003239383    0.0021377758078312    0.0004269686906992
  0.0195609185697237    0.0851423368359487    0.0020041302130753    0.0004291035341527
  0.0196587231625724    0.0874143294898158    0.0020738185064916    0.0004312490518234
  0.0197570167783852    0.0816828950674710    0.0019494555755034    0.0004334052970825
  0.0198558018622771    0.0788835863204300    0.0019325368452575    0.0004355723235680
  0.0199550808715885    0.0766972029793568    0.0018782006310662    0.0004377501851858
  0.0200548562759465    0.0731996508041445    0.0018709131366923    0.0004399389361117
  0.0201551305573262    0.0698650682270097    0.0018420359178114    0.0004421386307923
  0.0202559062101128    0.0702146754881701    0.0018793297927876    0.0004443493239463
  0.0203571857411634    0.0653107174398283    0.0017379540366215    0.0004465710705660
  0.0204589716698692    0.0622816531713906    0.0016740096214936    0.0004488039259188
  0.0205612665282185    0.0635523407082846    0.0016982142878354    0.0004510479455484
  0.0206640728608596    0.0616223160934278    0.0016493635306123    0.0004533031852761
  0.0207673932251639    0.0600355930474481    0.0015981154366628    0.0004555697012025
  0.0208712301912897    0.0561574249704335    0.0015015929399266    0.0004578475497085
  0.0209755863422462    0.0576684665677926    0.0015534966805872    0.0004601367874571
  0.0210804642739574    0.0564986972783416    0.0015317978841061    0.0004624374713944
  0.0211858665953272    0.0524542443527770    0.0014236066026518    0.0004647496587513
  0.0212917959283038    0.0505251144144504    0.0013852240557385    0.0004670734070451
  0.0213982549079454    0.0467612226257578    0.0013102778172176    0.0004694087740803
  0.0215052461824851    0.0478651563613731    0.0013217590740869    0.0004717558179507
  0.0216127724133975    0.0456975437870408    0.0012663542010870    0.0004741145970405
  0.0217208362754645    0.0426407320249542    0.0011928275487053    0.0004764851700257
  0.0218294404568418    0.0418094243894633    0.0011836684036119    0.0004788675958758
  0.0219385876591260    0.0427038955766977    0.0011940171314911    0.0004812619338552
  0.0220482805974216    0.0394741131063350    0.0011254936512879    0.0004836682435245
  0.0221585220004087    0.0372582754444181    0.0010911520466667    0.0004860865847421
  0.0222693146104108    0.0368473100755793    0.0010711415670362    0.0004885170176658
  0.0223806611834628    0.0351504438641441    0.0010423866812980    0.0004909596027541
  0.0224925644893802    0.0337966112447742    0.0010233226847070    0.0004934144007679
  0.0226050273118271    0.0338080229124826    0.0010240804664735    0.0004958814727717
  0.0227180524483862    0.0321875008212205    0.0009826578130056    0.0004983608801356
  0.0228316427106281    0.0317336069256463    0.0009696332647112    0.0005008526845363
  0.0229458009241813    0.0301287248311552    0.0009374692038872    0.0005033569479590
  0.0230605299288022    0.0308446852515912    0.0009515071981464    0.0005058737326987
  0.0231758325784462    0.0286390692456251    0.0009094107453170    0.0005084031013622
  0.0232917117413384    0.0300288733324949    0.0009141345204428    0.0005109451168691
  0.0234081703000451    0.0275613570047073    0.0008730995335549    0.0005134998424534
  0.0235252111515453    0.0263673281968945    0.0008469533975466    0.0005160673416657
  0.0236428372073030    0.0272707881158167    0.0008653011431818    0.0005186476783740
  0.0237610513933395    0.0239043377149695    0.0007944399153665    0.0005212409167659
  0.0238798566503062    0.0233958770483928    0.0007825050608574    0.0005238471213497
  0.0239992559335578    0.0244262313790338    0.0008009972180668    0.0005264663569564
  0.0241192522132255    0.0230501865699263    0.0007675527747352    0.0005290986887412
  0.0242398484742917    0.0220422723828235    0.0007510025423230    0.0005317441821849
  0.0243610477166631    0.0239441060226401    0.0007912505893084    0.0005344029030959
  0.0244828529552464    0.0212114495225742    0.0007250836909015    0.0005370749176113
  0.0246052672200227    0.0209874554005365    0.0007168868745602    0.0005397602921994
  0.0247282935561228    0.0218206053502413    0.0007389072300729    0.0005424590936604
  0.0248519350239034    0.0200349159056057    0.0006933413054992    0.0005451713891287
  0.0249761946990229    0.0199762274627275    0.0006955605657729    0.0005478972460743
  0.0251010756725180    0.0200893244341887    0.0006951050946840    0.0005506367323047
  0.0252265810508806    0.0199812020580159    0.0006925505318443    0.0005533899159662
  0.0253527139561350    0.0204474402060349    0.0007029000872675    0.0005561568655461
  0.0254794775259157    0.0191114737733738    0.0006677913053401    0.0005589376498738
  0.0256068749135453    0.0180686440578864    0.0006473674201700    0.0005617323381232
  0.0257349092881130    0.0180739513598230    0.0006546969394520    0.0005645409998138
  0.0258635838345535    0.0176704765527725    0.0006344247642674    0.0005673637048128
  0.0259929017537263    0.0173282189660933    0.0006203578947667    0.0005702005233369
  0.0261228662624949    0.0167061692153631    0.0006104597507171    0.0005730515259536
  0.0262534805938074    0.0171412783347591    0.0006175311143091    0.0005759167835834
  0.0263847479967764    0.0166186214880038    0.0006107883498663    0.0005787963675013
  0.0265166717367603    0.0170307015778605    0.0006187085345132    0.0005816903493388
  0.0266492550954441    0.0170100036166484    0.0006164744424186    0.0005845988010855
  0.0267825013709213    0.0160318434866401    0.0005922990351406    0.0005875217950909
  0.0269164138777759    0.0158700267037066    0.0005917797851210    0.0005904594040664
  0.0270509959471648    0.0162801816907097    0.0005951171869472    0.0005934117010867
  0.0271862509269006    0.0156174430855413    0.0005800274915524    0.0005963787595921
  0.0273221821815351    0.0160817056285657    0.0005971627786358    0.0005993606533901
  0.0274587930924428    0.0158898254599203    0.0005907297233333    0.0006023574566570
  0.0275960870579050    0.0162947430619418    0.0006029957994353    0.0006053692439403
  0.0277340674931945    0.0148017729518440    0.0005679388619386    0.0006083960901600
  0.0278727378306605    0.0149845772543044    0.0005711721724570    0.0006114380706108
  0.0280121015198138    0.0151930343281259    0.0005773357362771    0.0006144952609639
  0.0280121015198138    0.0158292026596917    0.0009649913038754    0.0006143974160052
  0.0281521620274129    0.0145564415833537    0.0005595780502820    0.0006175677372687
  0.0281521620274129    0.0154247918604279    0.0009086147353471    0.0006174694030852
  0.0282929228375499    0.0147757499236611    0.0005722940604164    0.0006206555759550
  0.0282929228375499    0.0155066621683702    0.0008975823911297    0.0006205567501006
  0.0284343874517377    0.0147506114407108    0.0005783759230978    0.0006237588538348
  0.0284343874517377    0.0151323831548736    0.0008703098066952    0.0006236595338511
  0.0285765593889964    0.0157034355879850    0.0006053669445364    0.0006268776481040
  0.0285765593889964    0.0151465950773988    0.0008771251612091    0.0006267778315204
  0.0287194421859414    0.0146454417608469    0.0005915580898969    0.0006300120363445
  0.0287194421859414    0.0164736924414501    0.0009294101529033    0.0006299117206780
  0.0288630393968711    0.0153119552693618    0.0008581060417094    0.0006330612792814
  0.0288630393968711    0.0144853709152823    0.0005767748103732    0.0006331620965262
  0.0290073545938554    0.0147773631636416    0.0005682310927731    0.0006363279070089
  0.0290073545938554    0.0152090671129246    0.0008750090338521    0.0006362265856778
  0.0291523913668247    0.0149362364192097    0.0008419230668484    0.0006394077186062
  0.0291523913668247    0.0132292749446818    0.0005400782956509    0.0006395095465439
  0.0292981533236588    0.0143260318131710    0.0007897306446424    0.0006426047571992
  0.0292981533236588    0.0138376620996817    0.0005489088323292    0.0006427070942766
  0.0294446440902771    0.0146875462926499    0.0007937229612861    0.0006458177809852
  0.0295918673107285    0.0145181932855409    0.0007745126633759    0.0006490468698901
  0.0297398266472821    0.0145228520664578    0.0007566359882213    0.0006522921042396
  0.0298885257805185    0.0150126252790426    0.0007871625255957    0.0006555535647608
  0.0300379684094211    0.0143264522027391    0.0007414298669331    0.0006588313325846
  0.0301881582514682    0.0137714648470281    0.0007139666379899    0.0006621254892475
  0.0303390990427256    0.0135197092232134    0.0007107000021352    0.0006654361166937
  0.0304907945379392    0.0139213814128323    0.0007000858331696    0.0006687632972772
  0.0306432485106289    0.0142992149685987    0.0007314140031955    0.0006721071137636
  0.0307964647531820    0.0135598260605064    0.0006582345851971    0.0006754676493324
  0.0309504470769479    0.0128537753427289    0.0006475269081028    0.0006788449875791
  0.0311051993123327    0.0120123535316078    0.0005780866793418    0.0006822392125170
  0.0312607253088943    0.0127440288116136    0.0006294161485433    0.0006856504085796
  0.0314170289354388    0.0134584298910670    0.0006522638578936    0.0006890786606225
  0.0315741140801160    0.0117941611829652    0.0005678225806016    0.0006925240539256
  0.0317319846505165    0.0111114354367560    0.0005333844156169    0.0006959866741952
  0.0318906445737691    0.0122452930402092    0.0005851547308459    0.0006994666075662
  0.0320500977966380    0.0119694079377974    0.0005795679220287    0.0007029639406040
  0.0322103482856212    0.0103147068941126    0.0004886907799627    0.0007064787603070
  0.0323714000270493    0.0110274428663974    0.0005171548454984    0.0007100111541086
  0.0325332570271845    0.0100001854836228    0.0004602475595365    0.0007135612098791
  0.0326959233123204    0.0100460477346470    0.0004745656256841    0.0007171290159285
  0.0328594029288820    0.0102268065805896    0.0004742696145659    0.0007207146610081
  0.0330236999435264    0.0085374987503597    0.0003931505962971    0.0007243182343132
  0.0331888184432441    0.0085462363189545    0.0003932975314159    0.0007279398254847
  0.0333547625354603    0.0086385698708755    0.0003961701273478    0.0007315795246122
  0.0335215363481376    0.0082034305328663    0.0003762020091508    0.0007352374222352
  0.0336891440298783    0.0084613292591916    0.0003893723497467    0.0007389136093464
  0.0338575897500276    0.0078827216810615    0.0003619148208147    0.0007426081773931
  0.0340268776987778    0.0075694446434413    0.0003481976255610    0.0007463212182801
  0.0341970120872717    0.0075036290428241    0.0003447566605022    0.0007500528243715
  0.0343679971477080    0.0073254004029653    0.0003259835626524    0.0007538030884934
  0.0345398371334466    0.0067626151261931    0.0003114587004776    0.0007575721039358
  0.0347125363191138    0.0064071230044042    0.0002960414600027    0.0007613599644555
  0.0348860990007094    0.0063595524706381    0.0002860760795508    0.0007651667642778
  0.0350605294957129    0.0062382564785300    0.0002904556983993    0.0007689925980992
  0.0352358321431915    0.0062794493567769    0.0002814439386729    0.0007728375610897
  0.0354120113039074    0.0054139671321817    0.0002481689937129    0.0007767017488951
  0.0355890713604269    0.0053275676041192    0.0002485567082014    0.0007805852576396
  0.0357670167172291    0.0051682585565657    0.0002376133478301    0.0007844881839278
  0.0359458518008152    0.0053034885531591    0.0002396947397791    0.0007884106248474
  0.0361255810598193    0.0051751868374497    0.0002362536781295    0.0007923526779717
  0.0363062089651184    0.0049737849205778    0.0002228329549287    0.0007963144413615
  0.0364877400099440    0.0044893966609562    0.0002016745296100    0.0008002960135683
  0.0366701787099937    0.0047947960635745    0.0002196051358649    0.0008042974936362
  0.0368535296035436    0.0044344413353187    0.0002031738654873    0.0008083189811044
  0.0370377972515614    0.0043385132392571    0.0001934657326055    0.0008123605760099
  0.0372229862378192    0.0045863339659241    0.0002023456647777    0.0008164223788899
  0.0374091011690083    0.0042047725720655    0.0001860224563335    0.0008205044907844
  0.0375961466748533    0.0039475354694841    0.0001838134298018    0.0008246070132383
  0.0377841274082275    0.0037417849646246    0.0001682756189626    0.0008287300483045
  0.0379730480452687    0.0036451644088090    0.0001670954629895    0.0008328736985460
  0.0381629132854950    0.0037684950370316    0.0001699891332744    0.0008370380670387
  0.0383537278519225    0.0040865107196864    0.0001807042135136    0.0008412232573739
  0.0385454964911821    0.0037144677001337    0.0001592912754434    0.0008454293736608
  0.0387382239736380    0.0036769711097692    0.0001630661295416    0.0008496565205291
  0.0389319150935062    0.0036551177514470    0.0001607692395630    0.0008539048031318
  0.0391265746689737    0.0034964882870056    0.0001524273870999    0.0008581743271474
  0.0393222075423186    0.0036858775580477    0.0001602673015677    0.0008624651987832
  0.0395188185800302    0.0036755664588659    0.0001535834732818    0.0008667775247771
  0.0397164126729303    0.0035791615411303    0.0001496177019839    0.0008711114124010
  0.0399149947362950    0.0035485714080126    0.0001464521949461    0.0008754669694630
  0.0401145697099764    0.0036841886282502    0.0001530951138676    0.0008798443043103
  0.0403151425585263    0.0038281250527506    0.0001519583546303    0.0008842435258318
  0.0405167182713189    0.0035675941078504    0.0001443398976295    0.0008886647434610
  0.0407193018626755    0.0038168878116759    0.0001499224071181    0.0008931080671783
  0.0409228983719889    0.0036150722706624    0.0001448387653478    0.0008975736075142
  0.0411275128638489    0.0038808158674324    0.0001489927616255    0.0009020614755517
  0.0413331504281681    0.0038110886351572    0.0001464010594853    0.0009065717829295
  0.0415398161803089    0.0039130909947902    0.0001477722827587    0.0009111046418442
  0.0417475152612105    0.0039539286945376    0.0001439781867815    0.0009156601650534
  0.0419562528375165    0.0039173783181868    0.0001436800489000    0.0009202384658786
  0.0421660341017041    0.0038182790274758    0.0001396387274637    0.0009248396582080
  0.0423768642722126    0.0038366653725588    0.0001385476892654    0.0009294638564991
  0.0425887485935737    0.0039330432525639    0.0001389606334611    0.0009341111757816
  0.0428016923365415    0.0039980023931776    0.0001416134843450    0.0009387817316605
  0.0430157007982242    0.0039842128102772    0.0001385417923029    0.0009434756403188
  0.0432307793022154    0.0039819229959240    0.0001385967859877    0.0009481930185204
  0.0434469331987264    0.0039585941823531    0.0001382272105544    0.0009529339836130
  0.0436641678647200    0.0040939117534706    0.0001396278124064    0.0009576986535310
  0.0438824887040437    0.0038025162584168    0.0001315084793593    0.0009624871467987
  0.0441019011475639    0.0038424623248989    0.0001288759852921    0.0009672995825327
  0.0443224106533017    0.0037148534492300    0.0001244688893301    0.0009721360804454
  0.0445440227065682    0.0035613067659344    0.0001190210223665    0.0009769967608476
  0.0447667428201010    0.0036215166635616    0.0001232757592467    0.0009818817446518
  0.0449905765342015    0.0035332949166606    0.0001200319035712    0.0009867911533751
  0.0452155294168725    0.0038491620632776    0.0001255672519143    0.0009917251091420
  0.0454416070639569    0.0037547025915129    0.0001217188271805    0.0009966837346877
  0.0456688150992767    0.0037448098498876    0.0001232590350981    0.0010016671533611
  0.0458971591747730    0.0032631501047669    0.0001096230813314    0.0010066754891279
  0.0461266449706469    0.0033774805854185    0.0001130233975894    0.0010117088665735
  0.0463572781955001    0.0031477308572651    0.0001056183536039    0.0010167674109064
  0.0465890645864776    0.0032832678573916    0.0001069094797792    0.0010218512479609
  0.0468220099094100    0.0031136079896268    0.0001022039564759    0.0010269605042007
  0.0470561199589570    0.0031021848741601    0.0001017503350065    0.0010320953067218
  0.0472914005587518    0.0028234969062324    0.0000944692642517    0.0010372557832554
  0.0475278575615456    0.0027603654994363    0.0000931836152684    0.0010424420621716
  0.0477654968493533    0.0028056806977653    0.0000940882885465    0.0010476542724825
  0.0480043243336001    0.0026039241995505    0.0000891402775249    0.0010528925438449
  0.0482443459552681    0.0026077005830122    0.0000891845159670    0.0010581570065641
  0.0484855676850444    0.0024398289230229    0.0000838408640636    0.0010634477915970
  0.0487279955234696    0.0023222857206129    0.0000812918492140    0.0010687650305549
  0.0489716355010870    0.0022690454839619    0.0000800643562816    0.0010741088557077
  0.0492164936785924    0.0023241686523096    0.0000827095477240    0.0010794793999863
  0.0494625761469853    0.0022202292663637    0.0000827963651919    0.0010848767969862
  0.0497098890277203    0.0020187254302668    0.0000747216193276    0.0010903011809711
  0.0499584384728589    0.0019682269896086    0.0000703549317327    0.0010957526868760
  0.0502082306652232    0.0019277571551701    0.0000700380655612    0.0011012314503103
  0.0504592718185493    0.0018928860476978    0.0000689571796343    0.0011067376075619
  0.0507115681776420    0.0015954411463323    0.0000610180497947    0.0011122712955997
  0.0509651260185302    0.0017851810415906    0.0000652510700028    0.0011178326520777
  0.0512199516486228    0.0016271092145671    0.0000616629126483    0.0011234218153381
  0.0514760514068660    0.0018277950309335    0.0000643779128515    0.0011290389244148
  0.0517334316639003    0.0016763202195425    0.0000623055659773    0.0011346841190369
  0.0519920988222198    0.0016453461053039    0.0000616796287727    0.0011403575396320
  0.0522520593163309    0.0015637861299194    0.0000585573413035    0.0011460593273302
  0.0525133196129125    0.0015215439097638    0.0000580386467225    0.0011517896239669
  0.0527758862109771    0.0015460144008380    0.0000586943621549    0.0011575485720867
  0.0530397656420320    0.0015456129601639    0.0000574046135760    0.0011633363149471
  0.0533049644702421    0.0014850488301532    0.0000559866809033    0.0011691529965219
  0.0535714892925933    0.0015923970589531    0.0000592887986064    0.0011749987615045
  0.0538393467390563    0.0015403563741639    0.0000583146073552    0.0011808737553120
  0.0541085434727516    0.0014703579181780    0.0000575627318972    0.0011867781240885
  0.0543790861901153    0.0015633942304742    0.0000563103786695    0.0011927120147090
  0.0546509816210659    0.0015126196824686    0.0000537980118619    0.0011986755747825
  0.0549242365291712    0.0015694662564530    0.0000548815901890    0.0012046689526564
  0.0551988577118171    0.0014625587816644    0.0000529383525806    0.0012106922974197
  0.0554748520003761    0.0013658216480818    0.0000497954827613    0.0012167457589068
  0.0557522262603780    0.0015572638232184    0.0000538566211435    0.0012228294877014
  0.0560309873916799    0.0015872494761210    0.0000545881963080    0.0012289436351399
  0.0563111423286383    0.0014047102475066    0.0000504551232726    0.0012350883533156
  0.0565926980402815    0.0015387811597297    0.0000532148099090    0.0012412637950821
  0.0568756615304829    0.0014766811154345    0.0000519146300719    0.0012474701140576
  0.0571600398381353    0.0015017641754548    0.0000524936082002    0.0012537074646278
  0.0574458400373259    0.0014541740206661    0.0000508566491990    0.0012599760019510
  0.0577330692375126    0.0014326429606619    0.0000497916078026    0.0012662758819607
  0.0580217345837001    0.0015178383035543    0.0000507509450490    0.0012726072613705
  0.0583118432566186    0.0014848196716720    0.0000506753812060    0.0012789702976774
  0.0586034024729017    0.0014679379688339    0.0000503900273948    0.0012853651491658
  0.0588964194852662    0.0014712478257417    0.0000492005769261    0.0012917919749116
  0.0591909015826925    0.0014245079372248    0.0000493436520360    0.0012982509347862
  0.0594868560906060    0.0014539554326985    0.0000487937924509    0.0013047421894601
  0.0597842903710590    0.0015050891922641    0.0000506412654429    0.0013112659004074
  0.0600832118229143    0.0013735546379276    0.0000469981916555    0.0013178222299094
  0.0603836278820289    0.0013661712393780    0.0000472544913955    0.0013244113410590
  0.0606855460214390    0.0013113384991985    0.0000454315044939    0.0013310333977643
  0.0609889737515462    0.0013367590310559    0.0000458123552617    0.0013376885647531
  0.0612939186203039    0.0013003912863193    0.0000458488960997    0.0013443770075769
  0.0616003882134054    0.0012270828053173    0.0000440825825936    0.0013510988926147
  0.0619083901544725    0.0012965913528532    0.0000451867908612    0.0013578543870778
  0.0622179321052448    0.0011895042836631    0.0000433096478167    0.0013646436590132
  0.0625290217657710    0.0011243719853606    0.0000416598198818    0.0013714668773083
  0.0628416668745999    0.0012263324786149    0.0000441062746214    0.0013783242116948
  0.0631558752089729    0.0011646186102899    0.0000422931923089    0.0013852158327533
  0.0634716545850177    0.0011020786128927    0.0000409110486750    0.0013921419119171
  0.0637890128579428    0.0010548572962322    0.0000400385194028    0.0013991026214766
  0.0641079579222325    0.0009515966283838    0.0000380771880526    0.0014060981345840
  0.0644284977118437    0.0008605023836326    0.0000365237460558    0.0014131286252569
  0.0647506402004029    0.0009022270915401    0.0000379167167486    0.0014201942683832
  0.0650743934014049    0.0008880283029380    0.0000373575552682    0.0014272952397251
  0.0653997653684119    0.0009064789180934    0.0000391217894604    0.0014344317159238
  0.0657267641952540    0.0008210850429941    0.0000372958036396    0.0014416038745034
  0.0660553980162302    0.0008007654056669    0.0000369500442315    0.0014488118938759
  0.0663856750063114    0.0007670544103055    0.0000355435168879    0.0014560559533453
  0.0667176033813429    0.0008128998559175    0.0000358829055636    0.0014633362331120
  0.0670511913982496    0.0008157113883162    0.0000358848380441    0.0014706529142776
  0.0673864473552409    0.0007687557971499    0.0000337224117967    0.0014780061788490
  0.0677233795920171    0.0007488691256524    0.0000332951747219    0.0014853962097432
  0.0680619964899772    0.0007527410136854    0.0000341324459539    0.0014928231907919
  0.0684023064724270    0.0007144505843894    0.0000330039977885    0.0015002873067459
  0.0687443180047892    0.0007680175441391    0.0000334105301358    0.0015077887432796
  0.0690880395948131    0.0007154224183534    0.0000326997450314    0.0015153276869960
  0.0694334797927871    0.0006949461493845    0.0000313399129860    0.0015229043254310
  0.0697806471917511    0.0007113447070375    0.0000317574817164    0.0015305188470581
  0.0701295504277098    0.0006936730300096    0.0000311231004236    0.0015381714412934
  0.0704801981798484    0.0006953147725277    0.0000320756424908    0.0015458622984999
  0.0708325991707476    0.0007142976609837    0.0000311868008474    0.0015535916099924
  0.0711867621666013    0.0007273574316781    0.0000312968168874    0.0015613595680424
  0.0715426959774343    0.0007126032437492    0.0000307247620187    0.0015691663658826
  0.0719004094573215    0.0006274947191730    0.0000292254688067    0.0015770121977120
  0.0722599115046081    0.0006858289499945    0.0000297654358587    0.0015848972587005
  0.0726212110621311    0.0007026460982917    0.0000303509161384    0.0015928217449941
  0.0729843171174418    0.0006342925476946    0.0000289684590163    0.0016007858537190
  0.0733492387030290    0.0006550752340997    0.0000294794189021    0.0016087897829876
  0.0737159848965441    0.0006885499831178    0.0000298827769755    0.0016168337319026
  0.0740845648210268    0.0006837158753935    0.0000296417319531    0.0016249179005621
  0.0744549876451319    0.0006151133168537    0.0000281236665957    0.0016330424900649
  0.0748272625833576    0.0006600044948919    0.0000283878514555    0.0016412077025152
  0.0752013988962744    0.0006276773624826    0.0000275435453788    0.0016494137410278
  0.0755774058907557    0.0006460226641871    0.0000277465888268    0.0016576608097329
  0.0759552929202095    0.0006250158637623    0.0000277032092746    0.0016659491137816
  0.0763350693848105    0.0005718464758751    0.0000269051850248    0.0016742788593505
  0.0767167447317346    0.0006055566767906    0.0000269236402673    0.0016826502536472
  0.0771003284553933    0.0005622616552579    0.0000267204563263    0.0016910635049155
  0.0774858300976702    0.0005439515045999    0.0000256053510164    0.0016995188224401
  0.0778732592481586    0.0004827707486463    0.0000245654800705    0.0017080164165523
  0.0782626255443993    0.0005194117041695    0.0000244902375549    0.0017165564986350
  0.0786539386721213    0.0004852222154928    0.0000242881618744    0.0017251392811282
  0.0790472083654819    0.0005014855036191    0.0000242543351971    0.0017337649775338
  0.0794424444073093    0.0004911886789493    0.0000242797181566    0.0017424338024215
  0.0798396566293459    0.0004416752574117    0.0000231200265343    0.0017511459714336
  0.0802388549124926    0.0004830866673405    0.0000237839891664    0.0017599017012908
  0.0806400491870551    0.0004362048332541    0.0000224171226158    0.0017687012097972
  0.0810432494329903    0.0004262944693622    0.0000225814351153    0.0017775447158462
  0.0814484656801553    0.0002760872246478    0.0000410489473727    0.0017830147570719
  0.0814484656801553    0.0004319363339996    0.0000224134196419    0.0017864324394254
  0.0818557080085560    0.0004029928913912    0.0000212574592251    0.0017953646016226
  0.0818557080085560    0.0004001359379841    0.0000244136384065    0.0017919298308572
  0.0822649865485988    0.0004002811448189    0.0000233129028818    0.0018008894800115
  0.0822649865485988    0.0003864419345954    0.0000211371361688    0.0018043414246307
  0.0826763114813418    0.0004013949015037    0.0000218480628482    0.0018133631317538
  0.0826763114813418    0.0003650828097502    0.0000220705283535    0.0018098939274116
  0.0830896930387485    0.0004124111460511    0.0000242801982082    0.0018189433970486
  0.0830896930387485    0.0003825120372949    0.0000211886866327    0.0018224299474126
  0.0835051415039422    0.0003962158783991    0.0000209913214227    0.0018315420971497
  0.0835051415039422    0.0003832410491090    0.0000228252144782    0.0018280381140339
  0.0839226672114619    0.0003539483226511    0.0000207883868361    0.0018371783046041
  0.0839226672114619    0.0003587602063347    0.0000203812322678    0.0018406998076354
  0.0843422805475192    0.0003722353027011    0.0000210069593045    0.0018499033066736
  0.0843422805475192    0.0003807564187978    0.0000221219861252    0.0018463641961271
  0.0847639919502568    0.0004011468233303    0.0000205874128903    0.0018591528232070
  0.0847639919502568    0.0003184532509066    0.0000185808559593    0.0018555960171077
  0.0851878119100081    0.0003351395672651    0.0000192103390722    0.0018648739971933
  0.0851878119100081    0.0003528919226683    0.0000207786146382    0.0018684485873230
  0.0856137509695581    0.0004175153766232    0.0000217504664078    0.0018777908302596
  0.0856137509695581    0.0003269306644533    0.0000185139843044    0.0018741983671792
  0.0860418197244059    0.0003407081499859    0.0000199956609277    0.0018871797844109
  0.0860418197244059    0.0003563284000624    0.0000197175247299    0.0018835693590151
  0.0864720288230279    0.0003413681666481    0.0000190953236215    0.0018929872058102
  0.0864720288230279    0.0003690312512835    0.0000205739911128    0.0018966156833330
  0.0869043889671431    0.0003334587078743    0.0000194029120153    0.0019060987617496
  0.0869043889671431    0.0003204058315768    0.0000177002794677    0.0019024521418392
  0.0873389109119788    0.0003445136861247    0.0000185401037975    0.0019119644025484
  0.0873389109119788    0.0003416220174753    0.0000200829259712    0.0019156292555584
  0.0877756054665386    0.0003211286453509    0.0000193012595511    0.0019252074018362
  0.0877756054665386    0.0002935922199666    0.0000162534572574    0.0019215242245612
  0.0882144834938713    0.0003062211351302    0.0000169713524569    0.0019311318456840
  0.0882144834938713    0.0003500152145260    0.0000200260325772    0.0019348334388453
  0.0886555559113407    0.0003184464332933    0.0000193640173032    0.0019445076060396
  0.0886555559113407    0.0003066671743184    0.0000167731961948    0.0019407875049124
  0.0890988336908974    0.0002868054849144    0.0000154585409360    0.0019504914424370
  0.0890988336908974    0.0003069419503958    0.0000191467676516    0.0019542301440698
  0.0895443278593518    0.0002997702081692    0.0000190855373555    0.0019640012947901
  0.0895443278593518    0.0002771791869262    0.0000151999942349    0.0019602438996491
  0.0899920494986486    0.0002948742941818    0.0000193364572898    0.0019738213012641
  0.0899920494986486    0.0003043422125328    0.0000160970648567    0.0019700451191474
  0.0904420097461418    0.0002501752056242    0.0000138335851351    0.0019798953447431
  0.0904420097461418    0.0003079937842856    0.0000189751110773    0.0019836904077704
  0.0908942197948725    0.0002919044038083    0.0000187888329085    0.0019936088598092
  0.0908942197948725    0.0002759111212796    0.0000144412737195    0.0019897948214668
  0.0913486908938469    0.0002653958442054    0.0000138566985073    0.0019997437955742
  0.0913486908938469    0.0002925101431377    0.0000187228792691    0.0020035769041083
  0.0918054343483161    0.0002362441690315    0.0000175181658971    0.0020135947886288
  0.0918054343483161    0.0002629040217834    0.0000138362551061    0.0020097425145521
  0.0922644615200577    0.0002651187882940    0.0000139921450274    0.0020197912271248
  0.0922644615200577    0.0003155171316312    0.0000192649862355    0.0020236627625720
  0.0927257838276579    0.0003037427536501    0.0000195994310000    0.0020337810763848
  0.0927257838276579    0.0002683568309939    0.0000141701783158    0.0020298901832604
  0.0931894127467962    0.0002480270351094    0.0000129917487970    0.0020400396341767
  0.0931894127467962    0.0002634467547255    0.0000187995038637    0.0020439499817668
  0.0936553598105302    0.0002547068659883    0.0000185397837724    0.0020541697316756
  0.0936553598105302    0.0002601354926521    0.0000134562547973    0.0020502398323476
  0.0941236366095829    0.0002351145715062    0.0000120085818344    0.0020604910315094
  0.0941236366095829    0.0002583408329219    0.0000179090390809    0.0020644405803340
  0.0945942547926308    0.0002306697240164    0.0000172876813808    0.0020747627832356
  0.0945942547926308    0.0002388616518420    0.0000121578579526    0.0020707934866669
  0.0950672260665939    0.0002625828437007    0.0000179840911657    0.0020851365971518
  0.0950672260665939    0.0002264944494498    0.0000118076994921    0.0020811474541002
  0.0955425621969268    0.0002047123211725    0.0000109224018458    0.0020915531913707
  0.0960202750079115    0.0002193288224937    0.0000113506854699    0.0021020109573276
  0.0965003763829510    0.0002049164986339    0.0000109625468706    0.0021125210121142
  0.0969828782648658    0.0002226209060506    0.0000110913967215    0.0021230836171748
  0.0974677926561901    0.0001992811047855    0.0000101602790144    0.0021336990352607
  0.0979551316194710    0.0002108577232713    0.0000108135701356    0.0021443675304370
  0.0984449072775684    0.0001880283340352    0.0000097275604254    0.0021550893680892
  0.0989371318139562    0.0001852957051748    0.0000094707515848    0.0021658648149296
  0.0994318174730260    0.0001703792535531    0.0000090158777655    0.0021766941390043
  0.0999289765603911    0.0001741291400667    0.0000088582310970    0.0021875776096993
  0.1004286214431930    0.0001772716896717    0.0000091383742769    0.0021985154977478
  0.1009307645504090    0.0001713481703578    0.0000088831362228    0.0022095080752365
  0.1014354183731610    0.0001530041271371    0.0000080424650736    0.0022205556156127
  0.1019425954650268    0.0001790486044261    0.0000087554920412    0.0022316583936908
  0.1024523084423520    0.0001584643227058    0.0000082836346498    0.0022428166856592
  0.1029645699845637    0.0001437832969305    0.0000076271526266    0.0022540307690875
  0.1034793928344865    0.0001554688438595    0.0000079070779929    0.0022653009229329
  0.1039967897986589    0.0001450754398842    0.0000077050961899    0.0022766274275476
  0.1045167737476522    0.0001397248940750    0.0000073057629143    0.0022880105646853
  0.1050393576163905    0.0001507238542349    0.0000076292585731    0.0022994506175088
  0.1055645544044724    0.0001411439276869    0.0000073858907416    0.0023109478705963
  0.1060923771764948    0.0001419980519138    0.0000070066076468    0.0023225026099493
  0.1066228390623772    0.0001314986476320    0.0000066966962627    0.0023341151229990
  0.1071559532576891    0.0001235234216951    0.0000067706886382    0.0023457856986140
  0.1076917330239775    0.0001242633446892    0.0000066473391642    0.0023575146271071
  0.1082301916890974    0.0001238813972659    0.0000064136165322    0.0023693022002426
  0.1087713426475429    0.0001202581949146    0.0000061929638130    0.0023811487112439
  0.1093151993607806    0.0001124961741302    0.0000059238584155    0.0023930544548001
  0.1098617753575845    0.0001146375345435    0.0000059441860571    0.0024050197270741
  0.1104110842343724    0.0001180392065529    0.0000059835630945    0.0024170448257094
  0.1109631396555442    0.0001003342046173    0.0000054531332965    0.0024291300498380
  0.1115179553538219    0.0001070037534242    0.0000054990527384    0.0024412757000872
  0.1120755451305910    0.0000935855774161    0.0000053031544837    0.0024534820785876
  0.1126359228562440    0.0000950878993239    0.0000050357185871    0.0024657494889806
  0.1131991024705252    0.0000906787911460    0.0000050407910228    0.0024780782364255
  0.1137650979828778    0.0000933683972111    0.0000051735592134    0.0024904686276076
  0.1143339234727922    0.0000845718771381    0.0000049829315646    0.0025029209707456
  0.1149055930901561    0.0000816134513132    0.0000047617487853    0.0025154355755994
  0.1154801210556069    0.0000842688593300    0.0000046197814079    0.0025280127534774
  0.1160575216608849    0.0000748912048932    0.0000047667012529    0.0025406528172447
  0.1166378092691893    0.0000774382575182    0.0000045435135125    0.0025533560813310
  0.1172209983155353    0.0000764063624454    0.0000044523759394    0.0025661228617376
  0.1178071033071129    0.0000826713927290    0.0000044217817141    0.0025789534760463
  0.1183961388236485    0.0000716256357702    0.0000042803747470    0.0025918482434265
  0.1189881195177667    0.0000715262859990    0.0000041992144580    0.0026048074846437
  0.1195830601153555    0.0000664906814602    0.0000040553605800    0.0026178315220669
  0.1201809754159323    0.0000722362802865    0.0000041394586214    0.0026309206796772
  0.1207818802930119    0.0000666075074115    0.0000039785184404    0.0026440752830756
  0.1213857896944770    0.0000635901333911    0.0000039281972224    0.0026572956594910
  0.1219927186429494    0.0000669131321446    0.0000038168414540    0.0026705821377884
  0.1226026822361641    0.0000600361015573    0.0000036172956198    0.0026839350484774
  0.1232156956473449    0.0000625921318865    0.0000036098117022    0.0026973547237198
  0.1238317741255816    0.0000573022106840    0.0000036182104653    0.0027108414973384
  0.1244509329962095    0.0000507425712363    0.0000033996319595    0.0027243957048251
  0.1250731876611905    0.0000554731483527    0.0000035029373863    0.0027380176833492
  0.1256985535994965    0.0000501586113532    0.0000031737072315    0.0027517077717659
  0.1263270463674940    0.0000495359682469    0.0000033118201208    0.0027654663106248
  0.1269586815993314    0.0000504606086774    0.0000032713629649    0.0027792936421779
  0.1275934750073280    0.0000483795182973    0.0000032603913910    0.0027931901103888
  0.1282314423823647    0.0000458669685559    0.0000031095670936    0.0028071560609407
  0.1288725995942765    0.0000430520291167    0.0000030480284509    0.0028211918412454
  0.1295169625922478    0.0000414643158290    0.0000029513053948    0.0028352978004516
  0.1301645474052091    0.0000379848777029    0.0000028798415973    0.0028494742894539
  0.1308153701422351    0.0000424514404978    0.0000029494255070    0.0028637216609012
  0.1314694469929463    0.0000403065614030    0.0000027770688282    0.0028780402692057
  0.1321267942279110    0.0000380564964555    0.0000028400385381    0.0028924304705517
  0.1327874281990505    0.0000329754300473    0.0000027603379358    0.0029068926229045
  0.1334513653400458    0.0000303079119764    0.0000026099257326    0.0029214270860190
  0.1341186221667460    0.0000331833291044    0.0000026883492632    0.0029360342214491
  0.1347892152775797    0.0000328565994728    0.0000026423866375    0.0029507143925563
  0.1354631613539676    0.0000303174770299    0.0000024354578345    0.0029654679645191
  0.1361404771607374    0.0000271750564743    0.0000024301612191    0.0029802953043417
  0.1368211795465411    0.0000239328963981    0.0000023867611979    0.0029951967808634
  0.1375052854442738    0.0000302865246748    0.0000024082892073    0.0030101727647677
  0.1381928118714951    0.0000208751482406    0.0000023165367578    0.0030252236285916
  0.1388837759308526    0.0000266140958849    0.0000023547889009    0.0030403497467345
  0.1395781948105068    0.0000242627680902    0.0000022120766225    0.0030555514954682
  0.1402760857845594    0.0000225074758476    0.0000021767286558    0.0030708292529455
  0.1409774662134821    0.0000201975774234    0.0000021344025293    0.0030861833992103
  0.1416823535445495    0.0000206985194364    0.0000021389571430    0.0031016143162063
  0.1423907653122723    0.0000199003911055    0.0000021034109760    0.0031171223877873
  0.1431027191388336    0.0000187233839742    0.0000020999393017    0.0031327079997263
  0.1438182327345278    0.0000154892374965    0.0000022057175863    0.0031483715397249
  0.1445373238982004    0.0000136282506422    0.0000021312240430    0.0031641133974235
  0.1452600105176914    0.0000161772377487    0.0000019844220901    0.0031799339644107
  0.1459863105702798    0.0000165219367816    0.0000019356031378    0.0031958336342327
  0.1467162421231312    0.0000136696693448    0.0000019249985660    0.0032118128024039
  0.1474498233337468    0.0000139501281066    0.0000018753737769    0.0032278718664159
  0.1481870724504156    0.0000113770472290    0.0000018402197097    0.0032440112257480
  0.1489280078126676    0.0000126001718468    0.0000018335602840    0.0032602312818767
  0.1496726478517310    0.0000122072713636    0.0000017878079756    0.0032765324382861
  0.1504210110909896    0.0000122752643269    0.0000018532943929    0.0032929151004775
  0.1511731161464445    0.0000079492792200    0.0000017330866550    0.0033093796759799
  0.1519289817271767    0.0000100138696346    0.0000017639210554    0.0033259265743598
  0.1526886266358126    0.0000134300872407    0.0000017118668402    0.0033425562072316
  0.1534520697689916    0.0000098453009708    0.0000016920883511    0.0033592689882678
  0.1542193301178366    0.0000098597987290    0.0000017052780858    0.0033760653332091
  0.1549904267684257    0.0000058561486985    0.0000017088086107    0.0033929456598751
  0.1557653789022678    0.0000076458542171    0.0000017015953155    0.0034099103881745
  0.1565442057967792    0.0000081712121806    0.0000016549935454    0.0034269599401154
  0.1573269268257630    0.0000084806712985    0.0000017652481389    0.0034440947398160
  0.1581135614598919    0.0000075333730465    0.0000016383379887    0.0034613152135150
  0.1589041292671913    0.0000080251035935    0.0000015895926102    0.0034786217895826
  0.1596986499135272    0.0000052105448889    0.0000015478031049    0.0034960148985305
  0.1604971431630948    0.0000037523889145    0.0000015312648277    0.0035134949730232
  0.1612996288789103    0.0000061322182658    0.0000015392952357    0.0035310624478883
  0.1621061270233048    0.0000034866728959    0.0000014888938454    0.0035487177601277
  0.1629166576584213    0.0000047149762304    0.0000015247938220    0.0035664613489284
  0.1637312409467134    0.0000034528881051    0.0000014466892774    0.0035842936556730
  0.1645498971514470    0.0000012372686764    0.0000015485632177    0.0036022151239514
  0.1653726466372042    0.0000067120393150    0.0000015200248329    0.0036202261995711
  0.1661995098703902    0.0000041561658866    0.0000014825268731    0.0036383273305690
  0.1670305074197421    0.0000023925368416    0.0000014473069155    0.0036565189672218
  0.1678656599568408    0.0000014615327173    0.0000014230692156    0.0036748015620580
  0.1687049882566250    0.0000015541766290    0.0000014148533971    0.0036931755698682
  0.1695485131979081    0.0000029848289158    0.0000014044087637    0.0037116414477176
  0.1703962557638976    0.0000036695244838    0.0000013912604663    0.0037301996549562
  0.1712482370427171    0.0000019959510074    0.0000014262326898    0.0037488506532310
  0.1721044782279307    0.0000027328157730    0.0000013756108628    0.0037675949064971
  0.1729650006190703    0.0000016903951893    0.0000013736625048    0.0037864328810296
  0.1738298256221656    0.0000036949602639    0.0000013732922386    0.0038053650454347
  0.1746989747502765    0.0000029876141932    0.0000013981029767    0.0038243918706619
  0.1755724696240278    0.0000000294383857    0.0000013750332728    0.0038435138300152
  0.1764503319721480    0.0000035667938166    0.0000013963746760    0.0038627313991653
  0.1773325836320087    0.0000002071663636    0.0000013864727481    0.0038820450561611
  0.1782192465501687    0.0000004060537710    0.0000013879590454    0.0039014552814419
  0.1791103427829195    0.0000023527404138    0.0000014030511329    0.0039209625578491
  0.1800058944968341    0.0000008665925501    0.0000013635347933    0.0039405673706384
  0.1809059239693183    0.0000029282924615    0.0000014022835615    0.0039602702074916
  0.1818104535891648    0.0000014263643671    0.0000013899853748    0.0039800715585290
  0.1827195058571106    0.0000015378527321    0.0000013859668604    0.0039999719163217
  0.1836331033863962    0.0000016719320956    0.0000013585162991    0.0040199717759033
  0.1845512689033281    0.0000006689137580    0.0000013600346721    0.0040400716347828
  0.1854740252478447    0.0000004751327366    0.0000013539775662    0.0040602719929567
  0.1864013953740840   -0.0000000663519811    0.0000013210687954    0.0040805733529215
  0.1873334023509544    0.0000009772463794    0.0000014080506954    0.0041009762196861
  0.1882700693627091   -0.0000022932803615    0.0000014033602299    0.0041214811007845
  0.1892114197095226    0.0000005163219266    0.0000013964856219    0.0041420885062885
  0.1901574768080702   -0.0000009582328027    0.0000014976525681    0.0041627989488199
  0.1911082641921105   -0.0000004336098121    0.0000015158609489    0.0041836129435640
  0.1920638055130711   -0.0000002361165994    0.0000015159223720    0.0042045310082818
  0.1930241245406364   -0.0000013962258470    0.0000014283849581    0.0042255536633232
  0.1939892451633396    0.0000000968880967    0.0000014607803981    0.0042466814316398
  0.1949591913891562   -0.0000014162628075    0.0000014299527744    0.0042679148387980
  0.1959339873461020   -0.0000014311189936    0.0000013982227046    0.0042892544129920
  0.1969136572828325   -0.0000001626216364    0.0000013624307908    0.0043107006850570
  0.1978982255692466   -0.0000000717152942    0.0000013644264729    0.0043322541884823
  0.1988877166970929   -0.0000017188979873    0.0000013654815279    0.0043539154594247
  0.1998821552805783    0.0000010600138294    0.0000013573439607    0.0043756850367218
  0.2008815660569812    0.0000004675899269    0.0000013674921452    0.0043975634619054
  0.2018859738872660    0.0000003357773351    0.0000013611412656    0.0044195512792149
  0.2028954037567023   -0.0000000524437222    0.0000013573142351    0.0044416490356110
  0.2039098807754859    0.0000012033535464    0.0000013349621580    0.0044638572807891
  0.2049294301793633    0.0000004849276663    0.0000013102018776    0.0044861765671930
  0.2059540773302601   -0.0000005309061065    0.0000013163454960    0.0045086074500290
  0.2069838477169113    0.0000003597538692    0.0000013510090816    0.0045311504872791
  0.2080187669554959   -0.0000004684714096    0.0000013343679447    0.0045538062397155
  0.2090588607902733    0.0000007381091904    0.0000012950168471    0.0045765752709141
  0.2101041550942246    0.0000015775391307    0.0000012806393740    0.0045994581472687
  0.2111546758696958    0.0000030291839353    0.0000013123083984    0.0046224554380050
  0.2122104492490442    0.0000021362809303    0.0000012826838453    0.0046455677151950
  0.2132715014952894   -0.0000007261489245    0.0000012898391588    0.0046687955537710
  0.2143378590027659   -0.0000001508690747    0.0000013177164096    0.0046921395315399
  0.2154095482977796    0.0000034163701513    0.0000012940735176    0.0047156002291976
  0.2164865960392685   -0.0000007947707619    0.0000012789071332    0.0047391782303436
  0.2175690290194648    0.0000000159049971    0.0000012742194621    0.0047628741214953
  0.2186568741645621    0.0000013283040355    0.0000012733497696    0.0047866884921027
  0.2197501585353849   -0.0000003115101074    0.0000012643363460    0.0048106219345633
  0.2208489093280618    0.0000008549725108    0.0000012579830940    0.0048346750442361
  0.2219531538747021    0.0000016054068821    0.0000012644800768    0.0048588484194573
  0.2230629196440756    0.0000006304110027    0.0000012603353898    0.0048831426615545
  0.2241782342422960    0.0000008629951557    0.0000012501656874    0.0049075583748623
  0.2252991254135074   -0.0000005919455523    0.0000012338938874    0.0049320961667366
  0.2264256210405749    0.0000009398698647    0.0000012720973339    0.0049567566475703
  0.2275577491457778    0.0000002840146847    0.0000012166198405    0.0049815404308082
  0.2286955378915067    0.0000001219096784    0.0000012468247024    0.0050064481329622
  0.2298390155809641    0.0000021671880682    0.0000012673589900    0.0050314803736270
  0.2309882106588690    0.0000011283154021    0.0000012498571373    0.0050566377754951
  0.2321431517121633    0.0000000199520566    0.0000012332585250    0.0050819209643726
  0.2333038674707241    0.0000027974379729    0.0000012379977505    0.0051073305691945
  0.2344703868080777    0.0000000780508392    0.0000012631253221    0.0051328672220405
  0.2356427387421181    0.0000020981129521    0.0000012207057484    0.0051585315581507
  0.2368209524358286    0.0000017584327702    0.0000012241100561    0.0051843242159414
  0.2380050571980077    0.0000016275771801    0.0000012051522651    0.0052102458370211
  0.2391950824839977    0.0000013967077644    0.0000012150452813    0.0052362970662062
  0.2403910578964177    0.0000012979196088    0.0000012170707628    0.0052624785515372
  0.2415930131858998    0.0000022968504737    0.0000012668010155    0.0052887909442949
  0.2428009782518292    0.0000002059722659    0.0000012157844678    0.0053152348990164
  0.2440149831430883    0.0000008072812344    0.0000012242767312    0.0053418110735115
  0.2452350580588037    0.0000016439840806    0.0000012239540162    0.0053685201288790
  0.2464612333490978   -0.0000033327784150    0.0000012247925373    0.0053953627295234
  0.2476935395158432    0.0000015135891667    0.0000012149178757    0.0054223395431711
  0.2489320072134224    0.0000006951791190    0.0000012472158180    0.0054494512408869
  0.2501766672494895    0.0000008442643885    0.0000012224493858    0.0054766984970913
  0.2514275505857369   -0.0000008272233170    0.0000012325649902    0.0055040819895768
  0.2526846883386655    0.0000031465707226    0.0000012189839444    0.0055316023995247
  0.2539481117803589    0.0000007793590627    0.0000012167834783    0.0055592604115223
  0.2552178523392606   -0.0000007170010691    0.0000012096387341    0.0055870567135799
  0.2564939416009570    0.0000020408945683    0.0000012195465841    0.0056149919971478
  0.2577764113089617    0.0000002610742616    0.0000012273850860    0.0056430669571336
  0.2590652933655064    0.0000011430419861    0.0000012189218693    0.0056712822919192
  0.2603606198323339    0.0000009863110482    0.0000011644724288    0.0056996387033788
  0.2616624229314956    0.0000020753902048    0.0000012272415907    0.0057281368968957
  0.2629707350461531    0.0000005528768493    0.0000012196015745    0.0057567775813802
  0.2642855887213838    0.0000013125240100    0.0000012262932079    0.0057855614692871
  0.2656070166649907    0.0000002356899616    0.0000012139981687    0.0058144892766335
  0.2669350517483157   -0.0000000134732293    0.0000012273556577    0.0058435617230167
  0.2682697270070572    0.0000005317533308    0.0000012299248639    0.0058727795316318
  0.2696110756420924   -0.0000000163314696    0.0000012702119423    0.0059021434292899
  0.2709591310203028   -0.0000016596080131    0.0000012797037853    0.0059316541464364
  0.2723139266754043    0.0000042973185175    0.0000012933171541    0.0059613124171686
  0.2736754963087813    0.0000006567802932    0.0000012541102618    0.0059911189792544
  0.2750438737903252   -0.0000007330989128    0.0000012340925137    0.0060210745741507
  0.2764190931592768   -0.0000002628487334    0.0000012763457655    0.0060511799470214
  0.2778011886250731    0.0000017745993636    0.0000012658419014    0.0060814358467565
