# Experiment IPTS-36897 Run 226649
# Reduction 2.10.0.dev1
# Run title: Sample_5_-0.9V_full-226649-1.
# Run start time: 2026-03-30T06:50:28.450301667
# Reduction time: Mon Apr 27 17:40:36 2026
# Q summing: False
# TOF weighted: False
# Bck in Q: False
# Theta offset: 0.0
# Stitching type: None
# DataRun   NormRun   TwoTheta(deg)  LambdaMin(A)   LambdaMax(A) Qmin(1/A)    Qmax(1/A)    SF_A         SF_B          SF
# 226649    226559    0.739521       2.67975        9.59606      0.0084       0.0302       4.0          0            1.0         
# 226650    226560    2.40014        2.67975        9.59606      0.0274       0.0982       25.0         0            1.0         
# 226651    226561    7.00015        2.67975        9.59606      0.0799       0.2862       196.0        0            1.0         
# Q [1/Angstrom]        R                     dR                    dQ [FWHM]            
  0.0084623477868332    0.7481928947662028    0.2097420845570158    0.0001844305028640
  0.0085046595257674    0.7339218999574595    0.0496652088181949    0.0001853526553783
  0.0085471828233962    0.8253611418987898    0.0581715986535093    0.0001862794186552
  0.0085899187375132    0.8671485706011963    0.0603808512548838    0.0001872108157485
  0.0086328683312008    0.7599826840089845    0.0498471766840686    0.0001881468698272
  0.0086760326728568    0.8003323071580538    0.0535745535628622    0.0001890876041763
  0.0087194128362210    0.7589606429697324    0.0478527501376851    0.0001900330421972
  0.0087630099004021    0.8577271249382495    0.0558875294374942    0.0001909832074082
  0.0088068249499042    0.7990260721275263    0.0511788578660210    0.0001919381234452
  0.0088508590746537    0.7377711603164455    0.0463239839489481    0.0001928978140625
  0.0088951133700269    0.8303948085251254    0.0520690034628112    0.0001938623031328
  0.0089395889368771    0.8043126591364556    0.0497551809771997    0.0001948316146484
  0.0089842868815615    0.7610471115916253    0.0459297922876496    0.0001958057727217
  0.0090292083159693    0.8122733031122701    0.0484550037221308    0.0001967848015853
  0.0090743543575491    0.8861124059778105    0.0547133869303479    0.0001977687255932
  0.0091197261293369    0.8346538906447006    0.0502263482560233    0.0001987575692212
  0.0091653247599835    0.9120187040246970    0.0571112498422324    0.0001997513570673
  0.0092111513837835    0.7162059615675240    0.0396946495258020    0.0002007501138526
  0.0092572071407024    0.8852635965474598    0.0532408802759597    0.0002017538644219
  0.0093034931764059    0.9374035401147199    0.0566633067459938    0.0002027626337440
  0.0093500106422879    0.8193930510993301    0.0462735273882199    0.0002037764469127
  0.0093967606954993    0.8406961777214027    0.0466357286480402    0.0002047953291473
  0.0094437444989768    0.7292044284365172    0.0388776327877587    0.0002058193057930
  0.0094909632214717    0.7946106858009890    0.0434113753322073    0.0002068484023220
  0.0095384180375791    0.7640203457145562    0.0402919935523005    0.0002078826443336
  0.0095861101277670    0.7406564157355395    0.0379169229852997    0.0002089220575553
  0.0096340406784058    0.8606197163354125    0.0452404012140095    0.0002099666678430
  0.0096822108817978    0.7634426763055885    0.0381089129460203    0.0002110165011823
  0.0097306219362068    0.8219162148433522    0.0415008501431268    0.0002120715836882
  0.0097792750458879    0.8388950201260427    0.0438410817824121    0.0002131319416066
  0.0098281714211173    0.7861675368334020    0.0394878618553637    0.0002141976013146
  0.0098773122782229    0.8007104694979053    0.0401848477715142    0.0002152685893212
  0.0099266988396140    0.7948263609481245    0.0387980650476530    0.0002163449322678
  0.0099763323338121    0.8658616447218913    0.0437068032465831    0.0002174266569292
  0.0100262139954811    0.8122598846813762    0.0389810877620946    0.0002185137902138
  0.0100763450654585    0.7620340244404384    0.0355757532375587    0.0002196063591649
  0.0101267267907858    0.8994285359873968    0.0442035350203412    0.0002207043909607
  0.0101773604247398    0.7949936535518429    0.0364993375891832    0.0002218079129155
  0.0102282472268634    0.7428742188737852    0.0328255507196365    0.0002229169524801
  0.0102793884629978    0.7686268231511746    0.0341121047531269    0.0002240315372425
  0.0103307854053128    0.8355245981692632    0.0377064451623777    0.0002251516949287
  0.0103824393323393    0.8020167431416906    0.0357089569598166    0.0002262774534033
  0.0104343515290010    0.8226933950430196    0.0359516895986403    0.0002274088406704
  0.0104865232866460    0.8149788234336762    0.0349799847334728    0.0002285458848737
  0.0105389559030792    0.8160709777034839    0.0352944575654800    0.0002296886142981
  0.0105916506825946    0.7890899801579261    0.0331235471839406    0.0002308370573696
  0.0106446089360076    0.8721364541454170    0.0373791562190446    0.0002319912426564
  0.0106978319806876    0.7932514302661928    0.0321076107876064    0.0002331511988697
  0.0107513211405911    0.7839131953507943    0.0311890319701955    0.0002343169548640
  0.0108050777462940    0.7894014100535209    0.0315780589083689    0.0002354885396384
  0.0108591031350255    0.7358143780588666    0.0285890577289726    0.0002366659823366
  0.0109133986507006    0.8131300552230721    0.0322999322730978    0.0002378493122482
  0.0109679656439541    0.8436160937383956    0.0338247485697031    0.0002390385588095
  0.0110228054721739    0.7940987146925927    0.0310508127064177    0.0002402337516035
  0.0110779194995348    0.8167554106568583    0.0317737590356069    0.0002414349203615
  0.0111333090970324    0.8202839625270707    0.0313100913155404    0.0002426420949633
  0.0111889756425176    0.8026089270801193    0.0302322075141607    0.0002438553054382
  0.0112449205207302    0.7769645212312986    0.0289346694494656    0.0002450745819654
  0.0113011451233338    0.8411527445544755    0.0317329050698641    0.0002462999548752
  0.0113576508489505    0.7738233019298029    0.0280443665400922    0.0002475314546496
  0.0114144391031953    0.7759389170625713    0.0276931934953812    0.0002487691119228
  0.0114715112987112    0.7527595141452161    0.0265078776689467    0.0002500129574824
  0.0115288688552048    0.8088452157141590    0.0286467846889341    0.0002512630222698
  0.0115865131994808    0.7719151863568205    0.0268079039984541    0.0002525193373812
  0.0116444457654782    0.7696966240942711    0.0264867710351621    0.0002537819340681
  0.0117026679943056    0.7893855534208882    0.0267745936920293    0.0002550508437384
  0.0117611813342771    0.7609810643419399    0.0255311750060397    0.0002563260979571
  0.0118199872409485    0.7988192164632131    0.0271737592441425    0.0002576077284469
  0.0118790871771533    0.7968116439255571    0.0263555698125093    0.0002588957670891
  0.0119384826130390    0.7366681976552019    0.0236367674311873    0.0002601902459246
  0.0119981750261042    0.7476187563661916    0.0238766488353791    0.0002614911971542
  0.0120581659012347    0.7538212021098779    0.0238511965917172    0.0002627986531400
  0.0121184567307409    0.7759421808740140    0.0247037698008950    0.0002641126464057
  0.0121790490143946    0.7890233379643381    0.0250695674383807    0.0002654332096377
  0.0122399442594666    0.7694110872348306    0.0237031822880917    0.0002667603756859
  0.0123011439807639    0.7432452928605737    0.0225716311827763    0.0002680941775643
  0.0123626497006677    0.8190776434267220    0.0255287617345870    0.0002694346484521
  0.0124244629491711    0.7650102460326650    0.0232283279971837    0.0002707818216944
  0.0124865852639169    0.7523952194407049    0.0221475080416501    0.0002721357308029
  0.0125490181902365    0.7185524002974287    0.0207404851244460    0.0002734964094569
  0.0126117632811877    0.8010954809884762    0.0238814138292614    0.0002748638915042
  0.0126748220975936    0.7991810638553912    0.0237612767588020    0.0002762382109617
  0.0127381962080816    0.7866902865264075    0.0230825081508299    0.0002776194020165
  0.0128018871891220    0.8164111174599681    0.0240673657630998    0.0002790074990266
  0.0128658966250676    0.7551454375599470    0.0214487455391714    0.0002804025365217
  0.0129302261081930    0.7605637716274788    0.0215362530262197    0.0002818045492043
  0.0129948772387339    0.7948646837258037    0.0224045589708298    0.0002832135719504
  0.0130598516249276    0.7333548996762880    0.0201052205953211    0.0002846296398101
  0.0131251508830522    0.7712206861253266    0.0214497013750731    0.0002860527880092
  0.0131907766374675    0.7580892881013676    0.0208752126328394    0.0002874830519492
  0.0132567305206548    0.7502940122438292    0.0202186727877419    0.0002889204672089
  0.0133230141732581    0.7370349921211204    0.0197105278976647    0.0002903650695450
  0.0133896292441244    0.7481629388728196    0.0199881118935658    0.0002918168948927
  0.0134565773903450    0.7377088290610918    0.0195903788937189    0.0002932759793672
  0.0135238602772967    0.7257150111719207    0.0192736895082346    0.0002947423592640
  0.0135914795786832    0.7248786080998806    0.0190576673451356    0.0002962160710603
  0.0136594369765766    0.7102778541250722    0.0185593542669678    0.0002976971514156
  0.0137277341614595    0.6793798217489756    0.0171714027721388    0.0002991856371727
  0.0137963728322668    0.6848782172923564    0.0175021598458143    0.0003006815653586
  0.0138653546964281    0.6531186650412985    0.0165839298520306    0.0003021849731854
  0.0139346814699103    0.6455599748274197    0.0162372949560482    0.0003036958980513
  0.0140043548772598    0.6324694234967304    0.0157439362685727    0.0003052143775416
  0.0140743766516461    0.6040089152391740    0.0148508645336176    0.0003067404494293
  0.0141447485349043    0.5784224384623546    0.0140223446659025    0.0003082741516764
  0.0142154722775789    0.5753667631404474    0.0138979529552955    0.0003098155224348
  0.0142865496389668    0.5581421510377913    0.0134053862488390    0.0003113646000470
  0.0143579823871616    0.5612072308996655    0.0135632201619529    0.0003129214230472
  0.0144297722990974    0.5436021009089657    0.0130445081567204    0.0003144860301624
  0.0145019211605929    0.5321867076869126    0.0126492952814560    0.0003160584603133
  0.0145744307663958    0.5272076399724487    0.0126799215529041    0.0003176387526148
  0.0146473029202278    0.4952554153582218    0.0116814216799318    0.0003192269463779
  0.0147205394348290    0.4945260095052580    0.0117501522245618    0.0003208230811098
  0.0147941421320031    0.4571288238794138    0.0107904717824594    0.0003224271965153
  0.0148681128426631    0.4428201536767100    0.0105081883672748    0.0003240393324979
  0.0149424534068764    0.4404264152005377    0.0104835077274986    0.0003256595291604
  0.0150171656739108    0.3982503328076348    0.0092956954003331    0.0003272878268062
  0.0150922515022804    0.4007817717174788    0.0095486471593889    0.0003289242659402
  0.0151677127597918    0.3952221578965492    0.0096928271870132    0.0003305688872699
  0.0152435513235907    0.3690838328717551    0.0091337293220021    0.0003322217317063
  0.0153197690802087    0.3411405343156060    0.0081045262774598    0.0003338828403648
  0.0153963679256097    0.3307122484325321    0.0076061174056529    0.0003355522545666
  0.0154733497652378    0.3262208492509976    0.0075324739786771    0.0003372300158395
  0.0155507165140639    0.3227339305952487    0.0075298807351873    0.0003389161659187
  0.0156284700966343    0.2962396514994743    0.0068880762465562    0.0003406107467483
  0.0157066124471174    0.2829524596950427    0.0065655553901035    0.0003423138004820
  0.0157851455093530    0.2610520255453395    0.0060940706864280    0.0003440253694844
  0.0158640712368998    0.2349745528569374    0.0055824967773151    0.0003457454963318
  0.0159433915930843    0.2538965701397902    0.0059997200650970    0.0003474742238135
  0.0160231085510497    0.2404790876431959    0.0056305556848702    0.0003492115949326
  0.0161032240938049    0.2403435323802261    0.0056760512795004    0.0003509576529072
  0.0161837402142740    0.2335476944286575    0.0054104899716773    0.0003527124411718
  0.0162646589153453    0.2303049025322035    0.0054118859759133    0.0003544760033776
  0.0163459822099221    0.2275953232868833    0.0054200217445970    0.0003562483833945
  0.0164277121209717    0.2093921148897300    0.0049540872150063    0.0003580296253115
  0.0165098506815765    0.1992456786361300    0.0048134602505215    0.0003598197734380
  0.0165923999349844    0.1929611083777904    0.0048022691176079    0.0003616188723052
  0.0166753619346593    0.1947765161939997    0.0047994831351742    0.0003634269666667
  0.0167587387443326    0.1781096958192262    0.0042828826039692    0.0003652441015001
  0.0168425324380543    0.1804992752680669    0.0042162071135448    0.0003670703220076
  0.0169267451002446    0.1648536621106962    0.0038967391253963    0.0003689056736176
  0.0170113788257458    0.1646354257921343    0.0038645351372233    0.0003707502019857
  0.0170964357198745    0.1583660442438809    0.0037409588080717    0.0003726039529956
  0.0171819178984739    0.1580572249912512    0.0037580372871195    0.0003744669727606
  0.0172678274879662    0.1530158252674522    0.0036868276495318    0.0003763393076244
  0.0173541666254061    0.1467995743002147    0.0035511930327855    0.0003782210041625
  0.0174409374585331    0.1398948194336507    0.0034139614093082    0.0003801121091834
  0.0175281421458258    0.1362115181812555    0.0033769271938525    0.0003820126697293
  0.0176157828565549    0.1313285933889120    0.0032808758097987    0.0003839227330779
  0.0177038617708377    0.1330289974234461    0.0033267047544816    0.0003858423467433
  0.0177923810796918    0.1205371375275261    0.0030020360580307    0.0003877715584770
  0.0178813429850903    0.1159732232831717    0.0029310370841140    0.0003897104162694
  0.0179707497000158    0.1161178027151774    0.0029664050173043    0.0003916589683508
  0.0180606034485158    0.1115283664476217    0.0028280874512942    0.0003936172631925
  0.0181509064657584    0.1123782392335560    0.0028786634265781    0.0003955853495085
  0.0182416609980872    0.1010933606268955    0.0026154237055471    0.0003975632762560
  0.0183328693030776    0.1018587998623491    0.0026213757075703    0.0003995510926373
  0.0184245336495930    0.1028205175329689    0.0026687713696610    0.0004015488481005
  0.0185166563178410    0.0940398379000762    0.0025127702905764    0.0004035565923410
  0.0186092395994302    0.0950023032303316    0.0025299447674845    0.0004055743753027
  0.0187022857974273    0.0877858738259021    0.0023432364357802    0.0004076022471792
  0.0187957972264145    0.0843893904731892    0.0022857001427891    0.0004096402584151
  0.0188897762125465    0.0805665855862307    0.0022421906766890    0.0004116884597072
  0.0189842250936093    0.0776747057240084    0.0022003286159878    0.0004137469020057
  0.0190791462190773    0.0753992388086458    0.0021640716162316    0.0004158156365157
  0.0191745419501727    0.0757413021828729    0.0021313093800132    0.0004178947146983
  0.0192704146599236    0.0679480899014830    0.0019582433123476    0.0004199841882718
  0.0193667667332232    0.0679381498180793    0.0020001096878871    0.0004220841092132
  0.0194636005668893    0.0670476259394367    0.0019673537735427    0.0004241945297592
  0.0195609185697237    0.0624237899545615    0.0018833076117637    0.0004263155024080
  0.0196587231625724    0.0600944423987192    0.0018510529010837    0.0004284470799201
  0.0197570167783852    0.0578008725090492    0.0017901425493830    0.0004305893153197
  0.0198558018622771    0.0547770826143542    0.0017929070947057    0.0004327422618963
  0.0199550808715885    0.0545861142267247    0.0017288249279016    0.0004349059732057
  0.0200548562759465    0.0527887587994104    0.0017769719277752    0.0004370805030718
  0.0201551305573262    0.0479622307364352    0.0017251917569399    0.0004392659055871
  0.0202559062101128    0.0478095558455335    0.0017316798401445    0.0004414622351151
  0.0203571857411634    0.0450755780376169    0.0016346470155984    0.0004436695462906
  0.0204589716698692    0.0424967279161414    0.0015685105936922    0.0004458878940221
  0.0205612665282185    0.0444686180452231    0.0016110134908733    0.0004481173334922
  0.0206640728608596    0.0396107450903069    0.0015244780383987    0.0004503579201597
  0.0207673932251639    0.0373033607183352    0.0014416804760638    0.0004526097097605
  0.0208712301912897    0.0360232450373915    0.0013976867128602    0.0004548727583093
  0.0209755863422462    0.0374572332195415    0.0014493935043602    0.0004571471221008
  0.0210804642739574    0.0340703010772964    0.0013576496531989    0.0004594328577113
  0.0211858665953272    0.0304216269784825    0.0012722292872671    0.0004617300219999
  0.0212917959283038    0.0296616417481073    0.0012788893920837    0.0004640386721099
  0.0213982549079454    0.0296733350774219    0.0012676680958547    0.0004663588654704
  0.0215052461824851    0.0301257377670468    0.0012217723336093    0.0004686906597978
  0.0216127724133975    0.0244181350170412    0.0011351778811555    0.0004710341130968
  0.0217208362754645    0.0256353889875465    0.0011318803238531    0.0004733892836623
  0.0218294404568418    0.0244211118336381    0.0011145362599348    0.0004757562300806
  0.0219385876591260    0.0254810965240230    0.0011152107606222    0.0004781350112310
  0.0220482805974216    0.0216839036275702    0.0010260308691766    0.0004805256862871
  0.0221585220004087    0.0203747089969789    0.0010207633401662    0.0004829283147186
  0.0222693146104108    0.0193608751398860    0.0009894511468247    0.0004853429562921
  0.0223806611834628    0.0201782972273015    0.0009868314279578    0.0004877696710736
  0.0224925644893802    0.0200872432349838    0.0009795510937426    0.0004902085194290
  0.0226050273118271    0.0178755231591489    0.0009306040623742    0.0004926595620261
  0.0227180524483862    0.0168530108124323    0.0009087880350407    0.0004951228598363
  0.0228316427106281    0.0151449613416775    0.0008754611013146    0.0004975984741354
  0.0229458009241813    0.0136753660480923    0.0008621764781957    0.0005000864665061
  0.0230605299288022    0.0141978416125331    0.0008776161776102    0.0005025868988386
  0.0231758325784462    0.0159547492343139    0.0008508615254017    0.0005050998333328
  0.0232917117413384    0.0138816532616845    0.0007978666748502    0.0005076253324995
  0.0234081703000451    0.0130151530995037    0.0007925207020245    0.0005101634591620
  0.0235252111515453    0.0135105014149691    0.0007915868889849    0.0005127142764578
  0.0236428372073030    0.0118354966420584    0.0007519382347950    0.0005152778478401
  0.0237610513933395    0.0126091415593359    0.0007577361567953    0.0005178542370793
  0.0238798566503062    0.0116968584807188    0.0007199722459112    0.0005204435082647
  0.0239992559335578    0.0115758937210900    0.0007190770163631    0.0005230457258060
  0.0241192522132255    0.0118674317478332    0.0007158681206778    0.0005256609544350
  0.0242398484742917    0.0113195204467645    0.0007200512764129    0.0005282892592072
  0.0243610477166631    0.0111853083918170    0.0006932434097394    0.0005309307055033
  0.0244828529552464    0.0108144231533971    0.0006989936644627    0.0005335853590308
  0.0246052672200227    0.0101980125811872    0.0006714196300101    0.0005362532858259
  0.0247282935561228    0.0099863636200330    0.0006395871616601    0.0005389345522551
  0.0248519350239034    0.0108307240746577    0.0006302269041539    0.0005416292250163
  0.0249761946990229    0.0093951424180679    0.0006267337711291    0.0005443373711414
  0.0251010756725180    0.0104257367295444    0.0006546050134926    0.0005470590579971
  0.0252265810508806    0.0088310262944967    0.0006275985764974    0.0005497943532871
  0.0253527139561350    0.0101498015032450    0.0006089032301971    0.0005525433250535
  0.0254794775259157    0.0098236796759087    0.0006096057339912    0.0005553060416788
  0.0256068749135453    0.0101197454105141    0.0006144580166575    0.0005580825718872
  0.0257349092881130    0.0105454481396425    0.0006119568540914    0.0005608729847466
  0.0258635838345535    0.0089656398926454    0.0005739599529722    0.0005636773496704
  0.0259929017537263    0.0092678331658272    0.0005672809981811    0.0005664957364187
  0.0261228662624949    0.0096838507233781    0.0005731236370736    0.0005693282151008
  0.0262534805938074    0.0094767175373359    0.0005620731137470    0.0005721748561763
  0.0263847479967764    0.0103380209008931    0.0005835796819489    0.0005750357304572
  0.0265166717367603    0.0104799586860761    0.0005798917854382    0.0005779109091095
  0.0266492550954441    0.0098451565818301    0.0005686460074567    0.0005808004636550
  0.0267825013709213    0.0096472728554551    0.0005735805878360    0.0005837044659733
  0.0269164138777759    0.0103632889207956    0.0005614984892944    0.0005866229883032
  0.0270509959471648    0.0106798928447495    0.0005578315438123    0.0005895561032447
  0.0271862509269006    0.0104409507624928    0.0005541188873810    0.0005925038837609
  0.0273221821815351    0.0100779758294530    0.0005458428035772    0.0005954664031797
  0.0274587930924428    0.0093486059040429    0.0005399488406191    0.0005984437351956
  0.0275960870579050    0.0098142690913871    0.0005544635633575    0.0006014359538716
  0.0275960870579050    0.0050855835988157    0.0023193079578219    0.0006043313715441
  0.0277340674931945    0.0094852576660951    0.0005366809002063    0.0006044431336410
  0.0277340674931945    0.0140760809967874    0.0009861727507969    0.0006073530284018
  0.0278727378306605    0.0123001203894519    0.0008019774660824    0.0006103897935438
  0.0278727378306605    0.0096588717877032    0.0005376702698893    0.0006074653493092
  0.0280121015198138    0.0098943662933279    0.0005450071990200    0.0006105026760557
  0.0280121015198138    0.0137857943851473    0.0008605515699007    0.0006134417425115
  0.0281521620274129    0.0091017480000392    0.0005158786456191    0.0006135551894360
  0.0281521620274129    0.0129928342217487    0.0008038999157865    0.0006165089512241
  0.0282929228375499    0.0119240682108809    0.0007335472976980    0.0006195914959802
  0.0282929228375499    0.0097536584831824    0.0005376593900137    0.0006166229653832
  0.0284343874517377    0.0125289600619780    0.0007595839014178    0.0006226894534601
  0.0284343874517377    0.0103895901435135    0.0005696056471298    0.0006197060802101
  0.0285765593889964    0.0107751278593090    0.0005525631918653    0.0006228046106111
  0.0285765593889964    0.0138721227811868    0.0008233024885945    0.0006258029007274
  0.0287194421859414    0.0137936646388068    0.0008177562525972    0.0006289319152310
  0.0287194421859414    0.0090246784193961    0.0005520133197827    0.0006259186336642
  0.0288630393968711    0.0130646178213957    0.0007733211151533    0.0006320765748072
  0.0288630393968711    0.0100938787036124    0.0005520531949958    0.0006290482268325
  0.0290073545938554    0.0099057796020277    0.0005298650161184    0.0006321934679667
  0.0290073545938554    0.0130102272659703    0.0007889932833873    0.0006352369576812
  0.0291523913668247    0.0107097548032547    0.0005403144213772    0.0006353544353065
  0.0291523913668247    0.0129731711478472    0.0007570370676535    0.0006384131424696
  0.0292981533236588    0.0136173900538776    0.0007668296201885    0.0006416052081820
  0.0292981533236588    0.0092071357575530    0.0005168890320755    0.0006385312074830
  0.0294446440902771    0.0124766219524184    0.0007052549382236    0.0006448132342229
  0.0294446440902771    0.0092879434001718    0.0005162995310257    0.0006417238635204
  0.0295918673107285    0.0128149862879234    0.0007075941301590    0.0006480373003940
  0.0295918673107285    0.0098479891924672    0.0005412896038188    0.0006449324828381
  0.0297398266472821    0.0101934993487983    0.0005233892735368    0.0006481571452522
  0.0297398266472821    0.0119146086665984    0.0006613787219831    0.0006512774868960
  0.0298885257805185    0.0086614089564904    0.0005056757794767    0.0006513979309785
  0.0298885257805185    0.0123334137250483    0.0006817988974373    0.0006545338743305
  0.0300379684094211    0.0097810254987998    0.0005252800381666    0.0006546549206334
  0.0300379684094211    0.0118020214689135    0.0006519322027520    0.0006578065437021
  0.0301881582514682    0.0116505032980757    0.0006402883467821    0.0006610955764206
  0.0303390990427256    0.0123089472375687    0.0006581836508032    0.0006644010543027
  0.0304907945379392    0.0112221705019368    0.0006036780457504    0.0006677230595742
  0.0306432485106289    0.0118836243144375    0.0006446287939948    0.0006710616748721
  0.0307964647531820    0.0107245458353549    0.0005527840521037    0.0006744169832465
  0.0309504470769479    0.0105881179953838    0.0005657903950108    0.0006777890681627
  0.0311051993123327    0.0103042995148781    0.0005198052716676    0.0006811780135035
  0.0312607253088943    0.0107523698161610    0.0005638567677477    0.0006845839035710
  0.0314170289354388    0.0107355005710201    0.0005510555256113    0.0006880068230889
  0.0315741140801160    0.0101867995679094    0.0005176282743074    0.0006914468572043
  0.0317319846505165    0.0091850144780463    0.0004645810282566    0.0006949040914903
  0.0318906445737691    0.0106551184081264    0.0005288110966752    0.0006983786119478
  0.0320500977966380    0.0098564989417326    0.0004973985948161    0.0007018705050075
  0.0322103482856212    0.0093993783385029    0.0004653145826240    0.0007053798575326
  0.0323714000270493    0.0093106805021456    0.0004652513445449    0.0007089067568202
  0.0325332570271845    0.0084395924839570    0.0004159464292873    0.0007124512906043
  0.0326959233123204    0.0081400433537591    0.0004132390724824    0.0007160135470574
  0.0328594029288820    0.0090747591616516    0.0004363205405096    0.0007195936147926
  0.0330236999435264    0.0073702035727935    0.0003652475346410    0.0007231915828666
  0.0331888184432441    0.0072065583403284    0.0003536546326206    0.0007268075407809
  0.0333547625354603    0.0070773835030433    0.0003523290941059    0.0007304415784848
  0.0335215363481376    0.0074526887652651    0.0003581313694119    0.0007340937863773
  0.0336891440298783    0.0066595049020617    0.0003357546524915    0.0007377642553092
  0.0338575897500276    0.0069404659642040    0.0003393727678681    0.0007414530765857
  0.0340268776987778    0.0064820497744087    0.0003184558566188    0.0007451603419686
  0.0341970120872717    0.0063648046770613    0.0003174114389195    0.0007488861436785
  0.0343679971477080    0.0061272723907413    0.0002905499536580    0.0007526305743969
  0.0345398371334466    0.0055483099928835    0.0002800592304938    0.0007563937272689
  0.0347125363191138    0.0052255673109382    0.0002686553218984    0.0007601756959052
  0.0348860990007094    0.0052893644758933    0.0002569813025201    0.0007639765743847
  0.0350605294957129    0.0052694609664029    0.0002619215742055    0.0007677964572566
  0.0352358321431915    0.0048941440445196    0.0002554680658800    0.0007716354395429
  0.0354120113039074    0.0044064129256758    0.0002299542684729    0.0007754936167406
  0.0355890713604269    0.0042525087447053    0.0002203379348171    0.0007793710848243
  0.0357670167172291    0.0037982235415179    0.0002038356680503    0.0007832679402485
  0.0359458518008152    0.0040099293439645    0.0002043555629581    0.0007871842799497
  0.0361255810598193    0.0042555926154095    0.0002133557369090    0.0007911202013495
  0.0363062089651184    0.0039161060190007    0.0001991438133621    0.0007950758023562
  0.0364877400099440    0.0033958254164869    0.0001717900544481    0.0007990511813680
  0.0366701787099937    0.0037205260499157    0.0001967961371096    0.0008030464372748
  0.0368535296035436    0.0035645248139235    0.0001850170173591    0.0008070616694612
  0.0370377972515614    0.0033248665666327    0.0001703300216907    0.0008110969778085
  0.0372229862378192    0.0032984070521046    0.0001745573192837    0.0008151524626975
  0.0374091011690083    0.0031349729349150    0.0001632726515161    0.0008192282250110
  0.0375961466748533    0.0031743003124896    0.0001662421289021    0.0008233243661361
  0.0377841274082275    0.0028506311090377    0.0001500964121622    0.0008274409879668
  0.0379730480452687    0.0029837210968614    0.0001565147739200    0.0008315781929066
  0.0381629132854950    0.0031496565232597    0.0001520996630276    0.0008357360838711
  0.0383537278519225    0.0030180459314419    0.0001582142821770    0.0008399147642905
  0.0385454964911821    0.0028872476926458    0.0001410223211368    0.0008441143381119
  0.0387382239736380    0.0031211251266764    0.0001510411734761    0.0008483349098025
  0.0389319150935062    0.0030985338528798    0.0001486941333161    0.0008525765843515
  0.0391265746689737    0.0024863232744944    0.0001326831255544    0.0008568394672733
  0.0393222075423186    0.0029376269661531    0.0001470221964590    0.0008611236646096
  0.0395188185800302    0.0027248144391522    0.0001406354744307    0.0008654292829327
  0.0397164126729303    0.0027745575737898    0.0001307846407934    0.0008697564293474
  0.0399149947362950    0.0028974567075482    0.0001348581098438    0.0008741052114941
  0.0401145697099764    0.0028892175018908    0.0001376156985815    0.0008784757375516
  0.0403151425585263    0.0028507247617962    0.0001350310173791    0.0008828681162393
  0.0405167182713189    0.0030828335861155    0.0001354395606626    0.0008872824568205
  0.0407193018626755    0.0027608259374556    0.0001288873348814    0.0008917188691046
  0.0409228983719889    0.0029015633133334    0.0001312268175967    0.0008961774634501
  0.0411275128638489    0.0029204176106972    0.0001369307419117    0.0009006583507674
  0.0413331504281681    0.0030451276499521    0.0001306473458195    0.0009051616425212
  0.0415398161803089    0.0028664358559806    0.0001273767871071    0.0009096874507338
  0.0417475152612105    0.0029479426204328    0.0001230482341892    0.0009142358879875
  0.0419562528375165    0.0032814683145340    0.0001321437200546    0.0009188070674274
  0.0421660341017041    0.0032572228659308    0.0001295273085569    0.0009234011027646
  0.0423768642722126    0.0030497412319661    0.0001254224091134    0.0009280181082784
  0.0425887485935737    0.0029741279823784    0.0001275930365529    0.0009326581988198
  0.0428016923365415    0.0030808498682341    0.0001254099158843    0.0009373214898139
  0.0430157007982242    0.0030648176598861    0.0001220715434657    0.0009420080972630
  0.0432307793022154    0.0031012980457359    0.0001215841955611    0.0009467181377493
  0.0434469331987264    0.0029507994702910    0.0001205810554949    0.0009514517284380
  0.0436641678647200    0.0030824042415272    0.0001202781770287    0.0009562089870802
  0.0438824887040437    0.0029283049801871    0.0001146263349062    0.0009609900320156
  0.0441019011475639    0.0028225324219504    0.0001143936453206    0.0009657949821757
  0.0443224106533017    0.0028494388610037    0.0001088467666806    0.0009706239570866
  0.0445440227065682    0.0027888052604553    0.0001085194151812    0.0009754770768720
  0.0447667428201010    0.0028086573395562    0.0001091752342510    0.0009803544622564
  0.0449905765342015    0.0028193888794355    0.0001098562288500    0.0009852562345676
  0.0452155294168725    0.0028327686681329    0.0001057998823673    0.0009901825157405
  0.0454416070639569    0.0027045395173134    0.0001026117006864    0.0009951334283192
  0.0456688150992767    0.0026766570268738    0.0001056476851290    0.0010001090954608
  0.0458971591747730    0.0026112667751062    0.0000979812214581    0.0010051096409381
  0.0461266449706469    0.0026094590405398    0.0001021744874630    0.0010101351891428
  0.0463572781955001    0.0026122309955390    0.0000968812430920    0.0010151858650885
  0.0465890645864776    0.0024023932293461    0.0000934570866923    0.0010202617944139
  0.0468220099094100    0.0023007657807748    0.0000894349135757    0.0010253631033860
  0.0470561199589570    0.0022476108429356    0.0000872314716385    0.0010304899189029
  0.0472914005587518    0.0019948040208472    0.0000844158086541    0.0010356423684974
  0.0475278575615456    0.0022945002444359    0.0000877178179549    0.0010408205803399
  0.0477654968493533    0.0021756063975163    0.0000863829796287    0.0010460246832416
  0.0480043243336001    0.0019650182438717    0.0000788763340235    0.0010512548066578
  0.0482443459552681    0.0018534596972154    0.0000794452254608    0.0010565110806911
  0.0484855676850444    0.0018517045044985    0.0000761763787696    0.0010617936360946
  0.0487279955234696    0.0017780412057574    0.0000756033087248    0.0010671026042751
  0.0489716355010870    0.0017345910991462    0.0000736010631062    0.0010724381172964
  0.0492164936785924    0.0015616768544865    0.0000730347524620    0.0010778003078829
  0.0494625761469853    0.0016551110129758    0.0000754270951811    0.0010831893094223
  0.0497098890277203    0.0015076984600741    0.0000684848819299    0.0010886052559694
  0.0499584384728589    0.0014311183432306    0.0000640923775562    0.0010940482822493
  0.0502082306652232    0.0014747210950283    0.0000656187270498    0.0010995185236605
  0.0504592718185493    0.0013045555416951    0.0000607141338415    0.0011050161162788
  0.0507115681776420    0.0011873007357678    0.0000550558294227    0.0011105411968602
  0.0509651260185302    0.0012790264464224    0.0000580047572446    0.0011160939028445
  0.0512199516486228    0.0012396118011488    0.0000579580996026    0.0011216743723588
  0.0514760514068660    0.0011968187621030    0.0000589941239791    0.0011272827442205
  0.0517334316639003    0.0011797584033111    0.0000564489395596    0.0011329191579416
  0.0519920988222198    0.0012758370757190    0.0000574512866340    0.0011385837537314
  0.0522520593163309    0.0010283884350445    0.0000536451811183    0.0011442766725000
  0.0525133196129125    0.0010898598998439    0.0000524248866992    0.0011499980558625
  0.0527758862109771    0.0010194645037186    0.0000535499703836    0.0011557480461418
  0.0530397656420320    0.0010565642207485    0.0000500804865437    0.0011615267863725
  0.0533049644702421    0.0010406198282655    0.0000525023251472    0.0011673344203044
  0.0535714892925933    0.0011192137850351    0.0000549298940703    0.0011731710924059
  0.0538393467390563    0.0009627942074796    0.0000535348591233    0.0011790369478679
  0.0541085434727516    0.0011472218516010    0.0000531967794281    0.0011849321326073
  0.0543790861901153    0.0010482229274303    0.0000506477125997    0.0011908567932703
  0.0546509816210659    0.0011069043233929    0.0000488711115277    0.0011968110772367
  0.0549242365291712    0.0011317918296981    0.0000501067648906    0.0012027951326229
  0.0551988577118171    0.0011295247670433    0.0000497587923945    0.0012088091082860
  0.0554748520003761    0.0009999172165498    0.0000476518858091    0.0012148531538274
  0.0557522262603780    0.0011701969830273    0.0000483290754987    0.0012209274195965
  0.0560309873916799    0.0011680683932278    0.0000468111898586    0.0012270320566945
  0.0563111423286383    0.0011054373633058    0.0000492363593052    0.0012331672169780
  0.0565926980402815    0.0011107223544203    0.0000493854873960    0.0012393330530629
  0.0568756615304829    0.0010719903920455    0.0000509615127837    0.0012455297183282
  0.0571600398381353    0.0011764348311371    0.0000490869903168    0.0012517573669198
  0.0574458400373259    0.0010924667539859    0.0000497872329687    0.0012580161537544
  0.0577330692375126    0.0010508387561757    0.0000450032092097    0.0012643062345232
  0.0580217345837001    0.0011426503497321    0.0000454933697555    0.0012706277656958
  0.0583118432566186    0.0010730832644000    0.0000478382246931    0.0012769809045243
  0.0586034024729017    0.0010477541552901    0.0000452446036431    0.0012833658090469
  0.0588964194852662    0.0010613835458225    0.0000446763440837    0.0012897826380922
  0.0591909015826925    0.0010147451717994    0.0000440349218286    0.0012962315512826
  0.0594868560906060    0.0010565178909494    0.0000444304186047    0.0013027127090390
  0.0597842903710590    0.0010842333923548    0.0000435104169103    0.0013092262725842
  0.0600832118229143    0.0010002978803023    0.0000434947372129    0.0013157724039472
  0.0603836278820289    0.0010273866194031    0.0000447584255091    0.0013223512659669
  0.0606855460214390    0.0009388354527010    0.0000404380719785    0.0013289630222967
  0.0609889737515462    0.0009766324199406    0.0000427814033870    0.0013356078374082
  0.0612939186203039    0.0009730111182193    0.0000419170295772    0.0013422858765952
  0.0616003882134054    0.0008514067398686    0.0000399302595716    0.0013489973059782
  0.0619083901544725    0.0008837645145201    0.0000400539007850    0.0013557422925081
  0.0622179321052448    0.0008666519868172    0.0000404227209293    0.0013625210039707
  0.0625290217657710    0.0007946138180097    0.0000386182998458    0.0013693336089905
  0.0628416668745999    0.0008525730351372    0.0000408774696830    0.0013761802770355
  0.0631558752089729    0.0007881943247134    0.0000388169029303    0.0013830611784206
  0.0634716545850177    0.0007110154346409    0.0000358031669993    0.0013899764843127
  0.0637890128579428    0.0006998164112736    0.0000362305876058    0.0013969263667343
  0.0641079579222325    0.0007329831538511    0.0000374301140162    0.0014039109985680
  0.0644284977118437    0.0006785473114591    0.0000351980585989    0.0014109305535608
  0.0647506402004029    0.0006984510522748    0.0000372572405399    0.0014179852063286
  0.0650743934014049    0.0006374503172154    0.0000346669062378    0.0014250751323603
  0.0653997653684119    0.0005871906658399    0.0000376003239408    0.0014322005080221
  0.0657267641952540    0.0005954052906005    0.0000361423007763    0.0014393615105622
  0.0660553980162302    0.0005606461206912    0.0000356595350582    0.0014465583181150
  0.0663856750063114    0.0006000841544641    0.0000331489720908    0.0014537911097056
  0.0667176033813429    0.0005661293315545    0.0000330713932158    0.0014610600652541
  0.0670511913982496    0.0004872049792219    0.0000339217403956    0.0014683653655804
  0.0673864473552409    0.0005023298861680    0.0000307555406733    0.0014757071924083
  0.0677233795920171    0.0005467058975572    0.0000329335663651    0.0014830857283703
  0.0680619964899772    0.0005468942544458    0.0000316052795469    0.0014905011570121
  0.0684023064724270    0.0005260265526622    0.0000320391188283    0.0014979536627972
  0.0687443180047892    0.0004644633558772    0.0000303484253515    0.0015054434311112
  0.0690880395948131    0.0005682084322334    0.0000306489705900    0.0015129706482668
  0.0694334797927871    0.0005189968469766    0.0000295317934548    0.0015205355015081
  0.0697806471917511    0.0004689461266444    0.0000316113554334    0.0015281381790156
  0.0701295504277098    0.0005017422211165    0.0000312335132490    0.0015357788699107
  0.0704801981798484    0.0005212581184207    0.0000313878540276    0.0015434577642603
  0.0708325991707476    0.0005724169535481    0.0000299943150960    0.0015511750530816
  0.0711867621666013    0.0004619009884795    0.0000292352803427    0.0015589309283470
  0.0715426959774343    0.0004716881536296    0.0000294566201230    0.0015667255829887
  0.0719004094573215    0.0004749427703331    0.0000297195303362    0.0015745592109036
  0.0722599115046081    0.0004619614117685    0.0000294037078558    0.0015824320069582
  0.0726212110621311    0.0004613533338477    0.0000267855367175    0.0015903441669930
  0.0729843171174418    0.0004924310961560    0.0000295665855484    0.0015982958878279
  0.0733492387030290    0.0004729582404638    0.0000278389167753    0.0016062873672671
  0.0737159848965441    0.0004961807048813    0.0000292946637062    0.0016143188041034
  0.0740845648210268    0.0004549451865981    0.0000273924975812    0.0016223903981239
  0.0744549876451319    0.0004023104866857    0.0000283922831645    0.0016305023501145
  0.0748272625833576    0.0004344953876124    0.0000265915597974    0.0016386548618651
  0.0752013988962744    0.0004265878363226    0.0000248339865924    0.0016468481361744
  0.0755774058907557    0.0003987394688022    0.0000267209735372    0.0016550823768553
  0.0759552929202095    0.0004098230251363    0.0000267150248790    0.0016633577887396
  0.0763350693848105    0.0003737606368456    0.0000249860614794    0.0016716745776833
  0.0767167447317346    0.0003959637136751    0.0000261069182609    0.0016800329505717
  0.0771003284553933    0.0004320248191931    0.0000241820199094    0.0016884331153245
  0.0774858300976702    0.0004031132950958    0.0000246118069382    0.0016968752809012
  0.0778732592481586    0.0003770834301938    0.0000244286644819    0.0017053596573057
  0.0782626255443993    0.0003445989832581    0.0000229801957705    0.0017138864555922
  0.0786539386721213    0.0003140526679609    0.0000232382010948    0.0017224558878702
  0.0790472083654819    0.0002625553117948    0.0000228523885949    0.0017310681673095
  0.0794424444073093    0.0003064287379308    0.0000223878592884    0.0017397235081461
  0.0798396566293459    0.0002657578382664    0.0000232558654656    0.0017484221256868
  0.0802388549124926    0.0003278671523200    0.0000236854060289    0.0017571642363152
  0.0806400491870551    0.0003056441337680    0.0000225135332756    0.0017659500574968
  0.0806400491870551    0.0003589353523073    0.0000481124133961    0.0017653444732136
  0.0810432494329903    0.0002693506118792    0.0000195885304431    0.0017741711955796
  0.0810432494329903    0.0002445550847092    0.0000226886161516    0.0017747798077843
  0.0814484656801553    0.0002810795796459    0.0000211475934560    0.0017836537068232
  0.0814484656801553    0.0002590400271637    0.0000171110537534    0.0017830420515575
  0.0818557080085560    0.0002634529744588    0.0000177905583775    0.0017919572618153
  0.0818557080085560    0.0002852471724076    0.0000211374692429    0.0017925719753573
  0.0822649865485988    0.0002438565755619    0.0000166399586019    0.0018009170481244
  0.0822649865485988    0.0002691503589458    0.0000220912971479    0.0018015348352341
  0.0826763114813418    0.0002483352971730    0.0000224724665875    0.0018105425094103
  0.0826763114813418    0.0002354522740093    0.0000162352100560    0.0018099216333650
  0.0830896930387485    0.0002491178176537    0.0000223108883023    0.0018195952219573
  0.0830896930387485    0.0002716700986338    0.0000178121209499    0.0018189712415319
  0.0835051415039422    0.0002535800855396    0.0000170476470697    0.0018280660977395
  0.0835051415039422    0.0002553813666498    0.0000204450436759    0.0018286931980671
  0.0839226672114619    0.0002287106325744    0.0000215009282251    0.0018378366640575
  0.0839226672114619    0.0002395643028295    0.0000157624729226    0.0018372064282282
  0.0843422805475192    0.0002463975452336    0.0000163401411513    0.0018463924603694
  0.0843422805475192    0.0002593415385847    0.0000200405399508    0.0018470258473777
  0.0847639919502568    0.0002172577557832    0.0000142558438112    0.0018556244226712
  0.0847639919502568    0.0002709469309771    0.0000200520447900    0.0018562609766146
  0.0851878119100081    0.0002530985435792    0.0000209416471151    0.0018655422814977
  0.0851878119100081    0.0002400130096225    0.0000152945965879    0.0018649025447846
  0.0856137509695581    0.0002137025524570    0.0000138669559624    0.0018742270575085
  0.0856137509695581    0.0002292521017003    0.0000204439897015    0.0018748699929052
  0.0860418197244059    0.0002563053844554    0.0000196546212871    0.0018842443428697
  0.0860418197244059    0.0002224887509133    0.0000145286013118    0.0018835981927960
  0.0864720288230279    0.0002627602918340    0.0000211865397452    0.0018936655645841
  0.0864720288230279    0.0002314688324572    0.0000145674909342    0.0018930161837600
  0.0869043889671431    0.0002393948869716    0.0000143862038337    0.0019024812646788
  0.0869043889671431    0.0002565088706253    0.0000200527922562    0.0019031338924070
  0.0873389109119788    0.0002354073911809    0.0000206299460627    0.0019126495618690
  0.0873389109119788    0.0002083179514761    0.0000132878913373    0.0019119936710022
  0.0877756054665386    0.0002061822616245    0.0000208063333363    0.0019222128096784
  0.0877756054665386    0.0002179386282418    0.0000133061264179    0.0019215536393572
  0.0882144834938713    0.0002191437179140    0.0000131979136184    0.0019311614075540
  0.0882144834938713    0.0002364398313983    0.0000187418406463    0.0019318238737268
  0.0886555559113407    0.0002050436912376    0.0000128040867321    0.0019408172145918
  0.0886555559113407    0.0002112997479783    0.0000202380827868    0.0019414829930954
  0.0890988336908974    0.0001956180276679    0.0000122053188633    0.0019505213006647
  0.0890988336908974    0.0002321589641266    0.0000184364655136    0.0019511904080609
  0.0895443278593518    0.0002202507595427    0.0000188475493316    0.0019609463601012
  0.0895443278593518    0.0001934503401406    0.0000118990868850    0.0019602739071680
  0.0899920494986486    0.0001875088855904    0.0000191475811228    0.0019707510919017
  0.0899920494986486    0.0001906529417291    0.0000120743628665    0.0019700752767039
  0.0904420097461418    0.0001794959710461    0.0000178114896640    0.0019806048473612
  0.0904420097461418    0.0001671603486035    0.0000107899583743    0.0019799256530874
  0.0908942197948725    0.0001482593841153    0.0000103086246119    0.0019898252813528
  0.0908942197948725    0.0001362085819558    0.0000195350362962    0.0019905078715980
  0.0913486908938469    0.0001762187625420    0.0000110006828543    0.0019997744077596
  0.0913486908938469    0.0001655179661940    0.0000197848495819    0.0020004604109560
  0.0918054343483161    0.0001651687152097    0.0000104735877038    0.0020097732797984
  0.0918054343483161    0.0001883473000752    0.0000198303167856    0.0020104627130108
  0.0922644615200577    0.0001672419810663    0.0000187378898964    0.0020205150265758
  0.0922644615200577    0.0001552026634958    0.0000102259936968    0.0020198221461974
  0.0927257838276579    0.0001764644056192    0.0000189392224013    0.0020306176017087
  0.0927257838276579    0.0001723761554149    0.0000107087627704    0.0020299212569284
  0.0931894127467962    0.0001639623465638    0.0000100165350240    0.0020400708632130
  0.0931894127467962    0.0001715517956914    0.0000196847256611    0.0020407706897172
  0.0936553598105302    0.0001892967586673    0.0000185282016975    0.0020509745431658
  0.0936553598105302    0.0001397814024633    0.0000093341522366    0.0020502712175291
  0.0941236366095829    0.0001506812670417    0.0000184226491117    0.0020612294158816
  0.0941236366095829    0.0001327488819491    0.0000086316347214    0.0020605225736167
  0.0945942547926308    0.0001337681410964    0.0000089145971229    0.0020708251864848
  0.0945942547926308    0.0001449389006157    0.0000194888269918    0.0020715355629611
  0.0950672260665939    0.0001427749696678    0.0000088189720866    0.0020811793124172
  0.0950672260665939    0.0001599700673306    0.0000177286825748    0.0020818932407759
  0.0955425621969268    0.0001524036725075    0.0000167490952004    0.0020923027069797
  0.0955425621969268    0.0001362007956411    0.0000084802429716    0.0020915852089793
  0.0960202750079115    0.0001642078509489    0.0000174027743017    0.0021027642205146
  0.0960202750079115    0.0001248787140658    0.0000083659892547    0.0021020431350242
  0.0965003763829510    0.0001352931716664    0.0000087243933236    0.0021125533506993
  0.0965003763829510    0.0001443073477071    0.0000182912546150    0.0021132780416172
  0.0969828782648658    0.0001266551219011    0.0000183545640291    0.0021238444318253
  0.0969828782648658    0.0001214816331458    0.0000078944705877    0.0021231161174528
  0.0974677926561901    0.0001167390218023    0.0000185699772640    0.0021344636539844
  0.0974677926561901    0.0001358505958409    0.0000083095610446    0.0021337316980401
  0.0979551316194710    0.0001230294911050    0.0000081575485713    0.0021444003565303
  0.0979551316194710    0.0001112401951455    0.0000179299764788    0.0021451359722543
  0.0984449072775684    0.0001057709059204    0.0000072563002408    0.0021551223583130
  0.0989371318139562    0.0001088531283856    0.0000072373316629    0.0021658979701045
  0.0994318174730260    0.0001034083039698    0.0000069674061753    0.0021767274599550
  0.0999289765603911    0.0001028191093003    0.0000066163809780    0.0021876110972548
  0.1004286214431930    0.0001085175953874    0.0000070510998674    0.0021985491527411
  0.1009307645504090    0.0001167308612777    0.0000071613851393    0.0022095418985048
  0.1014354183731610    0.0001039541655565    0.0000065716199513    0.0022205896079973
  0.1019425954650268    0.0001070230694890    0.0000067092211478    0.0022316925560373
  0.1024523084423520    0.0001053016178175    0.0000066563343655    0.0022428510188175
  0.1029645699845637    0.0001036862416280    0.0000063999851170    0.0022540652739116
  0.1034793928344865    0.0000889264147159    0.0000061191642151    0.0022653356002811
  0.1039967897986589    0.0000945464436138    0.0000062155247186    0.0022766622782825
  0.1045167737476522    0.0000914727556898    0.0000058114987044    0.0022880455896740
  0.1050393576163905    0.0000846259858113    0.0000057642476239    0.0022994858176223
  0.1055645544044724    0.0000791169003930    0.0000057074458382    0.0023109832467104
  0.1060923771764948    0.0000730375787205    0.0000052286152164    0.0023225381629440
  0.1066228390623772    0.0000747733824017    0.0000051630121075    0.0023341508537587
  0.1071559532576891    0.0000784529220499    0.0000053960088359    0.0023458216080275
  0.1076917330239775    0.0000757291628786    0.0000051042596041    0.0023575507160676
  0.1082301916890974    0.0000745123435851    0.0000050036862735    0.0023693384696480
  0.1087713426475429    0.0000685150529115    0.0000048402195818    0.0023811851619962
  0.1093151993607806    0.0000619323743329    0.0000047152686106    0.0023930910878062
  0.1098617753575845    0.0000715031893894    0.0000047085744019    0.0024050565432452
  0.1104110842343724    0.0000595567030939    0.0000046012813245    0.0024170818259615
  0.1109631396555442    0.0000600614109442    0.0000043976103473    0.0024291672350913
  0.1115179553538219    0.0000589743520283    0.0000042420349185    0.0024413130712667
  0.1120755451305910    0.0000604902324695    0.0000044482849976    0.0024535196366230
  0.1126359228562440    0.0000482453319559    0.0000039436097934    0.0024657872348062
  0.1131991024705252    0.0000483685907940    0.0000040713033091    0.0024781161709802
  0.1137650979828778    0.0000544958345720    0.0000040935349937    0.0024905067518351
  0.1143339234727922    0.0000546607567588    0.0000040622834845    0.0025029592855943
  0.1149055930901561    0.0000483326492006    0.0000038208471158    0.0025154740820222
  0.1154801210556069    0.0000443301877146    0.0000036452760466    0.0025280514524324
  0.1160575216608849    0.0000487880191692    0.0000037979407533    0.0025406917096945
  0.1166378092691893    0.0000450036889427    0.0000036661610953    0.0025533951682430
  0.1172209983155353    0.0000487303562087    0.0000036170103651    0.0025661621440842
  0.1178071033071129    0.0000434010245489    0.0000034767519300    0.0025789929548046
  0.1183961388236485    0.0000403173871087    0.0000033652805876    0.0025918879195786
  0.1189881195177667    0.0000401396544250    0.0000033676345816    0.0026048473591765
  0.1195830601153555    0.0000378011464305    0.0000033488756655    0.0026178715959724
  0.1201809754159323    0.0000337281132446    0.0000033890638898    0.0026309609539523
  0.1207818802930119    0.0000341935439380    0.0000032189587094    0.0026441157587220
  0.1213857896944770    0.0000338983171985    0.0000031868439352    0.0026573363375157
  0.1219927186429494    0.0000304544016761    0.0000030254712562    0.0026706230192032
  0.1226026822361641    0.0000300405678333    0.0000028399019153    0.0026839761342992
  0.1232156956473449    0.0000309226483128    0.0000028992253859    0.0026973960149707
  0.1238317741255816    0.0000266537134583    0.0000028419082326    0.0027108829950456
  0.1244509329962095    0.0000309901531218    0.0000028828162034    0.0027244374100208
  0.1250731876611905    0.0000286610310878    0.0000028872586253    0.0027380595970709
  0.1256985535994965    0.0000283637117104    0.0000027262300732    0.0027517498950563
  0.1263270463674940    0.0000269899511132    0.0000027562841322    0.0027655086445316
  0.1269586815993314    0.0000305598634755    0.0000027297630773    0.0027793361877542
  0.1275934750073280    0.0000220968738147    0.0000026278990315    0.0027932328686930
  0.1282314423823647    0.0000250098295214    0.0000025608340426    0.0028071990330365
  0.1288725995942765    0.0000214794797327    0.0000026172023488    0.0028212350282016
  0.1295169625922478    0.0000179109399367    0.0000024682054458    0.0028353412033426
  0.1301645474052091    0.0000202903190180    0.0000023717047238    0.0028495179093594
  0.1308153701422351    0.0000200683669940    0.0000023821943475    0.0028637654989062
  0.1314694469929463    0.0000186863008522    0.0000023550258669    0.0028780843264007
  0.1321267942279110    0.0000195479428925    0.0000023521801565    0.0028924747480327
  0.1327874281990505    0.0000201957556403    0.0000023891548994    0.0029069371217729
  0.1334513653400458    0.0000148484808284    0.0000022226852797    0.0029214718073817
  0.1341186221667460    0.0000200109057957    0.0000022815120433    0.0029360791664186
  0.1347892152775797    0.0000155136118266    0.0000022308674282    0.0029507595622507
  0.1354631613539676    0.0000128395351098    0.0000020984619939    0.0029655133600620
  0.1361404771607374    0.0000133404482920    0.0000021887009205    0.0029803409268623
  0.1368211795465411    0.0000154063154016    0.0000020508021072    0.0029952426314966
  0.1375052854442738    0.0000146844813786    0.0000021009270466    0.0030102188446541
  0.1381928118714951    0.0000132454210898    0.0000020515973428    0.0030252699388773
  0.1388837759308526    0.0000127026103411    0.0000020660776046    0.0030403962885717
  0.1395781948105068    0.0000110569846063    0.0000019459787861    0.0030555982700146
  0.1402760857845594    0.0000091527458550    0.0000019003447903    0.0030708762613647
  0.1409774662134821    0.0000101250726173    0.0000019352589257    0.0030862306426715
  0.1416823535445495    0.0000086925410057    0.0000018408476624    0.0031016617958848
  0.1423907653122723    0.0000093016131004    0.0000018638374358    0.0031171701048643
  0.1431027191388336    0.0000086347451480    0.0000019171467087    0.0031327559553886
  0.1438182327345278    0.0000110083358407    0.0000019882973798    0.0031484197351655
  0.1445373238982004    0.0000077437329946    0.0000018969215847    0.0031641618338414
  0.1452600105176914    0.0000040311083057    0.0000017875507080    0.0031799826430106
  0.1459863105702798    0.0000051872604712    0.0000016987700762    0.0031958825562256
  0.1467162421231312    0.0000070183251091    0.0000018023743703    0.0032118619690067
  0.1474498233337468    0.0000091647845372    0.0000016765639389    0.0032279212788518
  0.1481870724504156    0.0000071683240117    0.0000017082748592    0.0032440608852460
  0.1489280078126676    0.0000054426018106    0.0000016343597485    0.0032602811896723
  0.1496726478517310    0.0000062984210852    0.0000016685484953    0.0032765825956206
  0.1504210110909896    0.0000055832853817    0.0000017042868036    0.0032929655085987
  0.1511731161464445    0.0000021040639772    0.0000016155599408    0.0033094303361417
  0.1519289817271767    0.0000065633197802    0.0000016499266027    0.0033259774878224
  0.1526886266358126    0.0000045810465409    0.0000016110324998    0.0033426073752615
  0.1534520697689916    0.0000022696553124    0.0000015708469662    0.0033593204121378
  0.1542193301178366    0.0000054197950061    0.0000015893189918    0.0033761170141985
  0.1549904267684257    0.0000057758868226    0.0000015458241584    0.0033929975992695
  0.1557653789022678    0.0000040839978453    0.0000015824403935    0.0034099625872659
  0.1565442057967792    0.0000026776024601    0.0000015918929737    0.0034270124002022
  0.1573269268257630    0.0000028646270952    0.0000016360823961    0.0034441474622032
  0.1581135614598919    0.0000045774768211    0.0000015945977289    0.0034613681995142
  0.1589041292671913    0.0000028431994427    0.0000014668637192    0.0034786750405118
  0.1596986499135272    0.0000017105640338    0.0000013928805606    0.0034960684157144
  0.1604971431630948    0.0000051121119675    0.0000014680059553    0.0035135487577929
  0.1612996288789103    0.0000025747954415    0.0000014479604782    0.0035311165015819
  0.1621061270233048    0.0000010270929713    0.0000014203209674    0.0035487720840898
  0.1629166576584213    0.0000009573072302    0.0000014271735663    0.0035665159445103
  0.1637312409467134    0.0000025253430169    0.0000013965923601    0.0035843485242328
  0.1645498971514470    0.0000043541928331    0.0000014667251016    0.0036022702668540
  0.1653726466372042    0.0000030169972288    0.0000014065457948    0.0036202816181882
  0.1661995098703902    0.0000030470073212    0.0000014541556052    0.0036383830262792
  0.1670305074197421    0.0000031498571400    0.0000013859222204    0.0036565749414106
  0.1678656599568408    0.0000006173684999    0.0000014092288493    0.0036748578161176
  0.1687049882566250   -0.0000003526443163    0.0000013689612841    0.0036932321051982
  0.1695485131979081    0.0000033653351596    0.0000013742507352    0.0037116982657242
  0.1703962557638976    0.0000018610817632    0.0000013723978375    0.0037302567570528
  0.1712482370427171    0.0000021299894090    0.0000013889222400    0.0037489080408381
  0.1721044782279307    0.0000008013673905    0.0000014040983529    0.0037676525810423
  0.1729650006190703    0.0000024470122908    0.0000013856739120    0.0037864908439475
  0.1738298256221656    0.0000022188634463    0.0000013491552601    0.0038054232981672
  0.1746989747502765    0.0000009382286600    0.0000013732745840    0.0038244504146581
  0.1755724696240278   -0.0000016190823427    0.0000013813361875    0.0038435726667314
  0.1764503319721480    0.0000038288681049    0.0000013883990548    0.0038627905300650
  0.1773325836320087    0.0000019908679813    0.0000013928136272    0.0038821044827153
  0.1782192465501687    0.0000007797014272    0.0000013540766320    0.0039015150051289
  0.1791103427829195   -0.0000002784196196    0.0000013995413265    0.0039210225801546
  0.1800058944968341   -0.0000001950982612    0.0000013766264255    0.0039406276930553
  0.1809059239693183    0.0000017882926062    0.0000014099074646    0.0039603308315206
  0.1818104535891648    0.0000002170047341    0.0000013949991933    0.0039801324856782
  0.1827195058571106    0.0000007653591882    0.0000013638348396    0.0040000331481066
  0.1836331033863962    0.0000024028508009    0.0000013341497092    0.0040200333138471
  0.1845512689033281   -0.0000009457964052    0.0000013496812678    0.0040401334804164
  0.1854740252478447    0.0000022240247624    0.0000013259254914    0.0040603341478184
  0.1864013953740840    0.0000021234203867    0.0000013655292650    0.0040806358185575
  0.1873334023509544    0.0000002182065436    0.0000013662167218    0.0041010389976503
  0.1882700693627091    0.0000037683010027    0.0000013769687422    0.0041215441926386
  0.1892114197095226   -0.0000015235162682    0.0000014173204446    0.0041421519136018
  0.1901574768080702   -0.0000000301122478    0.0000014490765181    0.0041628626731698
  0.1911082641921105   -0.0000019363759854    0.0000015296149616    0.0041836769865356
  0.1920638055130711    0.0000006403408237    0.0000014994294412    0.0042045953714683
  0.1930241245406364    0.0000024534997387    0.0000015041257288    0.0042256183483256
  0.1939892451633396   -0.0000005643138759    0.0000014338722015    0.0042467464400673
  0.1949591913891562    0.0000011790893328    0.0000014529223774    0.0042679801722676
  0.1959339873461020    0.0000025469385517    0.0000014236003635    0.0042893200731289
  0.1969136572828325    0.0000029180347588    0.0000013925585668    0.0043107666734946
  0.1978982255692466    0.0000006869923447    0.0000013865182886    0.0043323205068621
  0.1988877166970929    0.0000007085229026    0.0000013821609599    0.0043539821093964
  0.1998821552805783    0.0000000011566638    0.0000013733256408    0.0043757520199434
  0.2008815660569812   -0.0000003149992153    0.0000013665479231    0.0043976307800431
  0.2018859738872660   -0.0000018150749855    0.0000013795039483    0.0044196189339433
  0.2028954037567023    0.0000003660975219    0.0000013927777082    0.0044417170286130
  0.2039098807754859    0.0000006658941932    0.0000013424413823    0.0044639256137561
  0.2049294301793633    0.0000016995639481    0.0000013096328128    0.0044862452418248
  0.2059540773302601    0.0000010459309258    0.0000013330704451    0.0045086764680340
  0.2069838477169113    0.0000026435025525    0.0000013706014738    0.0045312198503741
  0.2080187669554959    0.0000012482931368    0.0000013434127217    0.0045538759496260
  0.2090588607902733    0.0000026427663000    0.0000013009194234    0.0045766453293741
  0.2101041550942246   -0.0000005877921393    0.0000012888674409    0.0045995285560210
  0.2111546758696958    0.0000023140571482    0.0000013092988066    0.0046225261988011
  0.2122104492490442    0.0000008851334883    0.0000013524540288    0.0046456388297951
  0.2132715014952894   -0.0000003865751391    0.0000013099663636    0.0046688670239441
  0.2143378590027659   -0.0000005011010332    0.0000013299629670    0.0046922113590638
  0.2154095482977796    0.0000018937310160    0.0000013218787176    0.0047156724158591
  0.2164865960392685    0.0000034853047154    0.0000013196837231    0.0047392507779384
  0.2175690290194648    0.0000012393237474    0.0000012697530449    0.0047629470318281
  0.2186568741645621    0.0000044659674826    0.0000012775498057    0.0047867617669873
  0.2197501585353849    0.0000019236510882    0.0000012613188575    0.0048106955758222
  0.2208489093280618    0.0000029985550945    0.0000012667984507    0.0048347490537013
  0.2219531538747021    0.0000003408008001    0.0000012393225754    0.0048589227989698
  0.2230629196440756   -0.0000001501646280    0.0000012765604904    0.0048832174129647
  0.2241782342422960    0.0000013448625151    0.0000012694944552    0.0049076335000295
  0.2252991254135074    0.0000014714937665    0.0000012715881725    0.0049321716675296
  0.2264256210405749    0.0000007614292742    0.0000012895372132    0.0049568325258673
  0.2275577491457778    0.0000025684674902    0.0000012593825544    0.0049816166884966
  0.2286955378915067   -0.0000006702880431    0.0000012422966106    0.0050065247719391
  0.2298390155809641    0.0000010320407877    0.0000012691041191    0.0050315573957988
  0.2309882106588690    0.0000037432284303    0.0000012529194180    0.0050567151827778
  0.2321431517121633    0.0000007817948434    0.0000012590327458    0.0050819987586917
  0.2333038674707241    0.0000023307828972    0.0000012530592426    0.0051074087524851
  0.2344703868080777    0.0000018046738602    0.0000012511315210    0.0051329457962476
  0.2356427387421181    0.0000029409665857    0.0000012447622686    0.0051586105252288
  0.2368209524358286    0.0000015290197481    0.0000012496484604    0.0051844035778549
  0.2380050571980077    0.0000016957731553    0.0000012282699818    0.0052103255957442
  0.2391950824839977    0.0000040873638978    0.0000012237032905    0.0052363772237229
  0.2403910578964177   -0.0000006136767886    0.0000012549208426    0.0052625591098415
  0.2415930131858998    0.0000026965318452    0.0000012398574968    0.0052888719053907
  0.2428009782518292   -0.0000013935736615    0.0000012478870798    0.0053153162649177
  0.2440149831430883    0.0000000448381996    0.0000012070134826    0.0053418928462423
  0.2452350580588037    0.0000029611269165    0.0000012409562196    0.0053686023104735
  0.2464612333490978    0.0000004639176132    0.0000012172712786    0.0053954453220259
  0.2476935395158432    0.0000000905518626    0.0000012344107260    0.0054224225486360
  0.2489320072134224    0.0000032008409539    0.0000012154358768    0.0054495346613792
  0.2501766672494895    0.0000015640183199    0.0000012386224703    0.0054767823346861
  0.2514275505857369   -0.0000001835392814    0.0000012574156220    0.0055041662463595
  0.2526846883386655    0.0000008740119334    0.0000012310464441    0.0055316870775913
  0.2539481117803589    0.0000002794014302    0.0000012029263235    0.0055593455129793
  0.2552178523392606    0.0000008787097811    0.0000012160174707    0.0055871422405442
  0.2564939416009570   -0.0000001376770317    0.0000012299917618    0.0056150779517469
  0.2577764113089617    0.0000016232434477    0.0000012278124153    0.0056431533415056
  0.2590652933655064    0.0000002644146654    0.0000011988368495    0.0056713691082131
  0.2603606198323339   -0.0000003320528994    0.0000011993171981    0.0056997259537542
  0.2616624229314956    0.0000036232720395    0.0000012076481826    0.0057282245835230
  0.2629707350461531    0.0000003010731692    0.0000012018987021    0.0057568657064406
  0.2642855887213838    0.0000019886438836    0.0000012273392256    0.0057856500349728
  0.2656070166649907    0.0000017659343030    0.0000012409042894    0.0058145782851476
  0.2669350517483157    0.0000008546525546    0.0000012543117791    0.0058436511765734
  0.2682697270070572    0.0000001572019067    0.0000012763355711    0.0058728694324563
  0.2696110756420924    0.0000026084472598    0.0000012665647479    0.0059022337796185
  0.2709591310203028    0.0000002993570412    0.0000012929056029    0.0059317449485166
  0.2723139266754043    0.0000005369308124    0.0000013204637389    0.0059614036732592
  0.2736754963087813    0.0000008726185171    0.0000012573432108    0.0059912106916255
  0.2750438737903252    0.0000009984650131    0.0000012615382663    0.0060211667450836
  0.2764190931592768    0.0000003757577397    0.0000012767429308    0.0060512725788090
  0.2778011886250731    0.0000002744011298    0.0000012617945458    0.0060815289417031
  0.2791901945681985   -0.0000011526381966    0.0000012328731065    0.0061119365864116
  0.2805861455410394   -0.0000008965132124    0.0000012068836009    0.0061424962693437
  0.2819890762687446    0.0000014802485316    0.0000012383931749    0.0061732087506904
  0.2833990216500883    0.0000027234394342    0.0000012678772124    0.0062040747944438
  0.2848160167583387   -0.0000007712970867    0.0000012640657923    0.0062350951684160
