# Experiment IPTS-36897 Run 226652
# Reduction 2.9.0rc3
# Run title: Sample_5_-0.9V_full-226652-1.
# Run start time: 2026-03-30T08:06:54.508323667
# Reduction time: Mon Mar 30 04:12:02 2026
# Q summing: False
# TOF weighted: False
# Bck in Q: False
# Theta offset: 0.0
# Stitching type: None
# DataRun   NormRun   TwoTheta(deg)  LambdaMin(A)   LambdaMax(A) Qmin(1/A)    Qmax(1/A)    SF_A         SF_B          SF
# 226652    226559    0.739551       2.74975        9.4987       0.0085       0.0294       4.0          0            1.0         
# 226653    226560    2.40014        2.74978        9.49867      0.0277       0.0957       25.0         0            1.0         
# 226654    226561    7.00016        2.74977        9.49868      0.0807       0.2789       196.0        0            1.0         
# Q [1/Angstrom]        R                     dR                    dQ [FWHM]            
  0.0085899187375132    0.8585058195608591    0.0601521453434411    0.0001872034176710
  0.0086328683312008    0.8131484519152647    0.0530114271632691    0.0001881394347594
  0.0086760326728568    0.8104511836926411    0.0537496633203940    0.0001890801319332
  0.0087194128362210    0.7704111797141975    0.0482316352470964    0.0001900255325928
  0.0087630099004021    0.8534179310329512    0.0552585246125023    0.0001909756602558
  0.0088068249499042    0.8361172507384091    0.0532388625995084    0.0001919305385571
  0.0088508590746537    0.8123649713043849    0.0502491763585094    0.0001928901912499
  0.0088951133700269    0.8442275281735786    0.0525287108000741    0.0001938546422061
  0.0089395889368771    0.8159079834040458    0.0502876376179644    0.0001948239154171
  0.0089842868815615    0.8108787006258107    0.0483478110313310    0.0001957980349942
  0.0090292083159693    0.8223796559116274    0.0484665375940637    0.0001967770251692
  0.0090743543575491    0.9405821458052885    0.0575505400958170    0.0001977609102950
  0.0091197261293369    0.8847359886734865    0.0527859435000143    0.0001987497148465
  0.0091653247599835    0.9706598386193678    0.0600844014817770    0.0001997434634207
  0.0092111513837835    0.7826453131889859    0.0427945777526094    0.0002007421807378
  0.0092572071407024    0.9758521144050085    0.0582422266155302    0.0002017458916415
  0.0093034931764059    1.0192142908799653    0.0608789870915700    0.0002027546210997
  0.0093500106422879    0.8794419393947179    0.0491381680737493    0.0002037683942052
  0.0093967606954993    0.8278683763363581    0.0455061979557171    0.0002047872361763
  0.0094437444989768    0.8271824971029781    0.0435076941186043    0.0002058111723572
  0.0094909632214717    0.8833664258167400    0.0479126969706454    0.0002068402282189
  0.0095384180375791    0.8148964981892167    0.0420894462354293    0.0002078744293600
  0.0095861101277670    0.7841629086210640    0.0398712834216566    0.0002089138015068
  0.0096340406784058    0.8622693328981021    0.0449043403876753    0.0002099583705144
  0.0096822108817978    0.8235094213719948    0.0407908961591551    0.0002110081623669
  0.0097306219362068    0.8465669551197534    0.0423145553292596    0.0002120632031788
  0.0097792750458879    0.9096078313655901    0.0468759614262159    0.0002131235191947
  0.0098281714211173    0.8620427400596188    0.0428942655776950    0.0002141891367906
  0.0098773122782229    0.8912943853026051    0.0439719559279687    0.0002152600824746
  0.0099266988396140    0.8328932143241605    0.0402853271384338    0.0002163363828870
  0.0099763323338121    0.9577177162866044    0.0476627730775164    0.0002174180648014
  0.0100262139954811    0.8774229974074302    0.0416206697481059    0.0002185051551254
  0.0100763450654585    0.8261053976620275    0.0381826850915649    0.0002195976809010
  0.0101267267907858    0.9888016757503713    0.0479675383694821    0.0002206956693055
  0.0101773604247398    0.8763016343453169    0.0397219764608804    0.0002217991476521
  0.0102282472268634    0.7970206683647544    0.0347505763433090    0.0002229081433903
  0.0102793884629978    0.8292679112516564    0.0364228174717165    0.0002240226841073
  0.0103307854053128    0.8621796773979565    0.0384627643503071    0.0002251427975278
  0.0103824393323393    0.8764117655529793    0.0385204161259810    0.0002262685115155
  0.0104343515290010    0.8760737817847488    0.0379288901981372    0.0002273998540730
  0.0104865232866460    0.8252856182936925    0.0352611135031780    0.0002285368533434
  0.0105389559030792    0.8623517864243292    0.0368528339020065    0.0002296795376101
  0.0105916506825946    0.8363504888133985    0.0347954432760942    0.0002308279352982
  0.0106446089360076    0.9151306680610983    0.0388117231879980    0.0002319820749747
  0.0106978319806876    0.8377853524961134    0.0335014569804195    0.0002331419853495
  0.0107513211405911    0.8183742153336800    0.0323461576644119    0.0002343076952763
  0.0108050777462940    0.8390463182008937    0.0332217715344237    0.0002354792337527
  0.0108591031350255    0.7938816797587712    0.0304772924341601    0.0002366566299214
  0.0109133986507006    0.8809984369411712    0.0345113908486305    0.0002378399130710
  0.0109679656439541    0.8764607323170058    0.0348684694950772    0.0002390291126364
  0.0110228054721739    0.8668910892521906    0.0335200847108699    0.0002402242581996
  0.0110779194995348    0.8926922519860017    0.0343627205927330    0.0002414253794906
  0.0111333090970324    0.8537471941931100    0.0323234900243741    0.0002426325063880
  0.0111889756425176    0.8575565689384359    0.0318011908329830    0.0002438456689200
  0.0112449205207302    0.8485917616884113    0.0312456771968130    0.0002450648972646
  0.0113011451233338    0.9199605304924628    0.0344238796312392    0.0002462902217509
  0.0113576508489505    0.8529675857491292    0.0304453144921234    0.0002475216728596
  0.0114144391031953    0.8129593957595034    0.0287037819015364    0.0002487592812239
  0.0114715112987112    0.8248760959624363    0.0286916307227006    0.0002500030776301
  0.0115288688552048    0.8593446557344260    0.0300978720308607    0.0002512530930182
  0.0115865131994808    0.8414688988350968    0.0288762204549215    0.0002525093584833
  0.0116444457654782    0.8319879277741280    0.0283076023660451    0.0002537719052757
  0.0117026679943056    0.8221701144521498    0.0276031901822578    0.0002550407648021
  0.0117611813342771    0.8298336089659866    0.0274743926734241    0.0002563159686261
  0.0118199872409485    0.8742991182553369    0.0293830785859255    0.0002575975484692
  0.0118790871771533    0.8220062534650742    0.0269082338748912    0.0002588855362116
  0.0119384826130390    0.8046538369047411    0.0254985947545903    0.0002601799638926
  0.0119981750261042    0.8094258775541022    0.0255167010100515    0.0002614808637121
  0.0120581659012347    0.8135426048848465    0.0253955154835429    0.0002627882680307
  0.0121184567307409    0.8485507921649070    0.0267816003035054    0.0002641022093708
  0.0121790490143946    0.8341364175981918    0.0261708061564030    0.0002654227204177
  0.0122399442594666    0.8005152766945727    0.0244293090396325    0.0002667498340198
  0.0123011439807639    0.8133188448929370    0.0244149836985174    0.0002680835831899
  0.0123626497006677    0.8743932618024649    0.0268642642543192    0.0002694240011058
  0.0124244629491711    0.8223153264951021    0.0246811274588461    0.0002707711211113
  0.0124865852639169    0.7868117111019997    0.0229230811193171    0.0002721249767169
  0.0125490181902365    0.7740279014043100    0.0221285211667799    0.0002734856016005
  0.0126117632811877    0.8421597709057695    0.0247266201776209    0.0002748530296085
  0.0126748220975936    0.8586995981567075    0.0252523590839041    0.0002762272947565
  0.0127381962080816    0.8523426783106048    0.0247636841660741    0.0002776084312303
  0.0128018871891220    0.8893910229744372    0.0259333677043147    0.0002789964733864
  0.0128658966250676    0.8134110525093433    0.0228271735291356    0.0002803914557534
  0.0129302261081930    0.8266656768388829    0.0230975050225998    0.0002817934130321
  0.0129948772387339    0.8616639296542679    0.0240284986523108    0.0002832023800973
  0.0130598516249276    0.7772212899429479    0.0210305662058639    0.0002846183919978
  0.0131251508830522    0.8531508660079464    0.0234486189549401    0.0002860414839578
  0.0131907766374675    0.8048356111448204    0.0218574353761355    0.0002874716913776
  0.0132567305206548    0.7938071786362945    0.0211773516089685    0.0002889090498345
  0.0133230141732581    0.7791066712658140    0.0206105954022027    0.0002903535950836
  0.0133896292441244    0.7870209800496466    0.0208699953877120    0.0002918053630591
  0.0134565773903450    0.7760617582831084    0.0203041375991016    0.0002932643898743
  0.0135238602772967    0.7864041805653580    0.0206525547416452    0.0002947307118237
  0.0135914795786832    0.7788971048885610    0.0202235185222176    0.0002962043653828
  0.0136594369765766    0.7795227535341288    0.0200997636584961    0.0002976853872098
  0.0137277341614595    0.7073534775321669    0.0176697068099440    0.0002991738141458
  0.0137963728322668    0.7255031557504050    0.0182992273635205    0.0003006696832165
  0.0138653546964281    0.7112166766390819    0.0177534021037076    0.0003021730316326
  0.0139346814699103    0.7142246014494269    0.0176831819794753    0.0003036838967908
  0.0140043548772598    0.6790194409708612    0.0166441864555389    0.0003052023162747
  0.0140743766516461    0.6604054709731153    0.0159284793233206    0.0003067283278561
  0.0141447485349043    0.6243665723520636    0.0148775712259476    0.0003082619694954
  0.0142154722775789    0.6368356126001882    0.0150989386777054    0.0003098032793429
  0.0142865496389668    0.6130103600990420    0.0144458559788990    0.0003113522957396
  0.0143579823871616    0.6132234118961422    0.0145052557536884    0.0003129090572183
  0.0144297722990974    0.6107857508222647    0.0143624646255777    0.0003144736025044
  0.0145019211605929    0.5695612518236600    0.0132677259301190    0.0003160459705169
  0.0145744307663958    0.5863075423088696    0.0138027872004112    0.0003176262003695
  0.0146473029202278    0.5392909414173557    0.0124258362435699    0.0003192143313713
  0.0147205394348290    0.5398375516131684    0.0125639441798542    0.0003208104030282
  0.0147941421320031    0.5232109713560437    0.0120043043791553    0.0003224144550433
  0.0148681128426631    0.5104460192371029    0.0117041792350847    0.0003240265273185
  0.0149424534068764    0.4953330168680601    0.0114370004255799    0.0003256466599551
  0.0150171656739108    0.4495378772672197    0.0101202919673890    0.0003272748932549
  0.0150922515022804    0.4584739176694924    0.0105588464010055    0.0003289112677212
  0.0151677127597918    0.4640679497245518    0.0109339388974371    0.0003305558240598
  0.0152435513235907    0.4265622764663719    0.0101447497179137    0.0003322086031801
  0.0153197690802087    0.4128008812031014    0.0093206863584210    0.0003338696461960
  0.0153963679256097    0.3853480383720320    0.0084665713986656    0.0003355389944270
  0.0154733497652378    0.3822310545913136    0.0084060182464570    0.0003372166893991
  0.0155507165140639    0.3747334914584605    0.0083308986094621    0.0003389027728461
  0.0156284700966343    0.3497184218237901    0.0076817989090914    0.0003405972867103
  0.0157066124471174    0.3261572353926178    0.0071708985752743    0.0003423002731439
  0.0157851455093530    0.3121759293790630    0.0068354396677803    0.0003440117745096
  0.0158640712368998    0.2869717779171050    0.0063272470800336    0.0003457318333821
  0.0159433915930843    0.2974220590178506    0.0066042639527764    0.0003474604925490
  0.0160231085510497    0.2911670048359152    0.0063577641364457    0.0003491977950118
  0.0161032240938049    0.2965120973108425    0.0064780491436764    0.0003509437839869
  0.0161837402142740    0.2848002494243967    0.0061107310838988    0.0003526985029068
  0.0162646589153453    0.2853441726001334    0.0061719981497622    0.0003544619954213
  0.0163459822099221    0.2821051618682487    0.0061776702173870    0.0003562343053984
  0.0164277121209717    0.2609339471568081    0.0056471725373698    0.0003580154769254
  0.0165098506815765    0.2456464849129743    0.0053929430725346    0.0003598055543100
  0.0165923999349844    0.2448849479890002    0.0054998537194803    0.0003616045820816
  0.0166753619346593    0.2384495561734396    0.0053680488115053    0.0003634126049920
  0.0167587387443326    0.2264273422104351    0.0048543959800726    0.0003652296680170
  0.0168425324380543    0.2191543040514031    0.0046353969434068    0.0003670558163570
  0.0169267451002446    0.2084421679463506    0.0043854085267776    0.0003688910954388
  0.0170113788257458    0.2061966147329698    0.0043355924208588    0.0003707355509160
  0.0170964357198745    0.2002416220979436    0.0042251292389972    0.0003725892286706
  0.0171819178984739    0.2009099296185625    0.0042417833248429    0.0003744521748140
  0.0172678274879662    0.1966172254512503    0.0041864197492812    0.0003763244356880
  0.0173541666254061    0.1868395036572157    0.0039862601594709    0.0003782060578665
  0.0174409374585331    0.1815469413364952    0.0038886477832258    0.0003800970881558
  0.0175281421458258    0.1692272542920374    0.0036930614907374    0.0003819975735966
  0.0176157828565549    0.1712511991143852    0.0037130319268895    0.0003839075614646
  0.0177038617708377    0.1676265299850909    0.0036776885130722    0.0003858270992719
  0.0177923810796918    0.1542558361149655    0.0033217296132869    0.0003877562347682
  0.0178813429850903    0.1565580721295430    0.0033691703174795    0.0003896950159421
  0.0179707497000158    0.1513063442868656    0.0032982739767004    0.0003916434910218
  0.0180606034485158    0.1399530774780864    0.0030738400242918    0.0003936017084769
  0.0181509064657584    0.1418996242201243    0.0031307211983324    0.0003955697170193
  0.0182416609980872    0.1318407998166347    0.0028784622766793    0.0003975475656044
  0.0183328693030776    0.1295354525280633    0.0028424579283657    0.0003995353034324
  0.0184245336495930    0.1260245331769665    0.0028283181323093    0.0004015329799496
  0.0185166563178410    0.1221435047182181    0.0027197249249217    0.0004035406448493
  0.0186092395994302    0.1241580939521669    0.0027895726307558    0.0004055583480736
  0.0187022857974273    0.1157339652995647    0.0025855568964686    0.0004075861398139
  0.0187957972264145    0.1107575957997055    0.0025036972356739    0.0004096240705130
  0.0188897762125465    0.1085748700040986    0.0024673931620045    0.0004116721908656
  0.0189842250936093    0.1044029813058154    0.0023824309881781    0.0004137305518199
  0.0190791462190773    0.1001904333976718    0.0023209267837645    0.0004157992045790
  0.0191745419501727    0.0953642841049457    0.0022301723406917    0.0004178782006019
  0.0192704146599236    0.0923529293977699    0.0021401822963380    0.0004199675916049
  0.0193667667332232    0.0913583643585085    0.0021429390095987    0.0004220674295629
  0.0194636005668893    0.0906076522295991    0.0021248336453211    0.0004241777667107
  0.0195609185697237    0.0819024499193683    0.0019629330032005    0.0004262986555443
  0.0196587231625724    0.0813200012829940    0.0019658540033327    0.0004284301488220
  0.0197570167783852    0.0757332444661209    0.0018524329374915    0.0004305722995661
  0.0198558018622771    0.0747118133370009    0.0018576641114314    0.0004327251610640
  0.0199550808715885    0.0710662296869624    0.0017865081454992    0.0004348887868693
  0.0200548562759465    0.0685807925548725    0.0017969006434490    0.0004370632308036
  0.0201551305573262    0.0690744324151912    0.0018318492479804    0.0004392485469576
  0.0202559062101128    0.0666899663022500    0.0018047096406519    0.0004414447896924
  0.0203571857411634    0.0600961588057145    0.0016480387576349    0.0004436520136409
  0.0204589716698692    0.0590966509455784    0.0016175780215602    0.0004458702737091
  0.0205612665282185    0.0597470907252243    0.0016260551728491    0.0004480996250776
  0.0206640728608596    0.0593665855261439    0.0015994017269716    0.0004503401232030
  0.0207673932251639    0.0575454271791476    0.0015509112673578    0.0004525918238190
  0.0208712301912897    0.0529282666443282    0.0014472268569212    0.0004548547829381
  0.0209755863422462    0.0528082329159589    0.0014762312791089    0.0004571290568528
  0.0210804642739574    0.0500014486381451    0.0014018149289936    0.0004594147021371
  0.0211858665953272    0.0476746837457285    0.0013387838444805    0.0004617117756478
  0.0212917959283038    0.0468602604865434    0.0013216386537360    0.0004640203345260
  0.0213982549079454    0.0446259961823011    0.0012704019817422    0.0004663404361986
  0.0215052461824851    0.0418684041476236    0.0012135686949125    0.0004686721383796
  0.0216127724133975    0.0392123816140732    0.0011494379101695    0.0004710154990715
  0.0217208362754645    0.0362151611672731    0.0010752847504524    0.0004733705765669
  0.0218294404568418    0.0373891939780815    0.0010995953796352    0.0004757374294497
  0.0219385876591260    0.0350492583625100    0.0010593417269581    0.0004781161165970
  0.0220482805974216    0.0335874493786863    0.0010188192434912    0.0004805066971800
  0.0221585220004087    0.0324622405758782    0.0010036478395385    0.0004829092306659
  0.0222693146104108    0.0312603896077055    0.0009677354471960    0.0004853237768192
  0.0223806611834628    0.0284820019266899    0.0009204050149219    0.0004877503957033
  0.0224925644893802    0.0299642584320985    0.0009515812478305    0.0004901891476818
  0.0226050273118271    0.0296514919115096    0.0009446664570713    0.0004926400934202
  0.0227180524483862    0.0274137490032263    0.0008898862909737    0.0004951032938873
  0.0228316427106281    0.0273662587282193    0.0008907093367513    0.0004975788103568
  0.0229458009241813    0.0250129592559444    0.0008377723983733    0.0005000667044085
  0.0230605299288022    0.0260250686187894    0.0008614184700102    0.0005025670379306
  0.0231758325784462    0.0253769486992040    0.0008455488769362    0.0005050798731202
  0.0232917117413384    0.0229552699682575    0.0007809941326710    0.0005076052724858
  0.0234081703000451    0.0223325121199178    0.0007716631197687    0.0005101432988483
  0.0235252111515453    0.0218239672824593    0.0007579273288593    0.0005126940153425
  0.0236428372073030    0.0213140753369512    0.0007459543710054    0.0005152574854192
  0.0237610513933395    0.0203195173805321    0.0007274745469685    0.0005178337728463
  0.0238798566503062    0.0188719988527762    0.0006902314562721    0.0005204229417105
  0.0239992559335578    0.0187531958490670    0.0006868086592023    0.0005230250564191
  0.0241192522132255    0.0183506709152741    0.0006759040424926    0.0005256401817012
  0.0242398484742917    0.0195490996409945    0.0007000387116761    0.0005282683826097
  0.0243610477166631    0.0182838628346572    0.0006757465152243    0.0005309097245227
  0.0244828529552464    0.0176196775789137    0.0006500783644301    0.0005335642731454
  0.0246052672200227    0.0175371125270937    0.0006527954795462    0.0005362320945111
  0.0247282935561228    0.0170306344900804    0.0006371377985808    0.0005389132549836
  0.0248519350239034    0.0158915829845990    0.0006094519101970    0.0005416078212586
  0.0249761946990229    0.0154309046136218    0.0006020845910931    0.0005443158603649
  0.0251010756725180    0.0159186231336297    0.0006114288825023    0.0005470374396667
  0.0252265810508806    0.0153549949838312    0.0005969872469709    0.0005497726268650
  0.0253527139561350    0.0154786790018897    0.0005988199607926    0.0005525214899993
  0.0254794775259157    0.0140928168342530    0.0005625110558583    0.0005552840974493
  0.0256068749135453    0.0147969339540691    0.0005821264248834    0.0005580605179366
  0.0257349092881130    0.0144599037158911    0.0005754512714779    0.0005608508205263
  0.0258635838345535    0.0134673756716383    0.0005430556615444    0.0005636550746289
  0.0259929017537263    0.0138949403826754    0.0005487210389523    0.0005664733500020
  0.0261228662624949    0.0151965074597818    0.0005815286665514    0.0005693057167520
  0.0262534805938074    0.0127328159580925    0.0005238306534028    0.0005721522453358
  0.0263847479967764    0.0133908247602076    0.0005438743772896    0.0005750130065625
  0.0265166717367603    0.0136406141084118    0.0005448211357508    0.0005778880715953
  0.0266492550954441    0.0123736317412946    0.0005173144707606    0.0005807775119533
  0.0267825013709213    0.0126543205129020    0.0005188400692802    0.0005836813995130
  0.0269164138777759    0.0134019002286084    0.0005382828834133    0.0005865998065106
  0.0270509959471648    0.0131613586735057    0.0005297421735924    0.0005895328055432
  0.0271862509269006    0.0124266738466269    0.0005131170993054    0.0005924804695709
  0.0273221821815351    0.0123348906965104    0.0005135897983635    0.0005954428719187
  0.0274587930924428    0.0123169934627130    0.0005139968197102    0.0005984200862783
  0.0275960870579050    0.0133056544208310    0.0005382214623291    0.0006014121867097
  0.0277340674931945    0.0144852477600044    0.0005610994667847    0.0006044192476433
  0.0278727378306605    0.0114173030374927    0.0004934689865688    0.0006074413438815
  0.0280121015198138    0.0115453152549375    0.0007452398701756    0.0006137810851932
  0.0280121015198138    0.0121402771242159    0.0005117492617365    0.0006104785506009
  0.0281521620274129    0.0134756609290695    0.0008175565224109    0.0006168499906192
  0.0281521620274129    0.0117188981161259    0.0004936442143866    0.0006135309433539
  0.0282929228375499    0.0116641641252547    0.0005046261079705    0.0006165985980707
  0.0282929228375499    0.0123519492343648    0.0007443958197533    0.0006199342405723
  0.0284343874517377    0.0135375996980897    0.0007954685798091    0.0006230339117751
  0.0284343874517377    0.0125821103972339    0.0005334410048655    0.0006196815910610
  0.0285765593889964    0.0114979609816024    0.0005096302088851    0.0006227799990163
  0.0285765593889964    0.0127166532309611    0.0007555735842689    0.0006261490813340
  0.0287194421859414    0.0127674297211178    0.0007566699110203    0.0006292798267407
  0.0287194421859414    0.0116556656246917    0.0005211956801057    0.0006258938990114
  0.0288630393968711    0.0118123150131818    0.0006980220357849    0.0006324262258744
  0.0288630393968711    0.0120046569572214    0.0005196064330978    0.0006290233685065
  0.0290073545938554    0.0124983792062820    0.0007474029252434    0.0006355883570038
  0.0290073545938554    0.0112985361639145    0.0004894105036531    0.0006321684853490
  0.0291523913668247    0.0130099040907605    0.0007526841617764    0.0006387662987888
  0.0291523913668247    0.0110988083773342    0.0004902773618810    0.0006353293277757
  0.0292981533236588    0.0125166229025980    0.0007100327541449    0.0006419601302827
  0.0292981533236588    0.0126697371883884    0.0005233005495078    0.0006385059744146
  0.0294446440902771    0.0111391041393485    0.0006376308733921    0.0006451699309341
  0.0295918673107285    0.0122495417452591    0.0006717587595050    0.0006483957805888
  0.0297398266472821    0.0108711440999057    0.0006024743584532    0.0006516377594918
  0.0298885257805185    0.0117098579156115    0.0006442059625076    0.0006548959482892
  0.0300379684094211    0.0118342223528759    0.0006361686298278    0.0006581704280307
  0.0301881582514682    0.0116918887282068    0.0006265964372214    0.0006614612801708
  0.0303390990427256    0.0117120230665790    0.0006291199376607    0.0006647685865717
  0.0304907945379392    0.0106666967513646    0.0005662718845667    0.0006680924295045
  0.0306432485106289    0.0112709612675554    0.0006058575747752    0.0006714328916520
  0.0307964647531820    0.0103544591934476    0.0005327709724450    0.0006747900561103
  0.0309504470769479    0.0101992572191031    0.0005373487096344    0.0006781640063909
  0.0311051993123327    0.0097959533387492    0.0004936648027861    0.0006815548264228
  0.0312607253088943    0.0100092784894061    0.0005212164609172    0.0006849626005549
  0.0314170289354388    0.0096383816610363    0.0005021047705864    0.0006883874135577
  0.0315741140801160    0.0090197795926658    0.0004625668392307    0.0006918293506255
  0.0317319846505165    0.0087527804638707    0.0004443979965235    0.0006952884973786
  0.0318906445737691    0.0091612473602920    0.0004657553139910    0.0006987649398655
  0.0320500977966380    0.0092883373906264    0.0004734345845208    0.0007022587645648
  0.0322103482856212    0.0087545724619313    0.0004333304370661    0.0007057700583877
  0.0323714000270493    0.0085011882489436    0.0004236323750717    0.0007092989086796
  0.0325332570271845    0.0072762699566800    0.0003623181762113    0.0007128454032230
  0.0326959233123204    0.0079962653031054    0.0003973837311378    0.0007164096302391
  0.0328594029288820    0.0067248996029365    0.0003485195531425    0.0007199916783903
  0.0330236999435264    0.0070995034701288    0.0003422633364944    0.0007235916367823
  0.0331888184432441    0.0066165647545014    0.0003246548237551    0.0007272095949662
  0.0333547625354603    0.0062721253471728    0.0003141869918878    0.0007308456429410
  0.0335215363481376    0.0063320276540203    0.0003134865664347    0.0007344998711557
  0.0336891440298783    0.0064818875374295    0.0003206380341723    0.0007381723705115
  0.0338575897500276    0.0056358654719272    0.0002833099196924    0.0007418632323640
  0.0340268776987778    0.0061121341859290    0.0003001718063032    0.0007455725485259
  0.0341970120872717    0.0055478961818859    0.0002796158574557    0.0007493004112685
  0.0343679971477080    0.0051404098069534    0.0002536489612196    0.0007530469133248
  0.0345398371334466    0.0053675479776380    0.0002657557860724    0.0007568121478915
  0.0347125363191138    0.0049543566479787    0.0002463499280393    0.0007605962086309
  0.0348860990007094    0.0047270694095117    0.0002349757900995    0.0007643991896741
  0.0350605294957129    0.0048959061737256    0.0002442327829997    0.0007682211856224
  0.0352358321431915    0.0040487285879334    0.0002083748592898    0.0007720622915505
  0.0354120113039074    0.0040609292132113    0.0002042693275914    0.0007759226030083
  0.0355890713604269    0.0039232569084630    0.0002034514530055    0.0007798022160233
  0.0357670167172291    0.0037433772354491    0.0001911561929599    0.0007837012271035
  0.0359458518008152    0.0038278993317923    0.0001941810514909    0.0007876197332390
  0.0361255810598193    0.0035190915778406    0.0001826208773660    0.0007915578319052
  0.0363062089651184    0.0033242289197329    0.0001724379759686    0.0007955156210647
  0.0364877400099440    0.0029730722038231    0.0001536347435397    0.0007994931991700
  0.0366701787099937    0.0033044026090984    0.0001711614119092    0.0008034906651659
  0.0368535296035436    0.0031671368434035    0.0001639716450495    0.0008075081184917
  0.0370377972515614    0.0027844089961800    0.0001453880322931    0.0008115456590842
  0.0372229862378192    0.0028558885326354    0.0001507615308027    0.0008156033873796
  0.0374091011690083    0.0027461169104991    0.0001422617162262    0.0008196814043165
  0.0375961466748533    0.0030891908194874    0.0001553187451964    0.0008237798113381
  0.0377841274082275    0.0026190797788147    0.0001343633299436    0.0008278987103948
  0.0379730480452687    0.0027255375848732    0.0001412365503254    0.0008320382039467
  0.0381629132854950    0.0026569645919617    0.0001356370349335    0.0008361983949665
  0.0383537278519225    0.0029043794003392    0.0001454506951309    0.0008403793869413
  0.0385454964911821    0.0026525587981317    0.0001285905471129    0.0008445812838760
  0.0387382239736380    0.0027317669300306    0.0001348208264725    0.0008488041902954
  0.0389319150935062    0.0029165726076828    0.0001392947815444    0.0008530482112469
  0.0391265746689737    0.0026316906823541    0.0001279381502898    0.0008573134523031
  0.0393222075423186    0.0027067617877267    0.0001318688983437    0.0008616000195646
  0.0395188185800302    0.0025668314238709    0.0001239498516090    0.0008659080196624
  0.0397164126729303    0.0025875304128307    0.0001203591730334    0.0008702375597607
  0.0399149947362950    0.0026147777877429    0.0001221430637297    0.0008745887475595
  0.0401145697099764    0.0027412010632566    0.0001250558478407    0.0008789616912973
  0.0403151425585263    0.0028474362133696    0.0001275976657581    0.0008833564997538
  0.0405167182713189    0.0027405270171701    0.0001221000524098    0.0008877732822526
  0.0407193018626755    0.0025904513500059    0.0001184193634848    0.0008922121486639
  0.0409228983719889    0.0026875227452108    0.0001192387373518    0.0008966732094072
  0.0411275128638489    0.0027945275835443    0.0001220454153138    0.0009011565754542
  0.0413331504281681    0.0027852210893149    0.0001201358632476    0.0009056623583315
  0.0415398161803089    0.0025963996285849    0.0001143660946871    0.0009101906701231
  0.0417475152612105    0.0027605986976971    0.0001150227419890    0.0009147416234738
  0.0419562528375165    0.0026356718345772    0.0001117875644343    0.0009193153315911
  0.0421660341017041    0.0028753730741189    0.0001168928506720    0.0009239119082491
  0.0423768642722126    0.0027274513011127    0.0001120552992230    0.0009285314677903
  0.0425887485935737    0.0028505383847982    0.0001143076912106    0.0009331741251293
  0.0428016923365415    0.0028715513921501    0.0001144317481063    0.0009378399957549
  0.0430157007982242    0.0029264399078368    0.0001137585553775    0.0009425291957337
  0.0432307793022154    0.0027074360291876    0.0001079676170620    0.0009472418417124
  0.0434469331987264    0.0030090416138897    0.0001157973811934    0.0009519780509209
  0.0436641678647200    0.0027798494718114    0.0001100447934684    0.0009567379411755
  0.0438824887040437    0.0027107337748747    0.0001056596792524    0.0009615216308814
  0.0441019011475639    0.0026351641770670    0.0001025763662347    0.0009663292390358
  0.0443224106533017    0.0025160521845097    0.0000980937689929    0.0009711608852310
  0.0445440227065682    0.0026684480757748    0.0000992083524090    0.0009760166896572
  0.0447667428201010    0.0026215412772003    0.0001001770989838    0.0009808967731054
  0.0449905765342015    0.0025840622386946    0.0000981702435851    0.0009858012569710
  0.0452155294168725    0.0025371747844520    0.0000965411678702    0.0009907302632558
  0.0454416070639569    0.0024645614046599    0.0000945408155819    0.0009956839145721
  0.0456688150992767    0.0025420707434127    0.0000962877686882    0.0010006623341450
  0.0458971591747730    0.0023559886644146    0.0000893127179612    0.0010056656458157
  0.0461266449706469    0.0023523129759379    0.0000900089639599    0.0010106939740448
  0.0463572781955001    0.0023260465084517    0.0000882347508174    0.0010157474439150
  0.0465890645864776    0.0022967481981591    0.0000866392299697    0.0010208261811346
  0.0468220099094100    0.0020494582834061    0.0000791778863700    0.0010259303120402
  0.0470561199589570    0.0021307347137080    0.0000811953890051    0.0010310599636004
  0.0472914005587518    0.0020591363283910    0.0000780542167456    0.0010362152634184
  0.0475278575615456    0.0019688493107118    0.0000759762089591    0.0010413963397355
  0.0477654968493533    0.0019128456005264    0.0000750536270344    0.0010466033214342
  0.0480043243336001    0.0018185483468136    0.0000722350890462    0.0010518363380414
  0.0482443459552681    0.0017674499051633    0.0000705349383386    0.0010570955197316
  0.0484855676850444    0.0016825880653762    0.0000675357057137    0.0010623809973302
  0.0487279955234696    0.0015485723453943    0.0000653140184036    0.0010676929023169
  0.0489716355010870    0.0014818927979454    0.0000630973351637    0.0010730313668285
  0.0492164936785924    0.0014793945905301    0.0000641743781873    0.0010783965236626
  0.0494625761469853    0.0013880576211886    0.0000636548636708    0.0010837885062809
  0.0497098890277203    0.0012717311428158    0.0000576436264063    0.0010892074488123
  0.0499584384728589    0.0013381489280861    0.0000568594984118    0.0010946534860564
  0.0502082306652232    0.0013384170026281    0.0000566590341407    0.0011001267534867
  0.0504592718185493    0.0012675879352690    0.0000555535216916    0.0011056273872541
  0.0507115681776420    0.0011113489806759    0.0000501691228931    0.0011111555241904
  0.0509651260185302    0.0010326147545486    0.0000488040939298    0.0011167113018113
  0.0512199516486228    0.0010223125602202    0.0000479022820947    0.0011222948583204
  0.0514760514068660    0.0011053686187176    0.0000495107352833    0.0011279063326120
  0.0517334316639003    0.0010384714586711    0.0000478840932822    0.0011335458642751
  0.0519920988222198    0.0010816728793024    0.0000490688463742    0.0011392135935964
  0.0522520593163309    0.0011103603817596    0.0000481201746990    0.0011449096615644
  0.0525133196129125    0.0010601436384004    0.0000468073237290    0.0011506342098722
  0.0527758862109771    0.0009959065135932    0.0000461034458811    0.0011563873809216
  0.0530397656420320    0.0010860824963665    0.0000472856887203    0.0011621693178262
  0.0533049644702421    0.0010038223373555    0.0000450050420603    0.0011679801644153
  0.0535714892925933    0.0010118993875540    0.0000461704943108    0.0011738200652374
  0.0538393467390563    0.0010105400817789    0.0000467482838453    0.0011796891655636
  0.0541085434727516    0.0009420399996108    0.0000448537650766    0.0011855876113914
  0.0543790861901153    0.0009301015124947    0.0000431248388170    0.0011915155494484
  0.0546509816210659    0.0010797463373232    0.0000449448588903    0.0011974731271956
  0.0549242365291712    0.0009837236500317    0.0000428537682760    0.0012034604928316
  0.0551988577118171    0.0009894103568424    0.0000430595792268    0.0012094777952957
  0.0554748520003761    0.0010147070435201    0.0000420904901123    0.0012155251842722
  0.0557522262603780    0.0010632913954170    0.0000435746833351    0.0012216028101936
  0.0560309873916799    0.0010911532226441    0.0000442444288322    0.0012277108242446
  0.0563111423286383    0.0010425622992771    0.0000427788846092    0.0012338493783658
  0.0565926980402815    0.0010761738004844    0.0000443527106358    0.0012400186252576
  0.0568756615304829    0.0010776055374860    0.0000432312960804    0.0012462187183839
  0.0571600398381353    0.0010380651019949    0.0000426149347580    0.0012524498119758
  0.0574458400373259    0.0010453710181938    0.0000424480565719    0.0012587120610357
  0.0577330692375126    0.0009540123868207    0.0000394974319166    0.0012650056213409
  0.0580217345837001    0.0009430600816643    0.0000394944657126    0.0012713306494476
  0.0583118432566186    0.0010195158525619    0.0000415780051496    0.0012776873026948
  0.0586034024729017    0.0009948680341872    0.0000404840466957    0.0012840757392083
  0.0588964194852662    0.0009197240394572    0.0000383255790969    0.0012904961179043
  0.0591909015826925    0.0009876240111919    0.0000401291611693    0.0012969485984938
  0.0594868560906060    0.0008940026223361    0.0000376985306327    0.0013034333414863
  0.0597842903710590    0.0009584858817806    0.0000398216762342    0.0013099505081937
  0.0600832118229143    0.0009012781941107    0.0000376609107376    0.0013165002607347
  0.0603836278820289    0.0009002326641718    0.0000376299029362    0.0013230827620384
  0.0606855460214390    0.0008485799707940    0.0000359513205845    0.0013296981758486
  0.0609889737515462    0.0008649964895070    0.0000370498277660    0.0013363466667278
  0.0612939186203039    0.0008661878446236    0.0000372454414001    0.0013430284000615
  0.0616003882134054    0.0008337682931326    0.0000358617092739    0.0013497435420618
  0.0619083901544725    0.0007389994554796    0.0000337428651361    0.0013564922597721
  0.0622179321052448    0.0006810267720299    0.0000323097756601    0.0013632747210709
  0.0625290217657710    0.0007354072428506    0.0000335054271172    0.0013700910946763
  0.0628416668745999    0.0007411270043287    0.0000340423603565    0.0013769415501497
  0.0631558752089729    0.0006445414712426    0.0000320556041013    0.0013838262579004
  0.0634716545850177    0.0006155254514410    0.0000312091205591    0.0013907453891899
  0.0637890128579428    0.0007076491621252    0.0000331546306338    0.0013976991161359
  0.0641079579222325    0.0005668577356279    0.0000296455529576    0.0014046876117166
  0.0644284977118437    0.0005723660632913    0.0000299789763235    0.0014117110497751
  0.0647506402004029    0.0005543462289211    0.0000294631790109    0.0014187696050240
  0.0650743934014049    0.0005941703365422    0.0000310573954848    0.0014258634530491
  0.0653997653684119    0.0005922201450607    0.0000312399246414    0.0014329927703144
  0.0657267641952540    0.0005598225325539    0.0000304663464777    0.0014401577341660
  0.0660553980162302    0.0005193816901805    0.0000299162930105    0.0014473585228368
  0.0663856750063114    0.0005696953182685    0.0000297483280728    0.0014545953154510
  0.0667176033813429    0.0005396650385115    0.0000292838029511    0.0014618682920282
  0.0670511913982496    0.0004754996297406    0.0000272560387140    0.0014691776334884
  0.0673864473552409    0.0004918979686669    0.0000282458215408    0.0014765235216558
  0.0677233795920171    0.0004941360421201    0.0000272642231551    0.0014839061392641
  0.0680619964899772    0.0004843110878100    0.0000266351588408    0.0014913256699604
  0.0684023064724270    0.0004858978987200    0.0000271034203331    0.0014987822983102
  0.0687443180047892    0.0004592114986457    0.0000266273049472    0.0015062762098018
  0.0690880395948131    0.0004805465515275    0.0000266455307869    0.0015138075908508
  0.0694334797927871    0.0004705078500020    0.0000258375256695    0.0015213766288050
  0.0697806471917511    0.0004584189918857    0.0000257677065333    0.0015289835119490
  0.0701295504277098    0.0004406928592689    0.0000252015393581    0.0015366284295088
  0.0704801981798484    0.0004810273377150    0.0000255807568374    0.0015443115716563
  0.0708325991707476    0.0004542013717078    0.0000253733159340    0.0015520331295146
  0.0711867621666013    0.0004692024841410    0.0000255550803256    0.0015597932951622
  0.0715426959774343    0.0004736046257668    0.0000250156175986    0.0015675922616380
  0.0719004094573215    0.0004865876546770    0.0000257040527834    0.0015754302229462
  0.0722599115046081    0.0004222703984831    0.0000242303996786    0.0015833073740609
  0.0726212110621311    0.0004359973240640    0.0000241900209069    0.0015912239109312
  0.0729843171174418    0.0004463950658236    0.0000244194351010    0.0015991800304859
  0.0733492387030290    0.0003898391127969    0.0000230423325712    0.0016071759306383
  0.0737159848965441    0.0004671640797503    0.0000243941732070    0.0016152118102915
  0.0740845648210268    0.0003932568975051    0.0000230393528378    0.0016232878693430
  0.0744549876451319    0.0003963905620003    0.0000224792394241    0.0016314043086897
  0.0748272625833576    0.0003660531937287    0.0000216501685716    0.0016395613302331
  0.0752013988962744    0.0003649146269735    0.0000216551350779    0.0016477591368843
  0.0755774058907557    0.0003888214340892    0.0000214013525050    0.0016559979325687
  0.0759552929202095    0.0003543936715555    0.0000215442936209    0.0016642779222315
  0.0763350693848105    0.0003475469854917    0.0000216234602614    0.0016725993118427
  0.0767167447317346    0.0003443331497996    0.0000207491222301    0.0016809623084019
  0.0771003284553933    0.0003321365141408    0.0000214519991587    0.0016893671199439
  0.0774858300976702    0.0003428510414108    0.0000209547860655    0.0016978139555436
  0.0778732592481586    0.0002792356757957    0.0000186452506359    0.0017063030253214
  0.0782626255443993    0.0003247177933220    0.0000201228672832    0.0017148345404480
  0.0786539386721213    0.0003007711923961    0.0000195071668074    0.0017234087131502
  0.0790472083654819    0.0003257199970920    0.0000197309033809    0.0017320257567160
  0.0794424444073093    0.0003025133136805    0.0000188732011840    0.0017406858854995
  0.0798396566293459    0.0002965017105250    0.0000184613045653    0.0017493893149270
  0.0802388549124926    0.0002888154817476    0.0000185759973919    0.0017581362615017
  0.0806400491870551    0.0002433797555544    0.0000176636644460    0.0017669269428092
  0.0810432494329903    0.0002774434783178    0.0000180628563029    0.0017757615775232
  0.0814484656801553    0.0002246927869538    0.0000170666501317    0.0017846403854108
  0.0814484656801553    0.0002373221567653    0.0000364910189985    0.0017830395702061
  0.0818557080085560    0.0002407081340567    0.0000174594404624    0.0017935635873379
  0.0818557080085560    0.0002201345591722    0.0000158415074363    0.0017919547680572
  0.0822649865485988    0.0002353231741987    0.0000159067271459    0.0018009145418975
  0.0822649865485988    0.0002433329961883    0.0000173696969839    0.0018025314052746
  0.0826763114813418    0.0002517675672174    0.0000174645801561    0.0018115440623010
  0.0826763114813418    0.0002040841028173    0.0000145754509337    0.0018099191146069
  0.0830896930387485    0.0002338983009275    0.0000172113288565    0.0018206017826125
  0.0830896930387485    0.0002365161773742    0.0000163316925063    0.0018189687101800
  0.0835051415039422    0.0002360213284062    0.0000160007099915    0.0018280635537309
  0.0835051415039422    0.0002430349250746    0.0000172913261800    0.0018297047915255
  0.0839226672114619    0.0002020858410602    0.0000141795533800    0.0018372038714995
  0.0839226672114619    0.0002103129507835    0.0000167968409333    0.0018388533154832
  0.0843422805475192    0.0002046790560766    0.0000142645876676    0.0018463898908570
  0.0843422805475192    0.0002468040995962    0.0000172344423803    0.0018480475820606
  0.0847639919502568    0.0002082851686561    0.0000135322874735    0.0018556218403113
  0.0847639919502568    0.0002348018704625    0.0000171148236670    0.0018572878199709
  0.0851878119100081    0.0002164887773594    0.0000141302243053    0.0018648999495129
  0.0851878119100081    0.0002324351794973    0.0000172036937523    0.0018665742590707
  0.0856137509695581    0.0002377146005334    0.0000171105877365    0.0018759071303661
  0.0856137509695581    0.0002052179303199    0.0000132337674292    0.0018742244492604
  0.0860418197244059    0.0002343002797904    0.0000169973649706    0.0018852866660179
  0.0860418197244059    0.0001903853141777    0.0000130596576173    0.0018835955715067
  0.0864720288230279    0.0001791170908243    0.0000126484117036    0.0018930135493643
  0.0864720288230279    0.0002208167784648    0.0000165596673341    0.0018947130993480
  0.0869043889671431    0.0002019722624794    0.0000128664977628    0.0019024786171111
  0.0869043889671431    0.0002404833668856    0.0000171542589641    0.0019041866648447
  0.0873389109119788    0.0002058800445846    0.0000156142365685    0.0019137075981690
  0.0873389109119788    0.0001802717717114    0.0000121760319717    0.0019119910101966
  0.0877756054665386    0.0001638075737806    0.0000112367771414    0.0019215509652476
  0.0877756054665386    0.0001952796366407    0.0000158309036670    0.0019232761361598
  0.0882144834938713    0.0001836450518695    0.0000151920500802    0.0019328925168406
  0.0882144834938713    0.0001866022377895    0.0000121021979476    0.0019311587200739
  0.0886555559113407    0.0001843244194562    0.0000152819235395    0.0019425569794248
  0.0886555559113407    0.0001699965641536    0.0000115036032444    0.0019408145136742
  0.0890988336908974    0.0001678962639272    0.0000110433134145    0.0019505185862426
  0.0890988336908974    0.0001932558306243    0.0000152790161356    0.0019522697643219
  0.0895443278593518    0.0001744556471258    0.0000110891928482    0.0019602711791738
  0.0895443278593518    0.0001907178588686    0.0000158480964252    0.0019620311131435
  0.0899920494986486    0.0001595779313513    0.0000108178040440    0.0019700725350697
  0.0899920494986486    0.0001893664366009    0.0000157081702474    0.0019718412687093
  0.0904420097461418    0.0001903119011252    0.0000149776605239    0.0019817004750528
  0.0904420097461418    0.0001546389079172    0.0000103700736033    0.0019799228977450
  0.0908942197948725    0.0001347539363099    0.0000142799661927    0.0019916089774281
  0.0908942197948725    0.0001419576292070    0.0000098068213348    0.0019898225122338
  0.0913486908938469    0.0001835254795833    0.0000150734425254    0.0020015670223152
  0.0913486908938469    0.0001520645733783    0.0000098203708128    0.0019997716247949
  0.0918054343483161    0.0001669785229980    0.0000149424286705    0.0020115748574268
  0.0918054343483161    0.0001255143772322    0.0000090390506313    0.0020097704829189
  0.0922644615200577    0.0001641050370075    0.0000146848979067    0.0020216327317139
  0.0922644615200577    0.0001238625570632    0.0000091670095100    0.0020198193353335
  0.0927257838276579    0.0001327831744978    0.0000095510480740    0.0020299184320102
  0.0927257838276579    0.0001272441313009    0.0000141882810112    0.0020317408953725
  0.0931894127467962    0.0001588745266041    0.0000152740956693    0.0020418995998494
  0.0931894127467962    0.0001334473750151    0.0000089790868036    0.0020400680241702
  0.0936553598105302    0.0001295217963779    0.0000087444544720    0.0020502683642911
  0.0936553598105302    0.0001575932624467    0.0000150541463062    0.0020521090978486
  0.0941236366095829    0.0001428877228801    0.0000146241598774    0.0020623696433378
  0.0941236366095829    0.0001126804428589    0.0000080170144850    0.0020605197061125
  0.0945942547926308    0.0001575747608012    0.0000143585042800    0.0020726814915545
  0.0945942547926308    0.0001118480902765    0.0000081944183223    0.0020708223046431
  0.0950672260665939    0.0001102292306911    0.0000134205746190    0.0020830448990123
  0.0950672260665939    0.0001068629105221    0.0000075988682099    0.0020811764161663
  0.0955425621969268    0.0001091790511739    0.0000078400525922    0.0020915822982471
  0.0960202750079115    0.0001047325760629    0.0000077774028465    0.0021020402097384
  0.0965003763829510    0.0001127537516942    0.0000081025925984    0.0021125504107871
  0.0969828782648658    0.0001066294688841    0.0000074057401262    0.0021231131628410
  0.0974677926561901    0.0000972944788632    0.0000069245972469    0.0021337287286552
  0.0979551316194710    0.0001003610731960    0.0000073017475684    0.0021443973722985
  0.0984449072775684    0.0000908323029937    0.0000067398794293    0.0021551193591600
  0.0989371318139562    0.0001045211898966    0.0000069517046703    0.0021658949559558
  0.0994318174730260    0.0000961822126468    0.0000066741056803    0.0021767244307355
  0.0999289765603911    0.0000839830324364    0.0000062501484162    0.0021876080528892
  0.1004286214431930    0.0000986713463810    0.0000068262674415    0.0021985460931537
  0.1009307645504090    0.0000999378674400    0.0000067818599894    0.0022095388236194
  0.1014354183731610    0.0000728875534495    0.0000056970949667    0.0022205865177375
  0.1019425954650268    0.0000778351562997    0.0000060691821645    0.0022316894503262
  0.1024523084423520    0.0000843576675199    0.0000060622792114    0.0022428478975778
  0.1029645699845637    0.0000780646583273    0.0000057869522997    0.0022540621370657
  0.1034793928344865    0.0000704843579546    0.0000054771512631    0.0022653324477511
  0.1039967897986589    0.0000793557028636    0.0000057436382059    0.0022766591099898
  0.1045167737476522    0.0000725980837861    0.0000053203334568    0.0022880424055398
  0.1050393576163905    0.0000674635403283    0.0000053149276389    0.0022994826175675
  0.1055645544044724    0.0000689271709648    0.0000052939530143    0.0023109800306553
  0.1060923771764948    0.0000646845135291    0.0000049064304643    0.0023225349308086
  0.1066228390623772    0.0000695470705815    0.0000049118708078    0.0023341476054626
  0.1071559532576891    0.0000643979413680    0.0000051436452485    0.0023458183434899
  0.1076917330239775    0.0000590967032114    0.0000049715972743    0.0023575474352074
  0.1082301916890974    0.0000586949936494    0.0000046409445518    0.0023693351723834
  0.1087713426475429    0.0000556542299746    0.0000045742878102    0.0023811818482453
  0.1093151993607806    0.0000497988529625    0.0000043409600129    0.0023930877574866
  0.1098617753575845    0.0000497378286310    0.0000042962305933    0.0024050531962740
  0.1104110842343724    0.0000617365058842    0.0000045033754591    0.0024170784622554
  0.1109631396555442    0.0000522842623049    0.0000041257492558    0.0024291638545666
  0.1115179553538219    0.0000418238541587    0.0000039098742127    0.0024413096738395
  0.1120755451305910    0.0000492826256829    0.0000040511930351    0.0024535162222087
  0.1126359228562440    0.0000456982152549    0.0000037128425895    0.0024657838033197
  0.1131991024705252    0.0000409917975314    0.0000038211180795    0.0024781127223363
  0.1137650979828778    0.0000437651799881    0.0000038475386255    0.0024905032859480
  0.1143339234727922    0.0000438767254074    0.0000036974834820    0.0025029558023777
  0.1149055930901561    0.0000345524681112    0.0000035375627074    0.0025154705813896
  0.1154801210556069    0.0000404091435043    0.0000035761934374    0.0025280479342966
  0.1160575216608849    0.0000413454314349    0.0000036152533547    0.0025406881739681
  0.1166378092691893    0.0000357119378408    0.0000034557801252    0.0025533916148379
  0.1172209983155353    0.0000391621208566    0.0000034349114949    0.0025661585729121
  0.1178071033071129    0.0000413229663232    0.0000034362143900    0.0025789893657766
  0.1183961388236485    0.0000311640685893    0.0000032008749789    0.0025918843126055
  0.1189881195177667    0.0000293433240165    0.0000032688741994    0.0026048437341686
  0.1195830601153555    0.0000305681144942    0.0000031878407666    0.0026178679528394
  0.1201809754159323    0.0000274387090898    0.0000031863425254    0.0026309572926036
  0.1207818802930119    0.0000230518574513    0.0000030194734160    0.0026441120790666
  0.1213857896944770    0.0000272598776305    0.0000030278940361    0.0026573326394619
  0.1219927186429494    0.0000230571396221    0.0000029105217966    0.0026706193026593
  0.1226026822361641    0.0000275893322597    0.0000028123119147    0.0026839723991726
  0.1232156956473449    0.0000283325662893    0.0000027908883616    0.0026973922611684
  0.1238317741255816    0.0000245738757616    0.0000027796715008    0.0027108792224743
  0.1244509329962095    0.0000201088341641    0.0000026689227636    0.0027244336185866
  0.1250731876611905    0.0000189062654161    0.0000026178007351    0.0027380557866796
  0.1256985535994965    0.0000208106412273    0.0000025186620601    0.0027517460656130
  0.1263270463674940    0.0000242615063561    0.0000025868550628    0.0027655047959410
  0.1269586815993314    0.0000204657431503    0.0000026287661972    0.0027793323199207
  0.1275934750073280    0.0000200215881132    0.0000026007912251    0.0027932289815203
  0.1282314423823647    0.0000178832598691    0.0000024635056314    0.0028071951264279
  0.1288725995942765    0.0000167073388106    0.0000025277599530    0.0028212311020601
  0.1295169625922478    0.0000171061473778    0.0000023788555859    0.0028353372575704
  0.1301645474052091    0.0000155918787836    0.0000023315395761    0.0028495139438582
  0.1308153701422351    0.0000189955608804    0.0000023916448529    0.0028637615135775
  0.1314694469929463    0.0000152422760543    0.0000022783592192    0.0028780803211454
  0.1321267942279110    0.0000130164694429    0.0000022389088266    0.0028924707227511
  0.1327874281990505    0.0000120831923595    0.0000022559343175    0.0029069330763649
  0.1334513653400458    0.0000170493217728    0.0000022366900980    0.0029214677417467
  0.1341186221667460    0.0000111084110347    0.0000021007364472    0.0029360750804554
  0.1347892152775797    0.0000092839288414    0.0000021994576854    0.0029507554558577
  0.1354631613539676    0.0000116850952825    0.0000019797897710    0.0029655092331370
  0.1361404771607374    0.0000141020423487    0.0000020708605773    0.0029803367793027
  0.1368211795465411    0.0000079529142266    0.0000020192864760    0.0029952384631992
  0.1375052854442738    0.0000113370794924    0.0000019820474764    0.0030102146555152
  0.1381928118714951    0.0000081716810186    0.0000019617044595    0.0030252657287928
  0.1388837759308526    0.0000071755443257    0.0000019233359148    0.0030403920574367
  0.1395781948105068    0.0000081880249166    0.0000018811796408    0.0030555940177239
  0.1402760857845594    0.0000080004339217    0.0000018216637986    0.0030708719878125
  0.1409774662134821    0.0000074756684487    0.0000018909578551    0.0030862263477516
  0.1416823535445495    0.0000071936995569    0.0000018455738385    0.0031016574794904
  0.1423907653122723    0.0000072699535958    0.0000018514081798    0.0031171657668878
  0.1431027191388336    0.0000070993592619    0.0000017954257589    0.0031327515957223
  0.1438182327345278    0.0000078027961964    0.0000019258487433    0.0031484153537009
  0.1445373238982004    0.0000081043176525    0.0000019511657695    0.0031641574304694
  0.1452600105176914    0.0000022446534587    0.0000017816780934    0.0031799782176217
  0.1459863105702798    0.0000070495354835    0.0000016581909900    0.0031958781087098
  0.1467162421231312    0.0000070227698259    0.0000017575233779    0.0032118574992534
  0.1474498233337468    0.0000062155082479    0.0000016752642997    0.0032279167867496
  0.1481870724504156    0.0000058509500596    0.0000016710460129    0.0032440563706834
  0.1489280078126676    0.0000027322977224    0.0000016168976157    0.0032602766525368
  0.1496726478517310    0.0000039878176206    0.0000016199473896    0.0032765780357995
  0.1504210110909896    0.0000067955317634    0.0000016454694504    0.0032929609259785
  0.1511731161464445    0.0000017250515454    0.0000016421831476    0.0033094257306084
  0.1519289817271767    0.0000041199316114    0.0000015541997257    0.0033259728592614
  0.1526886266358126    0.0000016892639128    0.0000015062828147    0.0033426027235577
  0.1534520697689916    0.0000011385111889    0.0000015633728134    0.0033593157371755
  0.1542193301178366    0.0000020949168490    0.0000015432481102    0.0033761123158614
  0.1549904267684257    0.0000038706942173    0.0000015593782653    0.0033929928774407
  0.1557653789022678    0.0000033916473169    0.0000015637780828    0.0034099578418279
  0.1565442057967792    0.0000020552697839    0.0000015624161501    0.0034270076310370
  0.1573269268257630    0.0000048088042737    0.0000015965262571    0.0034441426691922
  0.1581135614598919    0.0000018715310012    0.0000015363375838    0.0034613633825382
  0.1589041292671913   -0.0000023553053021    0.0000014866911341    0.0034786701994509
  0.1596986499135272   -0.0000002952369544    0.0000014664015050    0.0034960635504481
  0.1604971431630948    0.0000007355948327    0.0000014502014861    0.0035135438682004
  0.1612996288789103    0.0000002640156092    0.0000014473320975    0.0035311115875414
  0.1621061270233048    0.0000028095550190    0.0000014642740298    0.0035487671454791
  0.1629166576584213    0.0000012387927240    0.0000014716690147    0.0035665109812065
  0.1637312409467134    0.0000017234203399    0.0000014275330491    0.0035843435361125
  0.1645498971514470    0.0000018727914379    0.0000014642705339    0.0036022652537931
  0.1653726466372042    0.0000022929965198    0.0000014130570405    0.0036202765800620
  0.1661995098703902    0.0000003454618088    0.0000014530270854    0.0036383779629623
  0.1670305074197421    0.0000010891853117    0.0000013831809756    0.0036565698527771
  0.1678656599568408    0.0000013404438757    0.0000013978354922    0.0036748527020410
  0.1687049882566250    0.0000043506821882    0.0000014146905664    0.0036932269655512
  0.1695485131979081   -0.0000020616121575    0.0000013574932797    0.0037116931003790
  0.1703962557638976   -0.0000008096452844    0.0000013656115305    0.0037302515658809
  0.1712482370427171    0.0000002033116526    0.0000013412216370    0.0037489028237103
  0.1721044782279307    0.0000017472451500    0.0000013726957293    0.0037676473378288
  0.1729650006190703    0.0000028904949887    0.0000013956594583    0.0037864855745180
  0.1738298256221656    0.0000011461188894    0.0000013578818045    0.0038054180023906
  0.1746989747502765    0.0000041521650682    0.0000013988660949    0.0038244450924025
  0.1755724696240278    0.0000005293583390    0.0000013761909548    0.0038435673178645
  0.1764503319721480   -0.0000005451232961    0.0000013388304910    0.0038627851544539
  0.1773325836320087    0.0000017823918485    0.0000013919527725    0.0038820990802261
  0.1782192465501687   -0.0000008382348148    0.0000013258080374    0.0039015095756273
  0.1791103427829195    0.0000010451063726    0.0000013855463355    0.0039210171235054
  0.1800058944968341   -0.0000000891356490    0.0000013694055923    0.0039406222091229
  0.1809059239693183    0.0000010383375160    0.0000013810250817    0.0039603253201685
  0.1818104535891648   -0.0000002524461013    0.0000013308422447    0.0039801269467694
  0.1827195058571106    0.0000024889518791    0.0000013772063569    0.0040000275815032
  0.1836331033863962    0.0000030967147874    0.0000013530882144    0.0040200277194107
  0.1845512689033281    0.0000007658977242    0.0000013745978314    0.0040401278580078
  0.1854740252478447    0.0000027398930542    0.0000013625138896    0.0040603284972978
  0.1864013953740840    0.0000024269347206    0.0000013706904548    0.0040806301397843
  0.1873334023509544   -0.0000004597711386    0.0000014135153005    0.0041010332904832
  0.1882700693627091    0.0000000414281984    0.0000013661457713    0.0041215384569357
  0.1892114197095226    0.0000015586978457    0.0000013983097245    0.0041421461492203
  0.1901574768080702    0.0000002830122518    0.0000015395978389    0.0041628568799664
  0.1911082641921105    0.0000010047567481    0.0000015315523236    0.0041836711643663
  0.1920638055130711    0.0000021566326853    0.0000015169471210    0.0042045895201881
  0.1930241245406364    0.0000027495740895    0.0000014724351353    0.0042256124677890
  0.1939892451633396    0.0000000809214551    0.0000014597732157    0.0042467405301280
  0.1949591913891562    0.0000026808896861    0.0000014699048251    0.0042679742327786
  0.1959339873461020    0.0000011270464232    0.0000014514916672    0.0042893141039425
  0.1969136572828325    0.0000004534983039    0.0000013776468954    0.0043107606744622
  0.1978982255692466    0.0000016605437313    0.0000013759587474    0.0043323144778345
  0.1988877166970929    0.0000011274196591    0.0000013608968046    0.0043539760502237
  0.1998821552805783    0.0000021845101534    0.0000013729987830    0.0043757459304748
  0.2008815660569812    0.0000020524926326    0.0000013501516478    0.0043976246601272
  0.2018859738872660    0.0000003266363984    0.0000013501844542    0.0044196127834278
  0.2028954037567023    0.0000005479046021    0.0000013792956148    0.0044417108473450
  0.2039098807754859    0.0000017594840246    0.0000013587449845    0.0044639194015817
  0.2049294301793633    0.0000029136602313    0.0000013469077904    0.0044862389985896
  0.2059540773302601    0.0000037796683138    0.0000013350829846    0.0045086701935826
  0.2069838477169113    0.0000005413223967    0.0000013471348988    0.0045312135445505
  0.2080187669554959    0.0000022957474138    0.0000013381237808    0.0045538696122732
  0.2090588607902733    0.0000025227191348    0.0000012832129482    0.0045766389603346
  0.2101041550942246    0.0000019194661628    0.0000013104640072    0.0045995221551363
  0.2111546758696958    0.0000023339647094    0.0000013113146645    0.0046225197659119
  0.2122104492490442    0.0000013919038221    0.0000013137068539    0.0046456323647415
  0.2132715014952894    0.0000007683118572    0.0000012939270215    0.0046688605265652
  0.2143378590027659   -0.0000000902585544    0.0000013533296352    0.0046922048291980
  0.2154095482977796    0.0000041521216505    0.0000013150198070    0.0047156658533440
  0.2164865960392685    0.0000018922032887    0.0000012934495913    0.0047392441826107
  0.2175690290194648    0.0000025344965520    0.0000013027036503    0.0047629404035238
  0.2186568741645621    0.0000033102850311    0.0000012952253024    0.0047867551055414
  0.2197501585353849   -0.0000007108323279    0.0000012862873235    0.0048106888810691
  0.2208489093280618    0.0000028523466119    0.0000012951652474    0.0048347423254745
  0.2219531538747021    0.0000025082335488    0.0000012920820455    0.0048589160371018
  0.2230629196440756    0.0000004230936455    0.0000012985684235    0.0048832106172874
  0.2241782342422960    0.0000010754215425    0.0000012999384138    0.0049076266703738
  0.2252991254135074   -0.0000010887609629    0.0000012866653071    0.0049321648037257
  0.2264256210405749    0.0000030761392907    0.0000012892327150    0.0049568256277443
  0.2275577491457778    0.0000016742896106    0.0000012529005147    0.0049816097558830
  0.2286955378915067    0.0000017984813054    0.0000012521088307    0.0050065178046624
  0.2298390155809641    0.0000018717311245    0.0000012704163317    0.0050315503936857
  0.2309882106588690   -0.0000006469546911    0.0000012467050567    0.0050567081456542
  0.2321431517121633   -0.0000003151979668    0.0000012339008219    0.0050819916863824
  0.2333038674707241    0.0000046766254379    0.0000012363579066    0.0051074016448143
  0.2344703868080777    0.0000014576544942    0.0000012745098245    0.0051329386530384
  0.2356427387421181    0.0000021845806539    0.0000012317175893    0.0051586033463036
  0.2368209524358286    0.0000036499427566    0.0000012302796105    0.0051843963630351
  0.2380050571980077    0.0000058437461816    0.0000012104920885    0.0052103183448503
  0.2391950824839977    0.0000001698410761    0.0000012093741903    0.0052363699365745
  0.2403910578964177    0.0000018975911786    0.0000012396186745    0.0052625517862574
  0.2415930131858998   -0.0000004967436065    0.0000012416434470    0.0052888645451887
  0.2428009782518292    0.0000035287774956    0.0000012566202895    0.0053153088679146
  0.2440149831430883    0.0000018620598963    0.0000012159935253    0.0053418854122542
  0.2452350580588037    0.0000013534821834    0.0000012634079677    0.0053685948393155
  0.2464612333490978    0.0000004506386564    0.0000012270678529    0.0053954378135121
  0.2476935395158432    0.0000008038671692    0.0000012084029334    0.0054224150025796
  0.2489320072134224    0.0000003281293915    0.0000012214252426    0.0054495270775925
  0.2501766672494895    0.0000020864838211    0.0000012252725882    0.0054767747129805
  0.2514275505857369    0.0000005744195604    0.0000012424168576    0.0055041585865454
  0.2526846883386655    0.0000014419565102    0.0000012139137738    0.0055316793794781
  0.2539481117803589   -0.0000006733826432    0.0000012306779789    0.0055593377763755
  0.2552178523392606    0.0000007874631146    0.0000012158522699    0.0055871344652574
  0.2564939416009570   -0.0000007623122092    0.0000012319669666    0.0056150701375837
  0.2577764113089617    0.0000003306133622    0.0000012222967475    0.0056431454882716
  0.2590652933655064    0.0000002316819162    0.0000012157721746    0.0056713612157129
  0.2603606198323339    0.0000004156672095    0.0000011840150958    0.0056997180217915
  0.2616624229314956   -0.0000007311921419    0.0000012304479057    0.0057282166119005
  0.2629707350461531    0.0000012684707513    0.0000011982004607    0.0057568576949600
  0.2642855887213838    0.0000001097486464    0.0000012296269051    0.0057856419834348
  0.2656070166649907    0.0000013611126121    0.0000012408849294    0.0058145701933519
  0.2669350517483157    0.0000022801253004    0.0000012507467803    0.0058436430443187
  0.2682697270070572    0.0000016758091805    0.0000012330579953    0.0058728612595403
  0.2696110756420924   -0.0000023100585260    0.0000012797062432    0.0059022255658380
  0.2709591310203028    0.0000009148398155    0.0000012967303601    0.0059317366936672
  0.2723139266754043    0.0000020340377039    0.0000013067472335    0.0059613953771355
  0.2736754963087813   -0.0000013372316104    0.0000012541603650    0.0059912023540212
  0.2750438737903252    0.0000004133236779    0.0000012284878439    0.0060211583657913
  0.2764190931592768    0.0000020510745546    0.0000012737037930    0.0060512641576203
  0.2778011886250731   -0.0000012671430314    0.0000012577722482    0.0060815204784084
