# Experiment IPTS-36897 Run 226636
# Reduction 2.10.0.dev1
# Run title: sample4_xa-9_full_-20_mA-226636-1.
# Run start time: 2026-03-29T21:21:30.961001667
# Reduction time: Mon Apr 27 17:39:51 2026
# Q summing: False
# TOF weighted: False
# Bck in Q: False
# Theta offset: 0.0
# Stitching type: None
# DataRun   NormRun   TwoTheta(deg)  LambdaMin(A)   LambdaMax(A) Qmin(1/A)    Qmax(1/A)    SF_A         SF_B          SF
# 226636    226559    0.739638       2.67975        9.59606      0.0084       0.0302       4.0          0            1.0         
# 226637    226560    2.40015        2.67975        9.59606      0.0274       0.0982       25.0         0            1.0         
# 226638    226561    7.00001        2.67975        9.59606      0.0799       0.2862       196.0        0            1.0         
# Q [1/Angstrom]        R                     dR                    dQ [FWHM]            
  0.0084623477868332    1.9627360764629203    1.1678242436669166    0.0001859863813094
  0.0085046595257674    0.8113461373413468    0.0535760454969713    0.0001869163132159
  0.0085471828233962    0.9795883103004349    0.0688426123987393    0.0001878508947820
  0.0085899187375132    0.9651028586649723    0.0657971897198988    0.0001887901492559
  0.0086328683312008    0.8676437623433989    0.0570366384245475    0.0001897341000022
  0.0086760326728568    0.9203142431079051    0.0598223383771539    0.0001906827705022
  0.0087194128362210    0.8516251563126817    0.0537345126911067    0.0001916361843547
  0.0087630099004021    0.8924035254973558    0.0579055417339565    0.0001925943652765
  0.0088068249499042    0.9071503596205768    0.0571218494238316    0.0001935573371029
  0.0088508590746537    0.8530372753724357    0.0530332236104003    0.0001945251237884
  0.0088951133700269    0.9123237583109647    0.0564398530173093    0.0001954977494073
  0.0089395889368771    0.9406259383592191    0.0583222088639508    0.0001964752381543
  0.0089842868815615    0.8198236920731703    0.0487662354887307    0.0001974576143451
  0.0090292083159693    0.8912910765888591    0.0528120329365606    0.0001984449024168
  0.0090743543575491    0.9703191435168321    0.0581675984466826    0.0001994371269289
  0.0091197261293369    0.9948763567612461    0.0593606801881925    0.0002004343125636
  0.0091653247599835    1.0539182795193183    0.0654116784394845    0.0002014364841264
  0.0092111513837835    0.8309473601826730    0.0453727188426388    0.0002024436665470
  0.0092572071407024    1.0285415617100333    0.0617524842450189    0.0002034558848798
  0.0093034931764059    1.0385270053564972    0.0614474560667185    0.0002044731643042
  0.0093500106422879    0.9491646812116623    0.0529073079106534    0.0002054955301257
  0.0093967606954993    0.9509966675250932    0.0520875418447023    0.0002065230077763
  0.0094437444989768    0.8700414784164389    0.0458290862387601    0.0002075556228152
  0.0094909632214717    0.9438270173305495    0.0510359503871901    0.0002085934009293
  0.0095384180375791    0.8479440329483549    0.0439955753359255    0.0002096363679339
  0.0095861101277670    0.8585152156701529    0.0432978349106146    0.0002106845497736
  0.0096340406784058    0.9627823617545506    0.0502723160985683    0.0002117379725224
  0.0096822108817978    0.8692566888088584    0.0434817180113822    0.0002127966623851
  0.0097306219362068    0.8593296149273950    0.0424611432066075    0.0002138606456970
  0.0097792750458879    0.9816067510317682    0.0510354034246884    0.0002149299489255
  0.0098281714211173    0.9027468480114342    0.0449041365056173    0.0002160045986701
  0.0098773122782229    0.9277378243969143    0.0453308986196681    0.0002170846216634
  0.0099266988396140    0.8795079940544072    0.0428335412630831    0.0002181700447718
  0.0099763323338121    0.9715420435060762    0.0482051331714864    0.0002192608949956
  0.0100262139954811    0.9095026938770667    0.0433939834364087    0.0002203571994706
  0.0100763450654585    0.8528992392637589    0.0393669387868588    0.0002214589854680
  0.0101267267907858    0.9891793572354833    0.0478322403712022    0.0002225662803953
  0.0101773604247398    0.8617949942739633    0.0395651871057194    0.0002236791117973
  0.0102282472268634    0.8231940745715868    0.0358917111866914    0.0002247975073563
  0.0102793884629978    0.8209559159596646    0.0361439440928154    0.0002259214948930
  0.0103307854053128    0.8792098835588422    0.0391400844599003    0.0002270511023675
  0.0103824393323393    0.8809986695265049    0.0390229489204480    0.0002281863578793
  0.0104343515290010    0.8918927347265615    0.0385981503372379    0.0002293272896687
  0.0104865232866460    0.9021617900763780    0.0385679488329610    0.0002304739261171
  0.0105389559030792    0.9095935680985074    0.0388138390559011    0.0002316262957477
  0.0105916506825946    0.8695010802140469    0.0362562600832076    0.0002327844272264
  0.0106446089360076    0.9360073086993514    0.0397868078290328    0.0002339483493625
  0.0106978319806876    0.8455333531957462    0.0337653294263665    0.0002351180911093
  0.0107513211405911    0.8257347440303587    0.0328303569560811    0.0002362936815649
  0.0108050777462940    0.8771946682042110    0.0347603925684388    0.0002374751499727
  0.0108591031350255    0.8263108705885907    0.0316758331688743    0.0002386625257226
  0.0109133986507006    0.8734295704954957    0.0343715197944808    0.0002398558383512
  0.0109679656439541    0.9110502302924817    0.0361360129960743    0.0002410551175429
  0.0110228054721739    0.8963114450495880    0.0348437493358844    0.0002422603931307
  0.0110779194995348    0.9069457670801645    0.0349875217178014    0.0002434716950963
  0.0111333090970324    0.9028615040972018    0.0339976547069515    0.0002446890535718
  0.0111889756425176    0.9026033464041207    0.0335601781948805    0.0002459124988397
  0.0112449205207302    0.8706460958598462    0.0320761133227671    0.0002471420613339
  0.0113011451233338    0.9543294759088667    0.0358131750685848    0.0002483777716405
  0.0113576508489505    0.8829873994738904    0.0315372833371598    0.0002496196604987
  0.0114144391031953    0.8524876572923801    0.0300905618702264    0.0002508677588012
  0.0114715112987112    0.8839931551488522    0.0308336128396729    0.0002521220975952
  0.0115288688552048    0.8995990678962837    0.0314276524480210    0.0002533827080832
  0.0115865131994808    0.8734689988976837    0.0300359429048641    0.0002546496216236
  0.0116444457654782    0.8690804966713480    0.0294814023967117    0.0002559228697317
  0.0117026679943056    0.8471342393920493    0.0284778631084916    0.0002572024840804
  0.0117611813342771    0.8427345278337547    0.0279522881716532    0.0002584884965008
  0.0118199872409485    0.8932955765043922    0.0301590680614231    0.0002597809389833
  0.0118790871771533    0.8656274494410899    0.0283520687903648    0.0002610798436782
  0.0119384826130390    0.8225216877277143    0.0260691331307365    0.0002623852428966
  0.0119981750261042    0.8307667226900015    0.0262821834609500    0.0002636971691111
  0.0120581659012347    0.8454416490859262    0.0263814861126859    0.0002650156549566
  0.0121184567307409    0.8741791766912823    0.0278094796925251    0.0002663407332314
  0.0121790490143946    0.8638412825609494    0.0269358915226330    0.0002676724368976
  0.0122399442594666    0.8399419803111565    0.0257133553845569    0.0002690107990821
  0.0123011439807639    0.8243382576989146    0.0248018926556776    0.0002703558530775
  0.0123626497006677    0.8838791637109702    0.0271100746606855    0.0002717076323429
  0.0124244629491711    0.8500269496045010    0.0255496337859203    0.0002730661705046
  0.0124865852639169    0.8247934860570846    0.0240833728252537    0.0002744315013571
  0.0125490181902365    0.8003388941388730    0.0229087085974144    0.0002758036588639
  0.0126117632811877    0.8605433629602467    0.0253115672830515    0.0002771826771582
  0.0126748220975936    0.8832213926279753    0.0259877878403625    0.0002785685905440
  0.0127381962080816    0.8799174130504037    0.0254339246730775    0.0002799614334967
  0.0128018871891220    0.9075702951439185    0.0267175300809482    0.0002813612406642
  0.0128658966250676    0.8577275769622363    0.0240702911021347    0.0002827680468675
  0.0129302261081930    0.8457873771913691    0.0235438657525358    0.0002841818871019
  0.0129948772387339    0.8827686425336642    0.0247720135426563    0.0002856027965374
  0.0130598516249276    0.8231033700472490    0.0221731239936032    0.0002870308105201
  0.0131251508830522    0.8797317886465513    0.0242698320383697    0.0002884659645727
  0.0131907766374675    0.8651649139535911    0.0235250165617303    0.0002899082943955
  0.0132567305206548    0.8455749566750030    0.0224564972999886    0.0002913578358675
  0.0133230141732581    0.8382845515726242    0.0221630592833179    0.0002928146250468
  0.0133896292441244    0.8676640474731816    0.0229636078771063    0.0002942786981721
  0.0134565773903450    0.8513705569606672    0.0222094510209308    0.0002957500916629
  0.0135238602772967    0.8513620636385465    0.0222005081486003    0.0002972288421213
  0.0135914795786832    0.8480637474858443    0.0219968646834092    0.0002987149863319
  0.0136594369765766    0.8482483660870183    0.0218382948140029    0.0003002085612635
  0.0137277341614595    0.7733224132971627    0.0192230648841295    0.0003017096040698
  0.0137963728322668    0.8125564099014683    0.0204786192398327    0.0003032181520902
  0.0138653546964281    0.7717259916134412    0.0191363964646522    0.0003047342428506
  0.0139346814699103    0.7520260361957580    0.0186020406067648    0.0003062579140649
  0.0140043548772598    0.7101849876773706    0.0174375797739199    0.0003077892036352
  0.0140743766516461    0.6724384647288290    0.0162795809009058    0.0003093281496534
  0.0141447485349043    0.6275839723806742    0.0150117692787694    0.0003108747904017
  0.0142154722775789    0.5948759539983994    0.0142493512468334    0.0003124291643537
  0.0142865496389668    0.5722386928152285    0.0136251720640808    0.0003139913101754
  0.0143579823871616    0.5532118139679800    0.0132834730112687    0.0003155612667263
  0.0144297722990974    0.5292351384537356    0.0126935858106822    0.0003171390730599
  0.0145019211605929    0.4736615370769356    0.0113029280213892    0.0003187247684252
  0.0145744307663958    0.4617317327651083    0.0111885182874382    0.0003203183922674
  0.0146473029202278    0.4214586062925060    0.0100396216499275    0.0003219199842287
  0.0147205394348290    0.4109033149228058    0.0099598877715300    0.0003235295841498
  0.0147941421320031    0.3688631963926395    0.0088640996116693    0.0003251472320706
  0.0148681128426631    0.3530672381400270    0.0085454172446242    0.0003267729682310
  0.0149424534068764    0.3298771618408825    0.0080893460702231    0.0003284068330721
  0.0150171656739108    0.2895677613503391    0.0069911450927322    0.0003300488672375
  0.0150922515022804    0.2773367089354328    0.0069173686399480    0.0003316991115737
  0.0151677127597918    0.2692480294589700    0.0069421013713023    0.0003333576071315
  0.0152435513235907    0.2217471620401710    0.0059085266549711    0.0003350243951672
  0.0153197690802087    0.2080774956802485    0.0053605145857438    0.0003366995171430
  0.0153963679256097    0.1940818033370396    0.0048450968017635    0.0003383830147287
  0.0154733497652378    0.1755325760725337    0.0045156895836583    0.0003400749298024
  0.0155507165140639    0.1673017175968687    0.0043950510789102    0.0003417753044514
  0.0156284700966343    0.1582336520478326    0.0041280726582473    0.0003434841809736
  0.0157066124471174    0.1375394690811924    0.0036880505412231    0.0003452016018785
  0.0157851455093530    0.1299721678565143    0.0034900220931372    0.0003469276098879
  0.0158640712368998    0.1290673168344664    0.0034507424682886    0.0003486622479373
  0.0159433915930843    0.1311555664239802    0.0035301561871321    0.0003504055591770
  0.0160231085510497    0.1335620338185587    0.0035192147393388    0.0003521575869729
  0.0161032240938049    0.1356061535305088    0.0035638413084367    0.0003539183749078
  0.0161837402142740    0.1320853626171056    0.0034272288011622    0.0003556879667823
  0.0162646589153453    0.1308110344511708    0.0034189271494546    0.0003574664066162
  0.0163459822099221    0.1362653997692659    0.0035731967595259    0.0003592537386493
  0.0164277121209717    0.1359049199648263    0.0034694257079114    0.0003610500073426
  0.0165098506815765    0.1308686355523341    0.0033926962164603    0.0003628552573793
  0.0165923999349844    0.1323903081058089    0.0034878902640874    0.0003646695336662
  0.0166753619346593    0.1317024765295927    0.0034769352603482    0.0003664928813345
  0.0167587387443326    0.1300260064368044    0.0032568823543298    0.0003683253457412
  0.0168425324380543    0.1247258885361484    0.0031004705505576    0.0003701669724699
  0.0169267451002446    0.1256507771558995    0.0030429179486702    0.0003720178073322
  0.0170113788257458    0.1256499065950951    0.0030546368724921    0.0003738778963689
  0.0170964357198745    0.1238034152656263    0.0029957525456506    0.0003757472858507
  0.0171819178984739    0.1242148368074202    0.0030093676523021    0.0003776260222800
  0.0172678274879662    0.1222246914236565    0.0029897843763432    0.0003795141523914
  0.0173541666254061    0.1165479828430622    0.0028717323481268    0.0003814117231533
  0.0174409374585331    0.1109311882637673    0.0027753695823686    0.0003833187817691
  0.0175281421458258    0.1127236471158521    0.0028119021338433    0.0003852353756780
  0.0176157828565549    0.1095052014330376    0.0027383961094690    0.0003871615525563
  0.0177038617708377    0.1052701910970940    0.0026959677478657    0.0003890973603191
  0.0177923810796918    0.0967783654693251    0.0024465214940408    0.0003910428471207
  0.0178813429850903    0.0925118190477088    0.0023680189012166    0.0003929980613563
  0.0179707497000158    0.0933000155609805    0.0024001895932126    0.0003949630516631
  0.0180606034485158    0.0905783568031172    0.0023218293443630    0.0003969378669214
  0.0181509064657584    0.0876188608956032    0.0022978531263080    0.0003989225562560
  0.0182416609980872    0.0797650025637513    0.0021108106824507    0.0004009171690373
  0.0183328693030776    0.0784032747270824    0.0020798224373624    0.0004029217548825
  0.0184245336495930    0.0774842722343190    0.0020954646080969    0.0004049363636569
  0.0185166563178410    0.0726045461988926    0.0019835433937758    0.0004069610454752
  0.0186092395994302    0.0698824731954909    0.0019518985371616    0.0004089958507026
  0.0187022857974273    0.0640369087500708    0.0017892056019950    0.0004110408299561
  0.0187957972264145    0.0606863421744245    0.0017556451635794    0.0004130960341059
  0.0188897762125465    0.0618502227257057    0.0017550239541449    0.0004151615142764
  0.0189842250936093    0.0584596056428984    0.0016849662757799    0.0004172373218478
  0.0190791462190773    0.0586948277371508    0.0016914721647656    0.0004193235084570
  0.0191745419501727    0.0540985477370749    0.0016034548574764    0.0004214201259993
  0.0192704146599236    0.0525153619099131    0.0015502505134640    0.0004235272266293
  0.0193667667332232    0.0521121578282779    0.0015662028521485    0.0004256448627624
  0.0194636005668893    0.0503614588293074    0.0015230475331404    0.0004277730870762
  0.0195609185697237    0.0505319617167783    0.0015139556642738    0.0004299119525116
  0.0196587231625724    0.0498016676953391    0.0015042729822934    0.0004320615122742
  0.0197570167783852    0.0473233298892877    0.0014373579242494    0.0004342218198356
  0.0198558018622771    0.0480813009097176    0.0014631892106711    0.0004363929289347
  0.0199550808715885    0.0482579801160074    0.0014681025485797    0.0004385748935794
  0.0200548562759465    0.0500551053345456    0.0015170116197195    0.0004407677680473
  0.0201551305573262    0.0461517650460508    0.0015097914199837    0.0004429716068875
  0.0202559062101128    0.0492420811554507    0.0015625194708454    0.0004451864649220
  0.0203571857411634    0.0477919652565452    0.0015054953717990    0.0004474123972466
  0.0204589716698692    0.0453694477464058    0.0014491278640390    0.0004496494592328
  0.0205612665282185    0.0474255879633007    0.0014722958748410    0.0004518977065290
  0.0206640728608596    0.0460150282559373    0.0014276018795440    0.0004541571950616
  0.0207673932251639    0.0464742882394672    0.0014211651288898    0.0004564279810369
  0.0208712301912897    0.0451186578117519    0.0013899968847689    0.0004587101209421
  0.0209755863422462    0.0525880233533641    0.0015419660439512    0.0004610036715468
  0.0210804642739574    0.0464408853780894    0.0014224891076935    0.0004633086899046
  0.0211858665953272    0.0438566990574969    0.0013519822245248    0.0004656252333541
  0.0212917959283038    0.0468529074294414    0.0013895283200712    0.0004679533595209
  0.0213982549079454    0.0457361456922294    0.0013565559888705    0.0004702931263185
  0.0215052461824851    0.0444743746515407    0.0013402465847680    0.0004726445919501
  0.0216127724133975    0.0444684191606691    0.0012963567077832    0.0004750078149098
  0.0217208362754645    0.0439687128453944    0.0012801518577113    0.0004773828539844
  0.0218294404568418    0.0431014380319054    0.0012686049572389    0.0004797697682543
  0.0219385876591260    0.0429904881323490    0.0012598253657773    0.0004821686170956
  0.0220482805974216    0.0381044149105104    0.0011662578827048    0.0004845794601810
  0.0221585220004087    0.0418645004908517    0.0012421977466379    0.0004870023574819
  0.0222693146104108    0.0399257215770403    0.0011991794189244    0.0004894373692693
  0.0223806611834628    0.0377255641751730    0.0011557097093450    0.0004918845561157
  0.0224925644893802    0.0388743115471582    0.0011761012227481    0.0004943439788963
  0.0226050273118271    0.0369357010372864    0.0011546174985311    0.0004968156987908
  0.0227180524483862    0.0364601428078508    0.0011337573798919    0.0004992997772847
  0.0228316427106281    0.0343162306491971    0.0010923896591391    0.0005017962761711
  0.0229458009241813    0.0340362998141051    0.0010794486797174    0.0005043052575520
  0.0230605299288022    0.0345221023615782    0.0010833138511874    0.0005068267838397
  0.0231758325784462    0.0331536722650762    0.0010567257544822    0.0005093609177589
  0.0232917117413384    0.0319423292029258    0.0010077773518286    0.0005119077223477
  0.0234081703000451    0.0308679209126227    0.0010044852653406    0.0005144672609595
  0.0235252111515453    0.0297658753018386    0.0009886126278847    0.0005170395972643
  0.0236428372073030    0.0300509991344860    0.0009851237313617    0.0005196247952506
  0.0237610513933395    0.0292310423579589    0.0009591277429682    0.0005222229192268
  0.0238798566503062    0.0278503170432733    0.0009410800280860    0.0005248340338230
  0.0239992559335578    0.0263305384859680    0.0009156175103478    0.0005274582039921
  0.0241192522132255    0.0259417500384128    0.0008967060143029    0.0005300954950121
  0.0242398484742917    0.0271697585944325    0.0009157188354268    0.0005327459724871
  0.0243610477166631    0.0254442462931286    0.0009030815272610    0.0005354097023496
  0.0244828529552464    0.0259723036514617    0.0008725097799902    0.0005380867508613
  0.0246052672200227    0.0247175668823902    0.0008751701534420    0.0005407771846156
  0.0247282935561228    0.0246826269141221    0.0008628793703241    0.0005434810705387
  0.0248519350239034    0.0241447590676788    0.0008355742847434    0.0005461984758914
  0.0249761946990229    0.0243001548749170    0.0008464045616538    0.0005489294682708
  0.0251010756725180    0.0250040888833167    0.0008533695202107    0.0005516741156122
  0.0252265810508806    0.0236730018700062    0.0008362266735968    0.0005544324861903
  0.0253527139561350    0.0209413286816777    0.0007951206091984    0.0005572046486212
  0.0254794775259157    0.0206646086098611    0.0007709077536551    0.0005599906718643
  0.0256068749135453    0.0226722667348934    0.0008003406461106    0.0005627906252236
  0.0257349092881130    0.0217975936944290    0.0007991793548980    0.0005656045783497
  0.0258635838345535    0.0206279139027665    0.0007640454399729    0.0005684326012415
  0.0259929017537263    0.0194371395277599    0.0007269145856397    0.0005712747642477
  0.0261228662624949    0.0192283488847880    0.0007371160603502    0.0005741311380689
  0.0262534805938074    0.0201486874039332    0.0007444533779162    0.0005770017937593
  0.0263847479967764    0.0201136036081979    0.0007494330789281    0.0005798868027281
  0.0265166717367603    0.0198469897715285    0.0007433223912220    0.0005827862367417
  0.0266492550954441    0.0183218706809206    0.0007247726867205    0.0005857001679254
  0.0267825013709213    0.0187093430591559    0.0007022192164309    0.0005886286687651
  0.0269164138777759    0.0184369392223661    0.0007164114955723    0.0005915718121089
  0.0270509959471648    0.0175065800209132    0.0006789578785539    0.0005945296711694
  0.0271862509269006    0.0181732070570971    0.0007080729330070    0.0005975023195253
  0.0273221821815351    0.0184999571183343    0.0007038584424250    0.0006004898311229
  0.0274587930924428    0.0171253519131263    0.0006801237355461    0.0006034922802785
  0.0275960870579050    0.0172624954161816    0.0006989225298825    0.0006065097416799
  0.0275960870579050    0.0188224719756674    0.0051454771194771    0.0006053121588826
  0.0277340674931945    0.0168101250655331    0.0006660788685848    0.0006095422903883
  0.0277340674931945    0.0172627827057025    0.0011637052366801    0.0006083387196770
  0.0278727378306605    0.0163682016437528    0.0006687442574335    0.0006125900018402
  0.0278727378306605    0.0139674025888594    0.0008853057294393    0.0006113804132754
  0.0280121015198138    0.0152325853839265    0.0009508497837778    0.0006144373153418
  0.0280121015198138    0.0156037763172251    0.0006556786056302    0.0006156529518495
  0.0281521620274129    0.0165511678988933    0.0006624615063798    0.0006187312166087
  0.0281521620274129    0.0141971826445276    0.0008723134501663    0.0006175095019185
  0.0282929228375499    0.0153349440301441    0.0006439888251413    0.0006218248726917
  0.0282929228375499    0.0136794293275042    0.0008256986947099    0.0006205970494281
  0.0284343874517377    0.0132888663051054    0.0008021846768280    0.0006237000346752
  0.0284343874517377    0.0153007123705273    0.0006419300332131    0.0006249339970552
  0.0285765593889964    0.0144264791775718    0.0008602696708726    0.0006268185348486
  0.0285765593889964    0.0138175900469723    0.0006324654835068    0.0006280586670405
  0.0287194421859414    0.0128178010641540    0.0006245671670527    0.0006311989603757
  0.0287194421859414    0.0145463298583207    0.0008537055718752    0.0006299526275229
  0.0288630393968711    0.0132866371278370    0.0007917517394108    0.0006331023906605
  0.0288630393968711    0.0144088463706490    0.0006302498465914    0.0006343549551776
  0.0290073545938554    0.0146905791463842    0.0008725115791673    0.0006362679026138
  0.0290073545938554    0.0121933287894146    0.0005765839034971    0.0006375267299534
  0.0291523913668247    0.0117717824401140    0.0005774358987726    0.0006407143636032
  0.0291523913668247    0.0145847170860547    0.0008369843750428    0.0006394492421268
  0.0292981533236588    0.0119526778260885    0.0005608550250403    0.0006439179354212
  0.0292981533236588    0.0138979440597261    0.0007736121629948    0.0006426464883375
  0.0294446440902771    0.0141840005792840    0.0007827010756364    0.0006458597207792
  0.0294446440902771    0.0125613229757095    0.0005853583577957    0.0006471375250983
  0.0295918673107285    0.0132681825674330    0.0007362794527026    0.0006490890193831
  0.0295918673107285    0.0116689899857728    0.0005730782809702    0.0006503732127238
  0.0297398266472821    0.0129682679763879    0.0007135805757450    0.0006523344644800
  0.0297398266472821    0.0107952708762817    0.0005492709829977    0.0006536250787874
  0.0298885257805185    0.0106158938363281    0.0005574546038197    0.0006568932041814
  0.0298885257805185    0.0132906979838115    0.0007226027771148    0.0006555961368024
  0.0300379684094211    0.0098093901060609    0.0005379757267470    0.0006601776702023
  0.0300379684094211    0.0124971936418023    0.0006741713874725    0.0006588741174864
  0.0301881582514682    0.0094491887885378    0.0005133796782500    0.0006634785585533
  0.0301881582514682    0.0132117884840331    0.0007075901266810    0.0006621684880738
  0.0303390990427256    0.0134943780387000    0.0007093642462683    0.0006654793305142
  0.0304907945379392    0.0116328363391826    0.0006164706450000    0.0006688067271668
  0.0306432485106289    0.0131288553153987    0.0006951090676696    0.0006721507608026
  0.0307964647531820    0.0108803204995052    0.0005576073732840    0.0006755115146066
  0.0309504470769479    0.0112650606549208    0.0005925454859550    0.0006788890721796
  0.0311051993123327    0.0095336557259595    0.0004922938969959    0.0006822835175405
  0.0312607253088943    0.0108371805128734    0.0005591952391679    0.0006856949351282
  0.0314170289354388    0.0100266246298398    0.0005417821020568    0.0006891234098039
  0.0315741140801160    0.0090629787153457    0.0004760823649537    0.0006925690268529
  0.0317319846505165    0.0093171453278124    0.0004708393988977    0.0006960318719872
  0.0318906445737691    0.0087415212236051    0.0004701821153908    0.0006995120313471
  0.0320500977966380    0.0090558419364149    0.0004761399092004    0.0007030095915038
  0.0322103482856212    0.0081390947474701    0.0004169662297076    0.0007065246394614
  0.0323714000270493    0.0082420911685819    0.0004165289458643    0.0007100572626587
  0.0325332570271845    0.0077285286276799    0.0004038962196612    0.0007136075489720
  0.0326959233123204    0.0080702230182194    0.0004135383902331    0.0007171755867168
  0.0328594029288820    0.0075516802691203    0.0003888227170162    0.0007207614646504
  0.0330236999435264    0.0066705223897939    0.0003405225742627    0.0007243652719737
  0.0331888184432441    0.0068880624656278    0.0003495256701949    0.0007279870983335
  0.0333547625354603    0.0070878053391570    0.0003516106229860    0.0007316270338252
  0.0335215363481376    0.0064776416490606    0.0003365860654963    0.0007352851689943
  0.0336891440298783    0.0070174945243244    0.0003480437421945    0.0007389615948393
  0.0338575897500276    0.0060660291258422    0.0003095768769910    0.0007426564028135
  0.0340268776987778    0.0063836799923332    0.0003251970276702    0.0007463696848275
  0.0341970120872717    0.0060839684121877    0.0003062294908653    0.0007501015332517
  0.0343679971477080    0.0056566064477798    0.0002805318136503    0.0007538520409179
  0.0345398371334466    0.0059553975833272    0.0002963537966499    0.0007576213011225
  0.0347125363191138    0.0056223154161267    0.0002771259613278    0.0007614094076281
  0.0348860990007094    0.0055233612142928    0.0002662097554798    0.0007652164546663
  0.0350605294957129    0.0052371705131475    0.0002707389308349    0.0007690425369396
  0.0352358321431915    0.0054071576258924    0.0002601547745318    0.0007728877496243
  0.0354120113039074    0.0051384212121563    0.0002508517595330    0.0007767521883724
  0.0355890713604269    0.0048916849769257    0.0002424766298746    0.0007806359493143
  0.0357670167172291    0.0047328330566713    0.0002309328403866    0.0007845391290609
  0.0359458518008152    0.0045118098928275    0.0002217423787750    0.0007884618247062
  0.0361255810598193    0.0045450838627744    0.0002261513865709    0.0007924041338297
  0.0363062089651184    0.0042542843265988    0.0002063812512402    0.0007963661544989
  0.0364877400099440    0.0041153394480182    0.0001946401649806    0.0008003479852713
  0.0366701787099937    0.0040335522294726    0.0002003795814730    0.0008043497251977
  0.0368535296035436    0.0037069454641222    0.0001863736084727    0.0008083714738237
  0.0370377972515614    0.0035687988934932    0.0001772562424771    0.0008124133311928
  0.0372229862378192    0.0033408315350133    0.0001785178938146    0.0008164753978488
  0.0374091011690083    0.0031787910374298    0.0001637266558236    0.0008205577748380
  0.0375961466748533    0.0035751985713975    0.0001840849247079    0.0008246605637122
  0.0377841274082275    0.0030654076750497    0.0001567039843256    0.0008287838665308
  0.0379730480452687    0.0029178999607442    0.0001531164114266    0.0008329277858634
  0.0381629132854950    0.0029555141620388    0.0001490476802980    0.0008370924247927
  0.0383537278519225    0.0028194683191787    0.0001507814548318    0.0008412778869167
  0.0385454964911821    0.0025464816335227    0.0001301615798221    0.0008454842763513
  0.0387382239736380    0.0025214995616080    0.0001352265488344    0.0008497116977330
  0.0389319150935062    0.0024090204063893    0.0001302995382287    0.0008539602562217
  0.0391265746689737    0.0023715400453755    0.0001264137684653    0.0008582300575028
  0.0393222075423186    0.0020384366231960    0.0001271733090961    0.0008625212077903
  0.0395188185800302    0.0020963950879137    0.0001125420897258    0.0008668338138293
  0.0397164126729303    0.0021805104555919    0.0001135841524921    0.0008711679828984
  0.0399149947362950    0.0017290803425998    0.0001091014909885    0.0008755238228129
  0.0401145697099764    0.0019010266414794    0.0001063000315927    0.0008799014419270
  0.0403151425585263    0.0018450949025918    0.0001051585346455    0.0008843009491366
  0.0405167182713189    0.0018284135662775    0.0001061364911363    0.0008887224538823
  0.0407193018626755    0.0017088565250638    0.0001017738999633    0.0008931660661517
  0.0409228983719889    0.0016042645724958    0.0000978432590804    0.0008976318964825
  0.0411275128638489    0.0015773804572922    0.0000912040855290    0.0009021200559649
  0.0413331504281681    0.0015052053945429    0.0000897593547726    0.0009066306562447
  0.0415398161803089    0.0015550120005337    0.0000915936578205    0.0009111638095259
  0.0417475152612105    0.0013806093889877    0.0000850303582295    0.0009157196285736
  0.0419562528375165    0.0012580568824233    0.0000814205986465    0.0009202982267164
  0.0421660341017041    0.0012233073073946    0.0000785288069138    0.0009248997178500
  0.0423768642722126    0.0010600980581850    0.0000722410559953    0.0009295242164393
  0.0425887485935737    0.0011129686239987    0.0000763955988707    0.0009341718375215
  0.0428016923365415    0.0010387092083702    0.0000702406120978    0.0009388426967091
  0.0430157007982242    0.0009912420310613    0.0000714212558893    0.0009435369101926
  0.0432307793022154    0.0009546043130749    0.0000669824716303    0.0009482545947436
  0.0434469331987264    0.0010194489703814    0.0000745553373456    0.0009529958677173
  0.0436641678647200    0.0008610031180718    0.0000631654851640    0.0009577608470559
  0.0438824887040437    0.0008186042228579    0.0000588557222734    0.0009625496512912
  0.0441019011475639    0.0007660186615220    0.0000569519359624    0.0009673623995476
  0.0443224106533017    0.0006482181406612    0.0000544791983602    0.0009721992115454
  0.0445440227065682    0.0006938667516917    0.0000552821628520    0.0009770602076031
  0.0447667428201010    0.0006696334762923    0.0000560917969242    0.0009819455086411
  0.0449905765342015    0.0006629708752126    0.0000520804469752    0.0009868552361843
  0.0452155294168725    0.0006030406098398    0.0000477577257130    0.0009917895123652
  0.0454416070639569    0.0005263271931298    0.0000498635058329    0.0009967484599270
  0.0456688150992767    0.0006204266987106    0.0000464209274215    0.0010017322022267
  0.0458971591747730    0.0004513735721100    0.0000432200770096    0.0010067408632378
  0.0461266449706469    0.0005146690061545    0.0000478752849751    0.0010117745675540
  0.0463572781955001    0.0004544619816432    0.0000418272210146    0.0010168334403918
  0.0465890645864776    0.0004303042599702    0.0000432687169677    0.0010219176075937
  0.0468220099094100    0.0003668665240092    0.0000388458473835    0.0010270271956317
  0.0470561199589570    0.0003312170632255    0.0000377734634050    0.0010321623316099
  0.0472914005587518    0.0003035482736300    0.0000356705585944    0.0010373231432679
  0.0475278575615456    0.0003689565554159    0.0000373807007855    0.0010425097589842
  0.0477654968493533    0.0003709887638898    0.0000367321974031    0.0010477223077792
  0.0480043243336001    0.0002625868227993    0.0000351318103741    0.0010529609193181
  0.0482443459552681    0.0002605800499692    0.0000334834614785    0.0010582257239147
  0.0484855676850444    0.0002762473074440    0.0000303214094493    0.0010635168525342
  0.0487279955234696    0.0001712519204640    0.0000312599797569    0.0010688344367969
  0.0489716355010870    0.0001871606901333    0.0000292841936311    0.0010741786089809
  0.0492164936785924    0.0001610487898588    0.0000297832598288    0.0010795495020258
  0.0494625761469853    0.0001489280990780    0.0000308856611965    0.0010849472495359
  0.0497098890277203    0.0001468664750310    0.0000290992516613    0.0010903719857836
  0.0499584384728589    0.0001571210520934    0.0000247084480244    0.0010958238457125
  0.0502082306652232    0.0001616315180088    0.0000240088800702    0.0011013029649411
  0.0504592718185493    0.0001482817854498    0.0000226426732479    0.0011068094797658
  0.0507115681776420    0.0000764900122051    0.0000240772228698    0.0011123435271646
  0.0509651260185302    0.0001060310714795    0.0000227036876482    0.0011179052448004
  0.0512199516486228    0.0001185706890852    0.0000242705160509    0.0011234947710244
  0.0514760514068660    0.0001036187128387    0.0000193735195600    0.0011291122448796
  0.0517334316639003    0.0000480781957402    0.0000235605425287    0.0011347578061040
  0.0519920988222198    0.0000479377808398    0.0000240549291548    0.0011404315951345
  0.0522520593163309    0.0000789533202733    0.0000217622810193    0.0011461337531101
  0.0525133196129125    0.0000772805650326    0.0000199841761996    0.0011518644218757
  0.0527758862109771    0.0000736035415508    0.0000175030668140    0.0011576237439851
  0.0530397656420320    0.0000431225622663    0.0000218710795275    0.0011634118627050
  0.0533049644702421    0.0000674259488047    0.0000166394974146    0.0011692289220185
  0.0535714892925933    0.0000540379001500    0.0000189839225197    0.0011750750666286
  0.0538393467390563    0.0000575649984198    0.0000176990851769    0.0011809504419618
  0.0541085434727516    0.0000154601799365    0.0000202705033908    0.0011868551941716
  0.0543790861901153    0.0000478664494455    0.0000134481930001    0.0011927894701424
  0.0546509816210659    0.0000609878294167    0.0000160527416864    0.0011987534174931
  0.0549242365291712    0.0000402431370063    0.0000157379744554    0.0012047471845806
  0.0551988577118171    0.0000116379818150    0.0000171034291400    0.0012107709205035
  0.0554748520003761    0.0000222287478041    0.0000168012166182    0.0012168247751060
  0.0557522262603780    0.0000271308310752    0.0000174458796741    0.0012229088989816
  0.0560309873916799    0.0000381643163844    0.0000172033370307    0.0012290234434765
  0.0563111423286383    0.0000487928804084    0.0000162697390672    0.0012351685606938
  0.0565926980402815    0.0000417475604947    0.0000153461299457    0.0012413444034973
  0.0568756615304829    0.0000394243635885    0.0000128419972543    0.0012475511255148
  0.0571600398381353    0.0000616659111780    0.0000123868675572    0.0012537888811424
  0.0574458400373259    0.0000420399320247    0.0000156122919465    0.0012600578255481
  0.0577330692375126    0.0000122147753740    0.0000163322313977    0.0012663581146758
  0.0580217345837001    0.0000432119173880    0.0000157250543587    0.0012726899052492
  0.0583118432566186    0.0000437800167513    0.0000159319315428    0.0012790533547755
  0.0586034024729017    0.0000347026100531    0.0000166857647336    0.0012854486215493
  0.0588964194852662    0.0000180886885668    0.0000159085250741    0.0012918758646571
  0.0591909015826925    0.0000427948610285    0.0000155726484949    0.0012983352439804
  0.0594868560906060    0.0000412400755278    0.0000144834644401    0.0013048269202003
  0.0597842903710590    0.0000322592351008    0.0000156016585667    0.0013113510548013
  0.0600832118229143    0.0000812332987876    0.0000150162963143    0.0013179078100753
  0.0603836278820289    0.0000415503831727    0.0000156179363459    0.0013244973491256
  0.0606855460214390    0.0000681659924074    0.0000168846372195    0.0013311198358713
  0.0609889737515462    0.0000534649442071    0.0000163740550534    0.0013377754350506
  0.0612939186203039    0.0000761240670880    0.0000153299351751    0.0013444643122259
  0.0616003882134054    0.0000386853612141    0.0000171203728069    0.0013511866337870
  0.0619083901544725    0.0000620610616840    0.0000175476122001    0.0013579425669559
  0.0622179321052448    0.0000514142347231    0.0000160708942128    0.0013647322797907
  0.0625290217657710    0.0000739347331006    0.0000163337017915    0.0013715559411897
  0.0628416668745999    0.0000482618126808    0.0000193020789845    0.0013784137208956
  0.0631558752089729    0.0000576888940543    0.0000172955978035    0.0013853057895001
  0.0634716545850177    0.0000570842804459    0.0000178230097893    0.0013922323184476
  0.0637890128579428    0.0000709166520851    0.0000161084791204    0.0013991934800398
  0.0641079579222325    0.0000442135765251    0.0000154567323389    0.0014061894474400
  0.0644284977118437    0.0000744007063134    0.0000170796552471    0.0014132203946772
  0.0647506402004029    0.0000666089556894    0.0000176199377526    0.0014202864966506
  0.0650743934014049    0.0000741891273168    0.0000177616193178    0.0014273879291339
  0.0653997653684119    0.0000987523698887    0.0000188978526536    0.0014345248687796
  0.0657267641952540    0.0000606830168394    0.0000179974993566    0.0014416974931235
  0.0660553980162302    0.0000762818593537    0.0000173297831068    0.0014489059805891
  0.0663856750063114    0.0000796848744482    0.0000188961747375    0.0014561505104920
  0.0667176033813429    0.0000559823581387    0.0000173516226717    0.0014634312630445
  0.0670511913982496    0.0000683127246149    0.0000186834616502    0.0014707484193597
  0.0673864473552409    0.0001051472956957    0.0000156657715214    0.0014781021614565
  0.0677233795920171    0.0001204066073337    0.0000170967867487    0.0014854926722638
  0.0680619964899772    0.0000431809745944    0.0000174413980569    0.0014929201356251
  0.0684023064724270    0.0001039677379537    0.0000165055343990    0.0015003847363032
  0.0687443180047892    0.0000899681248975    0.0000178271056857    0.0015078866599847
  0.0690880395948131    0.0000810325704936    0.0000173650651206    0.0015154260932847
  0.0694334797927871    0.0000776704403210    0.0000164806624419    0.0015230032237511
  0.0697806471917511    0.0001018965004689    0.0000169173933728    0.0015306182398698
  0.0701295504277098    0.0000765262007332    0.0000174895517810    0.0015382713310692
  0.0704801981798484    0.0000961048247032    0.0000155247490440    0.0015459626877245
  0.0708325991707476    0.0000515160914781    0.0000173649537093    0.0015536925011632
  0.0711867621666013    0.0000799590762979    0.0000167012067174    0.0015614609636690
  0.0715426959774343    0.0000823950566900    0.0000166544113664    0.0015692682684873
  0.0719004094573215    0.0000792372396087    0.0000165495084753    0.0015771146098298
  0.0722599115046081    0.0000716996895276    0.0000166949452614    0.0015850001828789
  0.0726212110621311    0.0000865437167113    0.0000153065937729    0.0015929251837933
  0.0729843171174418    0.0000614433839079    0.0000166723872950    0.0016008898097123
  0.0733492387030290    0.0000714350376284    0.0000160055661089    0.0016088942587608
  0.0737159848965441    0.0000703023803416    0.0000156192351834    0.0016169387300546
  0.0740845648210268    0.0000915721868321    0.0000142821199997    0.0016250234237049
  0.0744549876451319    0.0000929103710050    0.0000156137151371    0.0016331485408234
  0.0748272625833576    0.0000690217059319    0.0000144681281150    0.0016413142835275
  0.0752013988962744    0.0000726555504750    0.0000164116398492    0.0016495208549452
  0.0755774058907557    0.0000790622243048    0.0000144255093226    0.0016577684592199
  0.0759552929202095    0.0000715518265562    0.0000155854891202    0.0016660573015160
  0.0763350693848105    0.0000766929488643    0.0000156307660504    0.0016743875880236
  0.0767167447317346    0.0000679634624148    0.0000161854761603    0.0016827595259637
  0.0771003284553933    0.0000852861546371    0.0000161741197393    0.0016911733235935
  0.0774858300976702    0.0000878075289573    0.0000153452187439    0.0016996291902115
  0.0778732592481586    0.0000552144767919    0.0000141374570132    0.0017081273361625
  0.0782626255443993    0.0000649721528664    0.0000131430197895    0.0017166679728434
  0.0786539386721213    0.0000845715301830    0.0000134043103085    0.0017252513127076
  0.0790472083654819    0.0000621575629830    0.0000156254592398    0.0017338775692711
  0.0794424444073093    0.0000673514577251    0.0000136379208827    0.0017425469571175
  0.0798396566293459    0.0000578452920093    0.0000142829890641    0.0017512596919031
  0.0802388549124926    0.0000734971465218    0.0000123079581197    0.0017600159903626
  0.0806400491870551    0.0000597797079446    0.0000125366008386    0.0017688160703144
  0.0806400491870551    0.0000402181103192    0.0000131891918368    0.0017648468870745
  0.0810432494329903    0.0000569060569188    0.0000070927414736    0.0017736711215099
  0.0810432494329903    0.0000845974127240    0.0000115656028581    0.0017776601506660
  0.0814484656801553    0.0000389236336325    0.0000131432657385    0.0017865484514193
  0.0814484656801553    0.0000597290009548    0.0000066214322645    0.0017825394771174
  0.0818557080085560    0.0000599790053291    0.0000066494220125    0.0017914521745030
  0.0818557080085560    0.0000738142396280    0.0000120211116270    0.0017954811936764
  0.0822649865485988    0.0000564914380337    0.0000140243517386    0.0018044585996448
  0.0822649865485988    0.0000492004409653    0.0000060513261345    0.0018004094353755
  0.0826763114813418    0.0000515600115944    0.0000061809818885    0.0018094114825524
  0.0826763114813418    0.0000686414626117    0.0000131664517377    0.0018134808926430
  0.0830896930387485    0.0000588515579446    0.0000066000580004    0.0018184585399652
  0.0830896930387485    0.0000386969886965    0.0000145790451381    0.0018225482971062
  0.0835051415039422    0.0000490228703036    0.0000136602164198    0.0018316610385917
  0.0835051415039422    0.0000619841456100    0.0000065314153564    0.0018275508326650
  0.0839226672114619    0.0000486859852350    0.0000059721499854    0.0018366885868283
  0.0839226672114619    0.0000674123376529    0.0000124800726060    0.0018408193437847
  0.0843422805475192    0.0000341963230065    0.0000123088856485    0.0018500234405036
  0.0843422805475192    0.0000487009679860    0.0000057011054579    0.0018458720297624
  0.0847639919502568    0.0000499412914601    0.0000054456860159    0.0018551013899113
  0.0847639919502568    0.0000572625330571    0.0000125967394832    0.0018592735577061
  0.0851878119100081    0.0000420901307340    0.0000052593465470    0.0018643768968608
  0.0851878119100081    0.0000480415875468    0.0000103546117393    0.0018685699254947
  0.0856137509695581    0.0000384410713456    0.0000137663754249    0.0018779127751221
  0.0856137509695581    0.0000335898798194    0.0000048813206929    0.0018736987813451
  0.0860418197244059    0.0000463488851854    0.0000053876657765    0.0018830672752518
  0.0860418197244059    0.0000511619546065    0.0000130966542280    0.0018873023389977
  0.0864720288230279    0.0000356288588724    0.0000050354075929    0.0018924826116281
  0.0864720288230279    0.0000310948103776    0.0000133776952624    0.0018967388506927
  0.0869043889671431    0.0000431145692960    0.0000132647868755    0.0019062225449462
  0.0869043889671431    0.0000441614211985    0.0000052245544777    0.0019019450246862
  0.0873389109119788    0.0000353259481432    0.0000119051078013    0.0019157536576709
  0.0873389109119788    0.0000370050158471    0.0000051258847885    0.0019114547498097
  0.0877756054665386    0.0000260383653434    0.0000118626183683    0.0019253324259593
  0.0877756054665386    0.0000367129927364    0.0000049914379709    0.0019210120235587
  0.0882144834938713    0.0000344058794374    0.0000049366539178    0.0019306170836765
  0.0882144834938713    0.0000375878776258    0.0000121571494714    0.0019349590880891
  0.0886555559113407    0.0000313979819013    0.0000051562900066    0.0019402701690949
  0.0886555559113407    0.0000335281749616    0.0000109321948170    0.0019446338835295
  0.0890988336908974    0.0000094049372138    0.0000141447064482    0.0019543570529472
  0.0890988336908974    0.0000263422341323    0.0000047579839901    0.0019499715199404
  0.0895443278593518    0.0000278185361723    0.0000047472679394    0.0019597213775401
  0.0895443278593518    0.0000250249676402    0.0000117559490396    0.0019641288382119
  0.0899920494986486    0.0000238346877454    0.0000048307877738    0.0019695199844278
  0.0899920494986486    0.0000143494047583    0.0000120861492028    0.0019739494824030
  0.0904420097461418    0.0000342652230029    0.0000112323310820    0.0019838192298150
  0.0904420097461418    0.0000223949959518    0.0000043420503817    0.0019793675843499
  0.0908942197948725    0.0000249727643213    0.0000045369291463    0.0019892644222717
  0.0908942197948725    0.0000254959127047    0.0000110534756286    0.0019937383259641
  0.0913486908938469    0.0000206072013758    0.0000040854596710    0.0019992107443830
  0.0913486908938469    0.0000327508688827    0.0000102722666056    0.0020037070175939
  0.0918054343483161    0.0000254147982965    0.0000116585018987    0.0020137255526818
  0.0918054343483161    0.0000133902157216    0.0000040852974377    0.0020092067981049
  0.0922644615200577    0.0000213976150750    0.0000043855554595    0.0020192528320955
  0.0922644615200577    0.0000297823361066    0.0000108914324195    0.0020237941804453
  0.0927257838276579    0.0000237275569133    0.0000041755552149    0.0020293490962559
  0.0927257838276579    0.0000135547850461    0.0000108826566573    0.0020339131513475
  0.0931894127467962    0.0000056504556602    0.0000111087192050    0.0020440827171042
  0.0931894127467962    0.0000185247578068    0.0000039590843799    0.0020394958417372
  0.0936553598105302    0.0000147755725688    0.0000117259493948    0.0020543031306897
  0.0936553598105302    0.0000234671161193    0.0000041151688520    0.0020496933209459
  0.0941236366095829    0.0000127680733093    0.0000121436201404    0.0020645746463432
  0.0941236366095829    0.0000090249860114    0.0000034928014680    0.0020599417875506
  0.0945942547926308    0.0000059946476170    0.0000035444123249    0.0020702414964884
  0.0945942547926308    0.0000112415583692    0.0000103415668880    0.0020748975195749
  0.0950672260665939    0.0000108428781771    0.0000036668881228    0.0020805927039708
  0.0950672260665939    0.0000170232765833    0.0000101204437639    0.0020852720071728
  0.0955425621969268    0.0000011327831259    0.0000104963406917    0.0020956983672086
  0.0955425621969268    0.0000068068536597    0.0000034692363315    0.0020909956674907
  0.0960202750079115   -0.0000045757771146    0.0000130972538017    0.0021061768590447
  0.0960202750079115    0.0000093582864753    0.0000036055111121    0.0021014506458281
  0.0965003763829510    0.0000092310616849    0.0000034814502360    0.0021119578990573
  0.0965003763829510   -0.0000027659046893    0.0000137003328219    0.0021167077433399
  0.0969828782648658    0.0000171633587585    0.0000110268479121    0.0021272912820566
  0.0969828782648658    0.0000039232975697    0.0000033554687977    0.0021225176885526
  0.0974677926561901    0.0000067314231913    0.0000115746706396    0.0021379277384669
  0.0974677926561901    0.0000040136742725    0.0000031904808083    0.0021331302769953
  0.0979551316194710    0.0000184551957019    0.0000104818468362    0.0021486173771592
  0.0979551316194710    0.0000102028451894    0.0000033276868279    0.0021437959283803
  0.0984449072775684    0.0000120117115187    0.0000031950699635    0.0021545149080222
  0.0989371318139562    0.0000071263080534    0.0000031301869826    0.0021652874825623
  0.0994318174730260    0.0000093103652694    0.0000030902377639    0.0021761139199751
  0.0999289765603911    0.0000013150731724    0.0000030259011725    0.0021869944895750
  0.1004286214431930    0.0000058009083452    0.0000029652798653    0.0021979294620229
  0.1009307645504090   -0.0000002954190729    0.0000028725199167    0.0022089191093330
  0.1014354183731610   -0.0000001430479813    0.0000027455393369    0.0022199637048796
  0.1019425954650268    0.0000006147329926    0.0000029110394481    0.0022310635234040
  0.1024523084423520    0.0000005107110781    0.0000028227427379    0.0022422188410211
  0.1029645699845637    0.0000015884972299    0.0000027533542772    0.0022534299352262
  0.1034793928344865    0.0000029216919318    0.0000026869247965    0.0022646970849023
  0.1039967897986589    0.0000024804701420    0.0000026705152615    0.0022760205703268
  0.1045167737476522    0.0000038098306000    0.0000025251381010    0.0022874006731784
  0.1050393576163905    0.0000027273925016    0.0000028512432836    0.0022988376765443
  0.1055645544044724    0.0000012666851459    0.0000026636162899    0.0023103318649271
  0.1060923771764948    0.0000039622659565    0.0000026278785303    0.0023218835242517
  0.1066228390623772    0.0000008123420106    0.0000023976002184    0.0023334929418730
  0.1071559532576891   -0.0000027086676505    0.0000025113818077    0.0023451604065823
  0.1076917330239775    0.0000069780983868    0.0000026397671713    0.0023568862086152
  0.1082301916890974   -0.0000002358512455    0.0000024425372264    0.0023686706396583
  0.1087713426475429    0.0000020053627002    0.0000023144740103    0.0023805139928566
  0.1093151993607806    0.0000062503644741    0.0000023743337837    0.0023924165628209
  0.1098617753575845   -0.0000024895919952    0.0000023579863199    0.0024043786456350
  0.1104110842343724   -0.0000006163829294    0.0000023567742193    0.0024164005388632
  0.1109631396555442    0.0000003508542933    0.0000023091256116    0.0024284825415575
  0.1115179553538219    0.0000030554869385    0.0000022842920326    0.0024406249542653
  0.1120755451305910    0.0000017263433090    0.0000022600377345    0.0024528280790366
  0.1126359228562440    0.0000014140873934    0.0000021613411022    0.0024650922194318
  0.1131991024705252    0.0000053130196377    0.0000022279917882    0.0024774176805289
  0.1137650979828778    0.0000028475243041    0.0000022612438214    0.0024898047689316
  0.1143339234727922    0.0000016901792749    0.0000022727538056    0.0025022537927762
  0.1149055930901561    0.0000022547131998    0.0000021169623798    0.0025147650617401
  0.1154801210556069    0.0000045817670477    0.0000022402303597    0.0025273388870488
  0.1160575216608849    0.0000074323375993    0.0000022400782861    0.0025399755814841
  0.1166378092691893    0.0000053455564726    0.0000021330771057    0.0025526754593915
  0.1172209983155353    0.0000026038755224    0.0000021556386099    0.0025654388366884
  0.1178071033071129    0.0000080611736193    0.0000021186812840    0.0025782660308719
  0.1183961388236485    0.0000054471112333    0.0000021371468178    0.0025911573610262
  0.1189881195177667    0.0000049376292333    0.0000021233991201    0.0026041131478314
  0.1195830601153555    0.0000064148583214    0.0000020282420547    0.0026171337135705
  0.1201809754159323    0.0000032583898833    0.0000021375694186    0.0026302193821384
  0.1207818802930119    0.0000042032142429    0.0000020564585973    0.0026433704790491
  0.1213857896944770    0.0000041178313635    0.0000021191331702    0.0026565873314443
  0.1219927186429494    0.0000038155990389    0.0000020245665908    0.0026698702681015
  0.1226026822361641    0.0000058260225839    0.0000019441391862    0.0026832196194420
  0.1232156956473449    0.0000056491908152    0.0000019239034346    0.0026966357175392
  0.1238317741255816    0.0000058595888370    0.0000019227308746    0.0027101188961269
  0.1244509329962095    0.0000055804297116    0.0000019579670012    0.0027236694906076
  0.1250731876611905    0.0000015635311795    0.0000018492495937    0.0027372878380606
  0.1256985535994965    0.0000053121534048    0.0000017763002845    0.0027509742772509
  0.1263270463674940    0.0000049473560721    0.0000018591688545    0.0027647291486372
  0.1269586815993314    0.0000040071549699    0.0000018753982733    0.0027785527943804
  0.1275934750073280    0.0000054137683677    0.0000018471164323    0.0027924455583523
  0.1282314423823647    0.0000028144929197    0.0000018389997347    0.0028064077861440
  0.1288725995942765    0.0000033690847499    0.0000018360650643    0.0028204398250747
  0.1295169625922478    0.0000031669731856    0.0000017694799189    0.0028345420242001
  0.1301645474052091    0.0000042884999464    0.0000017325897120    0.0028487147343211
  0.1308153701422351    0.0000022116603691    0.0000017175319952    0.0028629583079927
  0.1314694469929463    0.0000032414683127    0.0000016808868387    0.0028772730995327
  0.1321267942279110    0.0000020151089653    0.0000016628222462    0.0028916594650303
  0.1327874281990505    0.0000057880762906    0.0000016836011951    0.0029061177623555
  0.1334513653400458    0.0000016709915589    0.0000016213841214    0.0029206483511673
  0.1341186221667460    0.0000016872254829    0.0000016329220876    0.0029352515929231
  0.1347892152775797    0.0000018962254714    0.0000016593964379    0.0029499278508877
  0.1354631613539676    0.0000012970790387    0.0000014843935052    0.0029646774901422
  0.1361404771607374    0.0000017774976075    0.0000015870628175    0.0029795008775929
  0.1368211795465411    0.0000022951657618    0.0000015074146162    0.0029943983819808
  0.1375052854442738    0.0000019728139859    0.0000015677579549    0.0030093703738907
  0.1381928118714951    0.0000056817726342    0.0000015530383284    0.0030244172257602
  0.1388837759308526    0.0000022013288680    0.0000015365599486    0.0030395393118890
  0.1395781948105068    0.0000023506351051    0.0000014389280213    0.0030547370084484
  0.1402760857845594    0.0000049393125318    0.0000014750696571    0.0030700106934907
  0.1409774662134821    0.0000048781775326    0.0000014881218162    0.0030853607469581
  0.1416823535445495    0.0000028403606862    0.0000014357346337    0.0031007875506929
  0.1423907653122723    0.0000032013328458    0.0000014442571782    0.0031162914884464
  0.1431027191388336   -0.0000002478191816    0.0000014524293855    0.0031318729458886
  0.1438182327345278    0.0000008263324118    0.0000015297814678    0.0031475323106181
  0.1445373238982004    0.0000008011316607    0.0000015416203764    0.0031632699721712
  0.1452600105176914    0.0000022547456695    0.0000013906468007    0.0031790863220320
  0.1459863105702798    0.0000003453229604    0.0000013367958717    0.0031949817536422
  0.1467162421231312    0.0000043646901436    0.0000014184735143    0.0032109566624104
  0.1474498233337468    0.0000003304597542    0.0000013063832790    0.0032270114457224
  0.1481870724504156    0.0000005316202550    0.0000013357470685    0.0032431465029510
  0.1489280078126676   -0.0000029354294082    0.0000013072446432    0.0032593622354658
  0.1496726478517310   -0.0000004576715878    0.0000013318950874    0.0032756590466431
  0.1504210110909896   -0.0000002044974346    0.0000013291665639    0.0032920373418763
  0.1511731161464445    0.0000008984060839    0.0000013000860172    0.0033084975285857
  0.1519289817271767   -0.0000014114636764    0.0000012888736763    0.0033250400162286
  0.1526886266358126    0.0000021521909550    0.0000012496714269    0.0033416652163098
  0.1534520697689916   -0.0000006458449918    0.0000012463519100    0.0033583735423913
  0.1542193301178366   -0.0000011296752734    0.0000012844091931    0.0033751654101033
  0.1549904267684257    0.0000023521238159    0.0000012922267009    0.0033920412371538
  0.1557653789022678    0.0000009448027614    0.0000012567203264    0.0034090014433396
  0.1565442057967792    0.0000027653805634    0.0000013038409262    0.0034260464505563
  0.1573269268257630    0.0000014601706628    0.0000013165174810    0.0034431766828091
  0.1581135614598919    0.0000034375524305    0.0000012964600043    0.0034603925662231
  0.1589041292671913   -0.0000003536727397    0.0000012275287717    0.0034776945290542
  0.1596986499135272    0.0000005024194646    0.0000012265233742    0.0034950830016995
  0.1604971431630948    0.0000008495737072    0.0000012070614357    0.0035125584167080
  0.1612996288789103    0.0000026189840793    0.0000011840449097    0.0035301212087915
  0.1621061270233048    0.0000003056170598    0.0000012207672216    0.0035477718148355
  0.1629166576584213    0.0000024622457349    0.0000012414105873    0.0035655106739097
  0.1637312409467134    0.0000016583805919    0.0000011800940352    0.0035833382272792
  0.1645498971514470    0.0000014602197853    0.0000012125704169    0.0036012549184156
  0.1653726466372042    0.0000000085668487    0.0000011981133782    0.0036192611930077
  0.1661995098703902    0.0000024150669493    0.0000012223484589    0.0036373574989727
  0.1670305074197421    0.0000021130424950    0.0000011751973271    0.0036555442864676
  0.1678656599568408    0.0000029205152974    0.0000011853436341    0.0036738220078999
  0.1687049882566250    0.0000013382999183    0.0000011485799354    0.0036921911179394
  0.1695485131979081    0.0000004171363251    0.0000011498796254    0.0037106520735291
  0.1703962557638976   -0.0000004591930487    0.0000011561793998    0.0037292053338968
  0.1712482370427171    0.0000038141578697    0.0000011617364708    0.0037478513605662
  0.1721044782279307    0.0000002867007224    0.0000011836101583    0.0037665906173691
  0.1729650006190703    0.0000024898103025    0.0000011586719535    0.0037854235704559
  0.1738298256221656    0.0000012051218462    0.0000011438740632    0.0038043506883082
  0.1746989747502765    0.0000014524444685    0.0000011769016564    0.0038233724417497
  0.1755724696240278    0.0000021819967902    0.0000011467381806    0.0038424893039585
  0.1764503319721480    0.0000018187482612    0.0000011693951504    0.0038617017504783
  0.1773325836320087    0.0000022101869388    0.0000012027681381    0.0038810102592307
  0.1782192465501687    0.0000038475445904    0.0000011709541227    0.0039004153105268
  0.1791103427829195    0.0000001461586600    0.0000011739660311    0.0039199173870795
  0.1800058944968341    0.0000015724175915    0.0000011541702143    0.0039395169740149
  0.1809059239693183    0.0000015721690500    0.0000011867515860    0.0039592145588849
  0.1818104535891648    0.0000028195269364    0.0000011515923044    0.0039790106316794
  0.1827195058571106    0.0000019110306343    0.0000011551425445    0.0039989056848378
  0.1836331033863962    0.0000004787842730    0.0000011390569847    0.0040189002132619
  0.1845512689033281    0.0000010258883076    0.0000011094543645    0.0040389947143282
  0.1854740252478447    0.0000005044903646    0.0000011475341048    0.0040591896878999
  0.1864013953740840    0.0000005407647577    0.0000011488366260    0.0040794856363394
  0.1873334023509544    0.0000012357789889    0.0000011707482843    0.0040998830645211
  0.1882700693627091    0.0000006822521481    0.0000011636423660    0.0041203824798437
  0.1892114197095226    0.0000005227947881    0.0000011776259022    0.0041409843922429
  0.1901574768080702   -0.0000017829182708    0.0000012597932873    0.0041616893142041
  0.1911082641921105   -0.0000000997516843    0.0000012643457568    0.0041824977607751
  0.1920638055130711   -0.0000014795129393    0.0000012666011138    0.0042034102495790
  0.1930241245406364    0.0000004796854652    0.0000012110567699    0.0042244273008269
  0.1939892451633396    0.0000012098366941    0.0000012220846428    0.0042455494373310
  0.1949591913891562   -0.0000009645399758    0.0000012113602271    0.0042667771845177
  0.1959339873461020   -0.0000005690072273    0.0000011706613819    0.0042881110704403
  0.1969136572828325    0.0000007200106091    0.0000011530862190    0.0043095516257925
  0.1978982255692466    0.0000003972903524    0.0000011578759703    0.0043310993839215
  0.1988877166970929   -0.0000003865601669    0.0000011619767537    0.0043527548808411
  0.1998821552805783    0.0000027106776286    0.0000011240479427    0.0043745186552453
  0.2008815660569812   -0.0000022906054308    0.0000011519520953    0.0043963912485215
  0.2018859738872660    0.0000021759849246    0.0000011151427016    0.0044183732047641
  0.2028954037567023   -0.0000022104410115    0.0000011500148978    0.0044404650707879
  0.2039098807754859    0.0000000451340235    0.0000011108853662    0.0044626673961419
  0.2049294301793633   -0.0000002636714230    0.0000011136802248    0.0044849807331226
  0.2059540773302601    0.0000000887310386    0.0000010980368894    0.0045074056367882
  0.2069838477169113    0.0000000939557255    0.0000011156101706    0.0045299426649721
  0.2080187669554959   -0.0000002581237440    0.0000011210394634    0.0045525923782970
  0.2090588607902733    0.0000002126220394    0.0000010743653959    0.0045753553401885
  0.2101041550942246    0.0000004744239858    0.0000010981446637    0.0045982321168894
  0.2111546758696958   -0.0000003706250777    0.0000011121067098    0.0046212232774739
  0.2122104492490442    0.0000003410400076    0.0000010769919634    0.0046443293938612
  0.2132715014952894    0.0000019538602720    0.0000010948136861    0.0046675510408305
  0.2143378590027659    0.0000010071951914    0.0000010998474475    0.0046908887960347
  0.2154095482977796    0.0000006134829270    0.0000010970946572    0.0047143432400149
  0.2164865960392685   -0.0000005988053294    0.0000010602397954    0.0047379149562149
  0.2175690290194648   -0.0000015220311241    0.0000010576668379    0.0047616045309960
  0.2186568741645621    0.0000015662327675    0.0000010541066197    0.0047854125536510
  0.2197501585353849   -0.0000001379575788    0.0000010630265707    0.0048093396164192
  0.2208489093280618    0.0000002634353262    0.0000010754142318    0.0048333863145013
  0.2219531538747021   -0.0000002582719089    0.0000010461762342    0.0048575532460738
  0.2230629196440756    0.0000001557494395    0.0000010505530115    0.0048818410123042
  0.2241782342422960    0.0000003169250816    0.0000010502584784    0.0049062502173657
  0.2252991254135074   -0.0000013250801101    0.0000010514912156    0.0049307814684526
  0.2264256210405749    0.0000016255055109    0.0000010743109268    0.0049554353757948
  0.2275577491457778   -0.0000001521701042    0.0000010372259220    0.0049802125526738
  0.2286955378915067   -0.0000018743603302    0.0000010419894981    0.0050051136154372
  0.2298390155809641   -0.0000003269343266    0.0000010436542258    0.0050301391835143
  0.2309882106588690   -0.0000004362840545    0.0000010344616413    0.0050552898794319
  0.2321431517121633    0.0000010586314447    0.0000010282236189    0.0050805663288291
  0.2333038674707241    0.0000015668296639    0.0000010313881586    0.0051059691604732
  0.2344703868080777    0.0000013078368293    0.0000010357488086    0.0051314990062756
  0.2356427387421181    0.0000006298335976    0.0000010310948704    0.0051571565013070
  0.2368209524358286   -0.0000004183585513    0.0000010083073667    0.0051829422838135
  0.2380050571980077    0.0000004904844711    0.0000010159375684    0.0052088569952326
  0.2391950824839977   -0.0000000448588824    0.0000010062132992    0.0052349012802087
  0.2403910578964177    0.0000005324087244    0.0000010130806795    0.0052610757866098
  0.2415930131858998    0.0000002946948095    0.0000010357035586    0.0052873811655428
  0.2428009782518292   -0.0000014047789627    0.0000010192842177    0.0053138180713705
  0.2440149831430883    0.0000004045239231    0.0000009955675343    0.0053403871617274
  0.2452350580588037   -0.0000015101138379    0.0000010163183816    0.0053670890975360
  0.2464612333490978    0.0000010124715253    0.0000010195146742    0.0053939245430237
  0.2476935395158432    0.0000010033963587    0.0000010166898394    0.0054208941657388
  0.2489320072134224   -0.0000010560210451    0.0000010105827147    0.0054479986365675
  0.2501766672494895   -0.0000006809406894    0.0000010312896539    0.0054752386297503
  0.2514275505857369    0.0000008424001419    0.0000010307367792    0.0055026148228991
  0.2526846883386655    0.0000001083151031    0.0000010100475533    0.0055301278970136
  0.2539481117803589   -0.0000004028310777    0.0000010160508404    0.0055577785364987
  0.2552178523392606   -0.0000003693691213    0.0000010106315899    0.0055855674291812
  0.2564939416009570    0.0000011977282519    0.0000010220711367    0.0056134952663271
  0.2577764113089617   -0.0000009751957966    0.0000010009533949    0.0056415627426587
  0.2590652933655064    0.0000016945011317    0.0000010045469626    0.0056697705563720
  0.2603606198323339    0.0000010481597565    0.0000009819039232    0.0056981194091538
  0.2616624229314956    0.0000000031133952    0.0000010155296464    0.0057266100061996
  0.2629707350461531    0.0000004843915364    0.0000010150035736    0.0057552430562306
  0.2642855887213838   -0.0000000781737418    0.0000010304922294    0.0057840192715118
  0.2656070166649907    0.0000004201888268    0.0000010152821943    0.0058129393678693
  0.2669350517483157    0.0000015053673860    0.0000010296756458    0.0058420040647087
  0.2682697270070572    0.0000040088081277    0.0000010330352181    0.0058712140850322
  0.2696110756420924    0.0000020111566321    0.0000010625313224    0.0059005701554574
  0.2709591310203028   -0.0000013737803760    0.0000010712647206    0.0059300730062347
  0.2723139266754043   -0.0000010975794794    0.0000010857559402    0.0059597233712658
  0.2736754963087813    0.0000014302687144    0.0000010474735684    0.0059895219881222
  0.2750438737903252    0.0000024959696987    0.0000010444477846    0.0060194695980628
  0.2764190931592768    0.0000003221614634    0.0000010112536796    0.0060495669460531
  0.2778011886250731    0.0000003920712049    0.0000010408165675    0.0060798147807833
  0.2791901945681985    0.0000006375031328    0.0000010272058531    0.0061102138546873
  0.2805861455410394   -0.0000001490883969    0.0000010207682036    0.0061407649239607
  0.2819890762687446    0.0000010652160880    0.0000010625882992    0.0061714687485805
  0.2833990216500883   -0.0000008089166129    0.0000010483397609    0.0062023260923234
  0.2848160167583387   -0.0000003651512832    0.0000010433091868    0.0062333377227850
