# Experiment IPTS-36897 Run 226622
# Reduction 2.10.0.dev1
# Run title: Sample4_XA-9_air-226622-1.
# Run start time: 2026-03-29T12:18:06.263331667
# Reduction time: Mon Apr 27 17:39:40 2026
# Q summing: False
# TOF weighted: False
# Bck in Q: False
# Theta offset: 0.0
# Stitching type: None
# DataRun   NormRun   TwoTheta(deg)  LambdaMin(A)   LambdaMax(A) Qmin(1/A)    Qmax(1/A)    SF_A         SF_B          SF
# 226622    226559    0.740038       2.67975        9.59606      0.0084       0.0302       4.0          0            1.0         
# 226623    226560    2.40038        2.67975        9.59606      0.0274       0.0982       25.0         0            1.0         
# 226624    226561    7.00071        2.67975        9.59606      0.0799       0.2863       196.0        0            1.0         
# Q [1/Angstrom]        R                     dR                    dQ [FWHM]            
  0.0085046595257674    0.2781503763190115    0.0221043016065604    0.0001865795659910
  0.0085471828233962    0.3019521196730184    0.0238096062181507    0.0001875124638210
  0.0085899187375132    0.3414272968765376    0.0262501129097362    0.0001884500261401
  0.0086328683312008    0.3023815300416409    0.0219091201640469    0.0001893922762708
  0.0086760326728568    0.2982840620779825    0.0217963341886042    0.0001903392376522
  0.0087194128362210    0.3331964087528609    0.0238593855221382    0.0001912909338404
  0.0087630099004021    0.3372370500679931    0.0239363181040158    0.0001922473885096
  0.0088068249499042    0.3116023196331432    0.0217818610021757    0.0001932086254522
  0.0088508590746537    0.3057531310996294    0.0211680159241814    0.0001941746685794
  0.0088951133700269    0.2885631281368141    0.0202616144531382    0.0001951455419223
  0.0089395889368771    0.3222449348440599    0.0222897304943527    0.0001961212696319
  0.0089842868815615    0.2849609182279572    0.0189749998945646    0.0001971018759801
  0.0090292083159693    0.3141029319169752    0.0208141858106649    0.0001980873853600
  0.0090743543575491    0.3207752993099152    0.0215960554326383    0.0001990778222868
  0.0091197261293369    0.3263105667469738    0.0217899344531689    0.0002000732113982
  0.0091653247599835    0.3491056234375105    0.0239607312967578    0.0002010735774552
  0.0092111513837835    0.2757186974067179    0.0176119739669162    0.0002020789453425
  0.0092572071407024    0.3226126056340148    0.0212836096537964    0.0002030893400692
  0.0093034931764059    0.3316261128957922    0.0219176004409965    0.0002041047867696
  0.0093500106422879    0.3306973758129282    0.0206153141490494    0.0002051253107034
  0.0093967606954993    0.2996575435026884    0.0186700278638646    0.0002061509372569
  0.0094437444989768    0.2889225947759708    0.0176122707049316    0.0002071816919432
  0.0094909632214717    0.2819958523048136    0.0171160884976823    0.0002082176004029
  0.0095384180375791    0.2726712997127378    0.0160815812382545    0.0002092586884049
  0.0095861101277670    0.2746093086682563    0.0157407101137935    0.0002103049818470
  0.0096340406784058    0.3102804971791193    0.0183254233962743    0.0002113565067562
  0.0096822108817978    0.2768509072677102    0.0156168481470743    0.0002124132892900
  0.0097306219362068    0.3021402091613768    0.0167917842389416    0.0002134753557364
  0.0097792750458879    0.3099967159843793    0.0181896825287878    0.0002145427325151
  0.0098281714211173    0.2994153323616875    0.0168360968038877    0.0002156154461777
  0.0098773122782229    0.2789594181943555    0.0157245233713469    0.0002166935234086
  0.0099266988396140    0.2579199026288823    0.0143196414275968    0.0002177769910256
  0.0099763323338121    0.2855014399019538    0.0159778670569264    0.0002188658759807
  0.0100262139954811    0.2764712006034509    0.0152695276052544    0.0002199602053606
  0.0100763450654585    0.2649307175827835    0.0141018000861653    0.0002210600063874
  0.0101267267907858    0.2852683151694893    0.0154438054240958    0.0002221653064194
  0.0101773604247398    0.2742509352732373    0.0145749875247839    0.0002232761329515
  0.0102282472268634    0.2402911152933210    0.0121075005433062    0.0002243925136162
  0.0102793884629978    0.2420187246922679    0.0124857856394748    0.0002255144761843
  0.0103307854053128    0.2665443527044182    0.0134842014787043    0.0002266420485652
  0.0103824393323393    0.2497702704574344    0.0127169007472328    0.0002277752588081
  0.0104343515290010    0.2462191489542133    0.0123626691795089    0.0002289141351021
  0.0104865232866460    0.2592526271416891    0.0128841433595698    0.0002300587057776
  0.0105389559030792    0.2482488275783017    0.0122232737643841    0.0002312089993065
  0.0105916506825946    0.2354835373707785    0.0116025593429537    0.0002323650443030
  0.0106446089360076    0.2448474516129385    0.0122558107215347    0.0002335268695246
  0.0106978319806876    0.2201277635271152    0.0104642573793991    0.0002346945038722
  0.0107513211405911    0.2115974436549195    0.0100022423029844    0.0002358679763915
  0.0108050777462940    0.2164529520856044    0.0101411994455353    0.0002370473162735
  0.0108591031350255    0.2078343530223287    0.0095714868752154    0.0002382325528549
  0.0109133986507006    0.2230740160290662    0.0104341877440673    0.0002394237156191
  0.0109679656439541    0.2130791008378979    0.0100338843653470    0.0002406208341972
  0.0110228054721739    0.2260551624333383    0.0103651056513263    0.0002418239383682
  0.0110779194995348    0.2276995137405961    0.0104754600587529    0.0002430330580601
  0.0111333090970324    0.2062440033622904    0.0092837102607732    0.0002442482233504
  0.0111889756425176    0.2039140591175717    0.0091431021155701    0.0002454694644671
  0.0112449205207302    0.1935142907237438    0.0087174392947348    0.0002466968117894
  0.0113011451233338    0.2089422384765097    0.0094981180939083    0.0002479302958484
  0.0113576508489505    0.1941581554444175    0.0085936108643497    0.0002491699473276
  0.0114144391031953    0.1855636555066040    0.0080117981439749    0.0002504157970643
  0.0114715112987112    0.1860699333011218    0.0080750368927396    0.0002516678760496
  0.0115288688552048    0.1956061885201228    0.0082648796493842    0.0002529262154298
  0.0115865131994808    0.1619302694921163    0.0071832175875779    0.0002541908465070
  0.0116444457654782    0.1684952965413954    0.0071825460653023    0.0002554618007395
  0.0117026679943056    0.1728080354078113    0.0073380390571193    0.0002567391097432
  0.0117611813342771    0.1692446695354879    0.0070001211735288    0.0002580228052919
  0.0118199872409485    0.1700926029127327    0.0072434619734511    0.0002593129193184
  0.0118790871771533    0.1648964917315845    0.0068946265154930    0.0002606094839150
  0.0119384826130390    0.1514752245598867    0.0062308814580612    0.0002619125313346
  0.0119981750261042    0.1452499136318335    0.0059664843368356    0.0002632220939912
  0.0120581659012347    0.1447845963375278    0.0059073011548182    0.0002645382044612
  0.0121184567307409    0.1604145026258533    0.0065523469587807    0.0002658608954835
  0.0121790490143946    0.1425400702427306    0.0059207438428101    0.0002671901999609
  0.0122399442594666    0.1355751584309518    0.0054936635786799    0.0002685261509607
  0.0123011439807639    0.1357821656136217    0.0054823251108954    0.0002698687817155
  0.0123626497006677    0.1367288444632340    0.0055400395372580    0.0002712181256241
  0.0124244629491711    0.1334151215974342    0.0054291088720363    0.0002725742162522
  0.0124865852639169    0.1308542813710165    0.0051437905047539    0.0002739370873335
  0.0125490181902365    0.1261818014840181    0.0049184421181785    0.0002753067727702
  0.0126117632811877    0.1230988582010320    0.0049308279770433    0.0002766833066340
  0.0126748220975936    0.1251233837034824    0.0050947183907565    0.0002780667231672
  0.0127381962080816    0.1235722235991480    0.0048762997412261    0.0002794570567830
  0.0128018871891220    0.1286042341731901    0.0052027870699351    0.0002808543420669
  0.0128658966250676    0.1164868085516928    0.0046131991494614    0.0002822586137773
  0.0129302261081930    0.1119645115256975    0.0043850761810049    0.0002836699068461
  0.0129948772387339    0.1146958397911814    0.0044887961121726    0.0002850882563804
  0.0130598516249276    0.1058874127022144    0.0041201085724042    0.0002865136976623
  0.0131251508830522    0.1127293207792908    0.0043863279936781    0.0002879462661506
  0.0131907766374675    0.1087939196400114    0.0042754852144682    0.0002893859974813
  0.0132567305206548    0.1121013984068070    0.0041846248305696    0.0002908329274688
  0.0133230141732581    0.1027637056217330    0.0039502956845080    0.0002922870921061
  0.0133896292441244    0.1001711680382655    0.0038859412235444    0.0002937485275666
  0.0134565773903450    0.0993414442692296    0.0038296822957112    0.0002952172702045
  0.0135238602772967    0.1070205765650434    0.0040087108608471    0.0002966933565555
  0.0135914795786832    0.0984417182519767    0.0037805518459397    0.0002981768233383
  0.0136594369765766    0.1045371261596991    0.0038956130093968    0.0002996677074549
  0.0137277341614595    0.0909982846685075    0.0033887673975277    0.0003011660459922
  0.0137963728322668    0.0950311534057383    0.0035309570921648    0.0003026718762222
  0.0138653546964281    0.0963788031303656    0.0035419844927478    0.0003041852356033
  0.0139346814699103    0.0875069442533266    0.0032608070079405    0.0003057061617813
  0.0140043548772598    0.0929849166865656    0.0034021049743509    0.0003072346925902
  0.0140743766516461    0.0917333104688949    0.0032689958274650    0.0003087708660532
  0.0141447485349043    0.0910409505302892    0.0031837597517160    0.0003103147203834
  0.0142154722775789    0.0885548377031279    0.0031428495561014    0.0003118662939854
  0.0142865496389668    0.0891920320668267    0.0031164864253843    0.0003134256254553
  0.0143579823871616    0.0845858461069823    0.0030139342451252    0.0003149927535826
  0.0144297722990974    0.0872120463648944    0.0031047383287263    0.0003165677173505
  0.0145019211605929    0.0876535923446382    0.0030431962733834    0.0003181505559372
  0.0145744307663958    0.0920439202866892    0.0031301082537987    0.0003197413087169
  0.0146473029202278    0.0883810932854948    0.0030156536523245    0.0003213400152605
  0.0147205394348290    0.0905738705468257    0.0030695720155001    0.0003229467153368
  0.0147941421320031    0.0943063944470597    0.0030978556942098    0.0003245614489135
  0.0148681128426631    0.0953278064380020    0.0031362620041359    0.0003261842561580
  0.0149424534068764    0.0918320733285491    0.0030223518449191    0.0003278151774388
  0.0150171656739108    0.0926474435428793    0.0029864327457118    0.0003294542533260
  0.0150922515022804    0.0938430782830904    0.0030114761092836    0.0003311015245927
  0.0151677127597918    0.0952936114554224    0.0031459449595392    0.0003327570322156
  0.0152435513235907    0.0935064871249047    0.0031349225091420    0.0003344208173767
  0.0153197690802087    0.0899546716746965    0.0029200868364368    0.0003360929214636
  0.0153963679256097    0.0919820398871847    0.0028177017898406    0.0003377733860709
  0.0154733497652378    0.0871590262029396    0.0027069958943845    0.0003394622530013
  0.0155507165140639    0.0955701149478006    0.0029150526483716    0.0003411595642663
  0.0156284700966343    0.0927233455766630    0.0028177359935585    0.0003428653620876
  0.0157066124471174    0.0914637392182009    0.0027325479814444    0.0003445796888980
  0.0157851455093530    0.0890100401966108    0.0026599037752865    0.0003463025873425
  0.0158640712368998    0.0894546638143458    0.0026405473290500    0.0003480341002792
  0.0159433915930843    0.0960164774307707    0.0027887377961683    0.0003497742707806
  0.0160231085510497    0.0957248847395454    0.0027632325598156    0.0003515231421345
  0.0161032240938049    0.1006509419165380    0.0028898176520840    0.0003532807578452
  0.0161837402142740    0.0970943375791656    0.0027273829388630    0.0003550471616344
  0.0162646589153453    0.1016683686839201    0.0028086148195267    0.0003568223974426
  0.0163459822099221    0.1060458536529727    0.0029305231816377    0.0003586065094298
  0.0164277121209717    0.1032176234601647    0.0028409311681398    0.0003603995419770
  0.0165098506815765    0.0997619277306061    0.0027594686130989    0.0003622015396869
  0.0165923999349844    0.0990984307714041    0.0028124459581055    0.0003640125473853
  0.0166753619346593    0.1015103769615984    0.0028619781757275    0.0003658326101222
  0.0167587387443326    0.0987378166087804    0.0026540586983641    0.0003676617731728
  0.0168425324380543    0.1022422476218825    0.0026522094125784    0.0003695000820387
  0.0169267451002446    0.0980165393521058    0.0025246632903768    0.0003713475824489
  0.0170113788257458    0.1006600685031911    0.0026148636669279    0.0003732043203611
  0.0170964357198745    0.0996449799322728    0.0025375302951134    0.0003750703419629
  0.0171819178984739    0.0981343606802626    0.0025070219092043    0.0003769456936727
  0.0172678274879662    0.1007455666093181    0.0025971647185092    0.0003788304221411
  0.0173541666254061    0.1024647823479136    0.0025963461093486    0.0003807245742518
  0.0174409374585331    0.0972942184817908    0.0024799628480105    0.0003826281971231
  0.0175281421458258    0.1057934958809019    0.0026767729013869    0.0003845413381087
  0.0176157828565549    0.0999152260223074    0.0025281508786601    0.0003864640447992
  0.0177038617708377    0.0998442152675390    0.0025567916614964    0.0003883963650232
  0.0177923810796918    0.0969518357718011    0.0024181129884735    0.0003903383468483
  0.0178813429850903    0.0956282401304509    0.0024036950930097    0.0003922900385826
  0.0179707497000158    0.1013357684369706    0.0025169803042720    0.0003942514887755
  0.0180606034485158    0.0923716272074966    0.0023292236417106    0.0003962227462194
  0.0181509064657584    0.0989698381556200    0.0024483584133339    0.0003982038599505
  0.0182416609980872    0.0928868302289967    0.0023134256279778    0.0004001948792502
  0.0183328693030776    0.0925000790205540    0.0022722727325547    0.0004021958536465
  0.0184245336495930    0.0941333857491239    0.0023315542805374    0.0004042068329147
  0.0185166563178410    0.0900141170156396    0.0022422951653853    0.0004062278670793
  0.0186092395994302    0.0961463869715704    0.0023818129168058    0.0004082590064147
  0.0187022857974273    0.0909266638251053    0.0022357814366787    0.0004103003014468
  0.0187957972264145    0.0842070395231740    0.0021133333117317    0.0004123518029540
  0.0188897762125465    0.0881853993614909    0.0021751009561690    0.0004144135619688
  0.0189842250936093    0.0842742399814459    0.0021176998318129    0.0004164856297786
  0.0190791462190773    0.0848299560811051    0.0020985826158474    0.0004185680579275
  0.0191745419501727    0.0809992202250754    0.0020326876792454    0.0004206608982171
  0.0192704146599236    0.0787464703938725    0.0019849917247136    0.0004227642027082
  0.0193667667332232    0.0777763797585294    0.0019809675416746    0.0004248780237218
  0.0194636005668893    0.0759296730869185    0.0019397518744538    0.0004270024138404
  0.0195609185697237    0.0752238251316702    0.0018958705609272    0.0004291374259096
  0.0196587231625724    0.0733314869897116    0.0018891228833160    0.0004312831130391
  0.0197570167783852    0.0713773174639312    0.0018435904442839    0.0004334395286043
  0.0198558018622771    0.0712163776513054    0.0018438666718434    0.0004356067262473
  0.0199550808715885    0.0682458652177505    0.0017983624542856    0.0004377847598786
  0.0200548562759465    0.0670985660115218    0.0018218186778587    0.0004399736836780
  0.0201551305573262    0.0693537317159339    0.0018872676193256    0.0004421735520964
  0.0202559062101128    0.0687452537778279    0.0019094724551992    0.0004443844198568
  0.0203571857411634    0.0648272280224396    0.0017920667053253    0.0004466063419561
  0.0204589716698692    0.0633292748912852    0.0017624384438862    0.0004488393736659
  0.0205612665282185    0.0616745221696401    0.0017242701106864    0.0004510835705342
  0.0206640728608596    0.0630904686505379    0.0017271531017310    0.0004533389883869
  0.0207673932251639    0.0589622879509981    0.0016367685010082    0.0004556056833288
  0.0208712301912897    0.0591468145212208    0.0016125581697643    0.0004578837117455
  0.0209755863422462    0.0587086667459537    0.0016394716999812    0.0004601731303042
  0.0210804642739574    0.0613959665030498    0.0016767004274545    0.0004624739959557
  0.0211858665953272    0.0563983036604086    0.0015403954891365    0.0004647863659355
  0.0212917959283038    0.0535022443383349    0.0015027498100704    0.0004671102977652
  0.0213982549079454    0.0553142755794582    0.0015232504097229    0.0004694458492540
  0.0215052461824851    0.0527657609587296    0.0014652754403230    0.0004717930785003
  0.0216127724133975    0.0485323778608929    0.0013895905502040    0.0004741520438928
  0.0217208362754645    0.0481541425001295    0.0013486799356874    0.0004765228041122
  0.0218294404568418    0.0512299407936971    0.0014027030435208    0.0004789054181328
  0.0219385876591260    0.0494142257713879    0.0013725076022966    0.0004812999452235
  0.0220482805974216    0.0465378699324021    0.0013100469073043    0.0004837064449496
  0.0221585220004087    0.0477123528118235    0.0013330824837153    0.0004861249771743
  0.0222693146104108    0.0472262405034693    0.0013029611655914    0.0004885556020602
  0.0223806611834628    0.0457561540089634    0.0012872978683007    0.0004909983800705
  0.0224925644893802    0.0492842717194954    0.0013551920102708    0.0004934533719709
  0.0226050273118271    0.0475098761662032    0.0013144537291733    0.0004959206388307
  0.0227180524483862    0.0478797402726789    0.0013144560365675    0.0004984002420249
  0.0228316427106281    0.0440918129975526    0.0012536646172950    0.0005008922432350
  0.0229458009241813    0.0433117896983323    0.0012411964262506    0.0005033967044512
  0.0230605299288022    0.0451439502691730    0.0012529282348541    0.0005059136879734
  0.0231758325784462    0.0455343740555013    0.0012782001362887    0.0005084432564133
  0.0232917117413384    0.0427289561610888    0.0011928530050898    0.0005109854726954
  0.0234081703000451    0.0439999232448949    0.0012133309327400    0.0005135404000588
  0.0235252111515453    0.0429879727078605    0.0011990763718194    0.0005161081020591
  0.0236428372073030    0.0454191117677031    0.0012421382381336    0.0005186886425694
  0.0237610513933395    0.0424599602703177    0.0011778481976772    0.0005212820857823
  0.0238798566503062    0.0431240641800843    0.0011870108859229    0.0005238884962112
  0.0239992559335578    0.0441909259883636    0.0012007604882092    0.0005265079386922
  0.0241192522132255    0.0453242142473283    0.0012108069016667    0.0005291404783857
  0.0242398484742917    0.0428043556238353    0.0011668779458279    0.0005317861807776
  0.0243610477166631    0.0446168680707208    0.0012121459766217    0.0005344451116815
  0.0244828529552464    0.0416983582490073    0.0011446984120193    0.0005371173372399
  0.0246052672200227    0.0419176722826948    0.0011380660541989    0.0005398029239261
  0.0247282935561228    0.0447819816988778    0.0011853631081915    0.0005425019385457
  0.0248519350239034    0.0414903018846994    0.0011221712076538    0.0005452144482385
  0.0249761946990229    0.0420802712204493    0.0011319049693855    0.0005479405204797
  0.0251010756725180    0.0420543463221163    0.0011318581990444    0.0005506802230821
  0.0252265810508806    0.0433918355139739    0.0011561226587171    0.0005534336241975
  0.0253527139561350    0.0426521956025284    0.0011370835762425    0.0005562007923185
  0.0254794775259157    0.0391841529482127    0.0010752169332221    0.0005589817962801
  0.0256068749135453    0.0398729042263742    0.0010874328792338    0.0005617767052615
  0.0257349092881130    0.0416081036627747    0.0011177983604990    0.0005645855887878
  0.0258635838345535    0.0398547877298425    0.0010775749187577    0.0005674085167317
  0.0259929017537263    0.0385499821467267    0.0010415482473591    0.0005702455593154
  0.0261228662624949    0.0405031278642012    0.0010779456080346    0.0005730967871119
  0.0262534805938074    0.0373204281953821    0.0010194690649107    0.0005759622710475
  0.0263847479967764    0.0381249449412774    0.0010353271601053    0.0005788420824027
  0.0265166717367603    0.0376672082354807    0.0010443323988100    0.0005817362928148
  0.0266492550954441    0.0382725689860875    0.0010379518924096    0.0005846449742788
  0.0267825013709213    0.0355904043072500    0.0009948725402170    0.0005875681991502
  0.0269164138777759    0.0368992120352222    0.0010252573217861    0.0005905060401460
  0.0270509959471648    0.0353860100243553    0.0009709737106459    0.0005934585703467
  0.0271862509269006    0.0349005899228116    0.0009790843286771    0.0005964258631984
  0.0273221821815351    0.0343032474703299    0.0009832947586244    0.0005994079925144
  0.0274587930924428    0.0353027301024985    0.0009888914333445    0.0006024050324770
  0.0275960870579050    0.0357470441467334    0.0010004777135619    0.0006054170576394
  0.0275960870579050    0.0223802637938377    0.0065078486326516    0.0006037784839907
  0.0277340674931945    0.0403240619701531    0.0024613531616525    0.0006067973764106
  0.0277340674931945    0.0334193881939185    0.0009574572479934    0.0006084441429276
  0.0278727378306605    0.0329390437766386    0.0009476641710088    0.0006114863636422
  0.0278727378306605    0.0335217659038879    0.0018522137547667    0.0006098313632927
  0.0280121015198138    0.0337519143189446    0.0018442459861016    0.0006128805201092
  0.0280121015198138    0.0328344750588238    0.0009441533265704    0.0006145437954604
  0.0281521620274129    0.0315769246771848    0.0017278529068427    0.0006159449227097
  0.0281521620274129    0.0305483914003026    0.0009157825541264    0.0006176165144377
  0.0282929228375499    0.0320940212661232    0.0009411176295318    0.0006207045970099
  0.0282929228375499    0.0306294640311818    0.0016268796298391    0.0006190246473232
  0.0284343874517377    0.0300511069467381    0.0016038155814372    0.0006221197705599
  0.0284343874517377    0.0286157769213925    0.0009010405527148    0.0006238081199950
  0.0285765593889964    0.0260245864079625    0.0008614583838229    0.0006269271605949
  0.0285765593889964    0.0310355191166687    0.0016429401024458    0.0006252303694127
  0.0287194421859414    0.0267795885293431    0.0008877992488739    0.0006300617963979
  0.0287194421859414    0.0271814363912772    0.0014473695529658    0.0006283565212597
  0.0288630393968711    0.0294047481198963    0.0015182374905938    0.0006314983038660
  0.0288630393968711    0.0292005795105030    0.0009048314352488    0.0006332121053799
  0.0290073545938554    0.0269681837954761    0.0008461171568135    0.0006363781659068
  0.0290073545938554    0.0290664129275592    0.0015474750185335    0.0006346557953854
  0.0291523913668247    0.0269295207742095    0.0014213361933782    0.0006378290743623
  0.0291523913668247    0.0268296766366312    0.0008558579744363    0.0006395600567363
  0.0292981533236588    0.0261635568643719    0.0008276310462010    0.0006427578570200
  0.0292981533236588    0.0247853517690519    0.0012712274913194    0.0006410182197341
  0.0294446440902771    0.0245651032477840    0.0012506657545847    0.0006442233108328
  0.0294446440902771    0.0260832439952074    0.0008198633708898    0.0006459716463051
  0.0295918673107285    0.0242211716840421    0.0008100403206960    0.0006492015045366
  0.0295918673107285    0.0243025829874166    0.0012141964384376    0.0006474444273869
  0.0297398266472821    0.0230115839218329    0.0011335819246027    0.0006506816495239
  0.0297398266472821    0.0236975557268377    0.0007976322360534    0.0006524475120593
  0.0298885257805185    0.0233741254303914    0.0008179230759222    0.0006557097496196
  0.0298885257805185    0.0235527692647170    0.0011736796431042    0.0006539350577715
  0.0300379684094211    0.0233478278223962    0.0011396985621804    0.0006572047330603
  0.0300379684094211    0.0217409184548518    0.0007793146321537    0.0006589882983677
  0.0301881582514682    0.0215601502663126    0.0007621656241026    0.0006622832398596
  0.0301881582514682    0.0222750031344596    0.0010884015873595    0.0006604907567256
  0.0303390990427256    0.0224887213491558    0.0011072116994762    0.0006637932105093
  0.0304907945379392    0.0221039236397023    0.0010518306233709    0.0006671121765618
  0.0306432485106289    0.0228830741971335    0.0011123404916335    0.0006704477374446
  0.0307964647531820    0.0207850365820522    0.0009695809693086    0.0006737999761318
  0.0309504470769479    0.0230531361290921    0.0010748721818906    0.0006771689760125
  0.0311051993123327    0.0197107388911722    0.0008941943644916    0.0006805548208926
  0.0312607253088943    0.0228568768409797    0.0010430786979804    0.0006839575949970
  0.0314170289354388    0.0225658059739743    0.0010257682934803    0.0006873773829720
  0.0315741140801160    0.0219262782502905    0.0009660787160937    0.0006908142698869
  0.0317319846505165    0.0208385591566894    0.0009191218496061    0.0006942683412363
  0.0318906445737691    0.0219498285017557    0.0009661940641723    0.0006977396829425
  0.0320500977966380    0.0216871531959211    0.0009715480367240    0.0007012283813572
  0.0322103482856212    0.0207152442432422    0.0008756608273199    0.0007047345232640
  0.0323714000270493    0.0223646244462426    0.0009375404423147    0.0007082581958803
  0.0325332570271845    0.0214161182872283    0.0008743030441443    0.0007117994868597
  0.0326959233123204    0.0218846286885342    0.0009114761261929    0.0007153584842940
  0.0328594029288820    0.0213999277085079    0.0008834615220585    0.0007189352767155
  0.0330236999435264    0.0192368017564838    0.0007645149474819    0.0007225299530991
  0.0331888184432441    0.0196169570756456    0.0007798512496351    0.0007261426028645
  0.0333547625354603    0.0204283617527176    0.0008062365580546    0.0007297733158789
  0.0335215363481376    0.0193648005201032    0.0007588327299873    0.0007334221824583
  0.0336891440298783    0.0202831273226458    0.0008024946542646    0.0007370892933706
  0.0338575897500276    0.0191131519174211    0.0007462553980292    0.0007407747398374
  0.0340268776987778    0.0185584112508402    0.0007197295060291    0.0007444786135366
  0.0341970120872717    0.0183339400736486    0.0007129158992994    0.0007482010066043
  0.0343679971477080    0.0171033274231790    0.0006454684052807    0.0007519420116373
  0.0345398371334466    0.0175813112306608    0.0006672894787482    0.0007557017216955
  0.0347125363191138    0.0166156799258060    0.0006270746701627    0.0007594802303040
  0.0348860990007094    0.0159968835714060    0.0006003778595563    0.0007632776314555
  0.0350605294957129    0.0166238147656326    0.0006286217026717    0.0007670940196128
  0.0352358321431915    0.0143000594452978    0.0005380578952236    0.0007709294897108
  0.0354120113039074    0.0142413649900679    0.0005248564574280    0.0007747841371594
  0.0355890713604269    0.0147199827264599    0.0005467105889963    0.0007786580578452
  0.0357670167172291    0.0135460624922494    0.0004975792147493    0.0007825513481344
  0.0359458518008152    0.0131726256265131    0.0004882577836021    0.0007864641048751
  0.0361255810598193    0.0128723063927946    0.0004706710201175    0.0007903964253994
  0.0363062089651184    0.0118201723808502    0.0004341748124324    0.0007943484075264
  0.0364877400099440    0.0108864527661632    0.0003903474271721    0.0007983201495641
  0.0366701787099937    0.0109219266001924    0.0004131301879566    0.0008023117503119
  0.0368535296035436    0.0099475306178679    0.0003799927267228    0.0008063233090635
  0.0370377972515614    0.0097146471174690    0.0003560135380845    0.0008103549256088
  0.0372229862378192    0.0097161032998289    0.0003564498425109    0.0008144067002368
  0.0374091011690083    0.0089124580283028    0.0003375200740543    0.0008184787337380
  0.0375961466748533    0.0096351297662740    0.0003565075043409    0.0008225711274067
  0.0377841274082275    0.0082134926258921    0.0003063595835455    0.0008266839830437
  0.0379730480452687    0.0087781852893100    0.0003184383883100    0.0008308174029589
  0.0381629132854950    0.0084530419697762    0.0003102132861031    0.0008349714899737
  0.0383537278519225    0.0084971101818261    0.0003144111903483    0.0008391463474236
  0.0385454964911821    0.0072726757486480    0.0002664804697190    0.0008433420791607
  0.0387382239736380    0.0079727073599915    0.0002919302311053    0.0008475587895565
  0.0389319150935062    0.0076569999270300    0.0002806336890661    0.0008517965835043
  0.0391265746689737    0.0075401577912758    0.0002669952866880    0.0008560555664218
  0.0393222075423186    0.0075169738236728    0.0002701131871671    0.0008603358442539
  0.0395188185800302    0.0070932550766444    0.0002561619107333    0.0008646375234752
  0.0397164126729303    0.0070548355827989    0.0002487384301503    0.0008689607110926
  0.0399149947362950    0.0068683628393753    0.0002403778066049    0.0008733055146481
  0.0401145697099764    0.0070081555730329    0.0002500277513541    0.0008776720422213
  0.0403151425585263    0.0064065171164248    0.0002295487721418    0.0008820604024324
  0.0405167182713189    0.0066226080068097    0.0002289844501453    0.0008864707044446
  0.0407193018626755    0.0063943241418887    0.0002239397512857    0.0008909030579668
  0.0409228983719889    0.0061970773702739    0.0002205264752922    0.0008953575732566
  0.0411275128638489    0.0062831531241052    0.0002163540686474    0.0008998343611229
  0.0413331504281681    0.0058962861997889    0.0002033478493038    0.0009043335329285
  0.0415398161803089    0.0060395076568937    0.0002056654116152    0.0009088552005932
  0.0417475152612105    0.0055619513652152    0.0001924023055657    0.0009133994765961
  0.0419562528375165    0.0052577919433948    0.0001856693623916    0.0009179664739791
  0.0421660341017041    0.0049885304338466    0.0001784479418859    0.0009225563063490
  0.0423768642722126    0.0048538153881395    0.0001728512490386    0.0009271690878807
  0.0425887485935737    0.0047077356376211    0.0001666729371392    0.0009318049333201
  0.0428016923365415    0.0047465450415555    0.0001661511889629    0.0009364639579867
  0.0430157007982242    0.0042761969645345    0.0001557061322569    0.0009411462777767
  0.0432307793022154    0.0040894890459982    0.0001543995206136    0.0009458520091656
  0.0434469331987264    0.0042032285296592    0.0001520519142829    0.0009505812692114
  0.0436641678647200    0.0036980376371925    0.0001380266409677    0.0009553341755574
  0.0438824887040437    0.0036514166497909    0.0001344667240421    0.0009601108464352
  0.0441019011475639    0.0031205624307131    0.0001236478796818    0.0009649114006674
  0.0443224106533017    0.0029881958364122    0.0001207366446386    0.0009697359576707
  0.0445440227065682    0.0027820249972236    0.0001124940486128    0.0009745846374591
  0.0447667428201010    0.0027803129831624    0.0001121853796574    0.0009794575606464
  0.0449905765342015    0.0025126683347737    0.0001106915726121    0.0009843548484496
  0.0452155294168725    0.0025001385466074    0.0001052121165371    0.0009892766226919
  0.0454416070639569    0.0026920492353461    0.0001092574631099    0.0009942230058053
  0.0456688150992767    0.0022928791936050    0.0001041455948198    0.0009991941208344
  0.0458971591747730    0.0020819483598235    0.0000985406604075    0.0010041900914385
  0.0461266449706469    0.0020506884524770    0.0000979366473463    0.0010092110418957
  0.0463572781955001    0.0021247204220483    0.0000916302646413    0.0010142570971052
  0.0465890645864776    0.0018179558807611    0.0000915204813727    0.0010193283825907
  0.0468220099094100    0.0017693055395031    0.0000865678894817    0.0010244250245037
  0.0470561199589570    0.0017849450942739    0.0000832002688690    0.0010295471496262
  0.0472914005587518    0.0017499929782232    0.0000802776667973    0.0010346948853743
  0.0475278575615456    0.0015190941200182    0.0000784866073979    0.0010398683598012
  0.0477654968493533    0.0017448493690898    0.0000781282365840    0.0010450677016002
  0.0480043243336001    0.0016839881311206    0.0000747114532459    0.0010502930401082
  0.0482443459552681    0.0015678687964091    0.0000724571984135    0.0010555445053088
  0.0484855676850444    0.0014473387035822    0.0000714025801698    0.0010608222278353
  0.0487279955234696    0.0014086271724975    0.0000702184406372    0.0010661263389745
  0.0489716355010870    0.0013493002820284    0.0000683093944064    0.0010714569706693
  0.0492164936785924    0.0013056795193912    0.0000689306455900    0.0010768142555227
  0.0494625761469853    0.0012510420131846    0.0000700067179277    0.0010821983268003
  0.0497098890277203    0.0011498388450110    0.0000626451852571    0.0010876093184343
  0.0499584384728589    0.0011246636531964    0.0000556601866061    0.0010930473650265
  0.0502082306652232    0.0009552770283134    0.0000605247835570    0.0010985126018516
  0.0504592718185493    0.0010358308946689    0.0000566008590588    0.0011040051648609
  0.0507115681776420    0.0008676585062188    0.0000494921340265    0.0011095251906852
  0.0509651260185302    0.0008682138877656    0.0000520220315574    0.0011150728166386
  0.0512199516486228    0.0008283188615025    0.0000503134065290    0.0011206481807218
  0.0514760514068660    0.0008580604936025    0.0000502998320588    0.0011262514216254
  0.0517334316639003    0.0007887566532774    0.0000509395998529    0.0011318826787335
  0.0519920988222198    0.0007439486098234    0.0000494021548942    0.0011375420921272
  0.0522520593163309    0.0006108252365360    0.0000437563749513    0.0011432298025878
  0.0525133196129125    0.0006293974479613    0.0000426679776492    0.0011489459516008
  0.0527758862109771    0.0006319066856441    0.0000482947326786    0.0011546906813588
  0.0530397656420320    0.0006062185386504    0.0000441219269812    0.0011604641347656
  0.0533049644702421    0.0006044978683901    0.0000423815282209    0.0011662664554394
  0.0535714892925933    0.0005512957786716    0.0000447744131403    0.0011720977877166
  0.0538393467390563    0.0006143564529584    0.0000443382067696    0.0011779582766552
  0.0541085434727516    0.0006067513589552    0.0000443349323469    0.0011838480680385
  0.0543790861901153    0.0005609733554900    0.0000429632969687    0.0011897673083786
  0.0546509816210659    0.0005455942770277    0.0000381663328843    0.0011957161449205
  0.0549242365291712    0.0006226079586511    0.0000408991724004    0.0012016947256451
  0.0551988577118171    0.0005385585883053    0.0000400239997331    0.0012077031992734
  0.0554748520003761    0.0005654601057361    0.0000375020995051    0.0012137417152697
  0.0557522262603780    0.0005439814550169    0.0000383288191158    0.0012198104238461
  0.0560309873916799    0.0005547630638566    0.0000383172875161    0.0012259094759653
  0.0563111423286383    0.0006197243160797    0.0000395269180605    0.0012320390233451
  0.0565926980402815    0.0005780858405413    0.0000409534571704    0.0012381992184619
  0.0568756615304829    0.0005292390627767    0.0000408216860670    0.0012443902145542
  0.0571600398381353    0.0006764477434490    0.0000391315380694    0.0012506121656269
  0.0574458400373259    0.0005743101754671    0.0000409347194594    0.0012568652264551
  0.0577330692375126    0.0005496102255089    0.0000364360122401    0.0012631495525874
  0.0580217345837001    0.0006305212700991    0.0000382140819702    0.0012694653003503
  0.0583118432566186    0.0006047483029941    0.0000401665911146    0.0012758126268520
  0.0586034024729017    0.0006190077795530    0.0000417683298677    0.0012821916899863
  0.0588964194852662    0.0005857489837559    0.0000372629441067    0.0012886026484362
  0.0591909015826925    0.0006287141369061    0.0000375162870813    0.0012950456616784
  0.0594868560906060    0.0006537040445187    0.0000382607521744    0.0013015208899868
  0.0597842903710590    0.0006380405584372    0.0000372604610655    0.0013080284944367
  0.0600832118229143    0.0006675509609894    0.0000386352439788    0.0013145686369089
  0.0603836278820289    0.0006685261572848    0.0000394987614094    0.0013211414800935
  0.0606855460214390    0.0006895947167128    0.0000391587537652    0.0013277471874939
  0.0609889737515462    0.0007003273158887    0.0000388795884532    0.0013343859234314
  0.0612939186203039    0.0007319052633911    0.0000397898401994    0.0013410578530486
  0.0616003882134054    0.0008156526219257    0.0000401979053354    0.0013477631423138
  0.0619083901544725    0.0007592081720392    0.0000425128634771    0.0013545019580254
  0.0622179321052448    0.0007598677864204    0.0000388256542037    0.0013612744678155
  0.0625290217657710    0.0007945079026818    0.0000415198262844    0.0013680808401546
  0.0628416668745999    0.0007918498577607    0.0000420501303151    0.0013749212443553
  0.0631558752089729    0.0007991320140471    0.0000407199240540    0.0013817958505771
  0.0634716545850177    0.0008017663057149    0.0000403277606139    0.0013887048298300
  0.0637890128579428    0.0008668664988428    0.0000423866425935    0.0013956483539792
  0.0641079579222325    0.0008266345298195    0.0000417695693509    0.0014026265957491
  0.0644284977118437    0.0007939231098605    0.0000428670687876    0.0014096397287278
  0.0647506402004029    0.0008272741967227    0.0000437145336840    0.0014166879273714
  0.0650743934014049    0.0008985355044662    0.0000439648767361    0.0014237713670083
  0.0653997653684119    0.0008828156221046    0.0000433172496873    0.0014308902238433
  0.0657267641952540    0.0009370910102201    0.0000455397743992    0.0014380446749626
  0.0660553980162302    0.0008639649484646    0.0000460502271485    0.0014452348983374
  0.0663856750063114    0.0009040666913014    0.0000446157047228    0.0014524610728291
  0.0667176033813429    0.0008648851633181    0.0000436069308230    0.0014597233781932
  0.0670511913982496    0.0008513391547104    0.0000429520704650    0.0014670219950842
  0.0673864473552409    0.0009104340542152    0.0000424320970954    0.0014743571050596
  0.0677233795920171    0.0008804293442481    0.0000446568370168    0.0014817288905849
  0.0680619964899772    0.0009299874763165    0.0000442958330476    0.0014891375350378
  0.0684023064724270    0.0008274069909730    0.0000433065392324    0.0014965832227130
  0.0687443180047892    0.0009265937698067    0.0000435974757869    0.0015040661388266
  0.0690880395948131    0.0009047090054778    0.0000427813533749    0.0015115864695207
  0.0694334797927871    0.0009249704095745    0.0000419154359792    0.0015191444018683
  0.0697806471917511    0.0009585863114414    0.0000421120423692    0.0015267401238776
  0.0701295504277098    0.0009395177510414    0.0000396284992247    0.0015343738244970
  0.0704801981798484    0.0009834784268395    0.0000410070194213    0.0015420456936195
  0.0708325991707476    0.0009355331968854    0.0000425395891153    0.0015497559220876
  0.0711867621666013    0.0008687763953314    0.0000402609410858    0.0015575047016980
  0.0715426959774343    0.0008597359123818    0.0000396297453383    0.0015652922252065
  0.0719004094573215    0.0009366979081427    0.0000395556522738    0.0015731186863326
  0.0722599115046081    0.0008459224067771    0.0000377905476711    0.0015809842797642
  0.0726212110621311    0.0009470179005295    0.0000387677864893    0.0015888892011631
  0.0729843171174418    0.0009248585026952    0.0000402243413454    0.0015968336471689
  0.0733492387030290    0.0009308094545965    0.0000385204054001    0.0016048178154047
  0.0737159848965441    0.0008812612556465    0.0000389162044841    0.0016128419044817
  0.0740845648210268    0.0008846464379946    0.0000384506566708    0.0016209061140041
  0.0744549876451319    0.0007999276174912    0.0000393017470163    0.0016290106445742
  0.0748272625833576    0.0007922473515715    0.0000370712010496    0.0016371556977970
  0.0752013988962744    0.0008039226414439    0.0000368743162956    0.0016453414762860
  0.0755774058907557    0.0007075744954705    0.0000347233240833    0.0016535681836675
  0.0759552929202095    0.0007556265611045    0.0000353188420213    0.0016618360245858
  0.0763350693848105    0.0007097868749083    0.0000357062462317    0.0016701452047087
  0.0767167447317346    0.0007223082332924    0.0000340455190025    0.0016784959307323
  0.0771003284553933    0.0006949189747082    0.0000346282298638    0.0016868884103859
  0.0774858300976702    0.0006929263581308    0.0000330866381619    0.0016953228524379
  0.0778732592481586    0.0007019123542046    0.0000333156966670    0.0017037994667000
  0.0782626255443993    0.0005878114120972    0.0000337978202735    0.0017123184640335
  0.0786539386721213    0.0006775350230755    0.0000331576264469    0.0017208800563537
  0.0790472083654819    0.0006406591967411    0.0000336762508046    0.0017294844566355
  0.0794424444073093    0.0006539214770603    0.0000322421697074    0.0017381318789187
  0.0798396566293459    0.0006274486131839    0.0000317711644157    0.0017468225383132
  0.0802388549124926    0.0005825865663140    0.0000319409301538    0.0017555566510048
  0.0806400491870551    0.0005721673743467    0.0000310478411738    0.0017643344342598
  0.0806400491870551    0.0005022326255884    0.0000652065581443    0.0017651231904950
  0.0810432494329903    0.0005570243099833    0.0000338137548043    0.0017739488064474
  0.0810432494329903    0.0005496203516586    0.0000296501850103    0.0017731561064311
  0.0814484656801553    0.0005504884269798    0.0000297648613885    0.0017820218869633
  0.0814484656801553    0.0004845670099023    0.0000274665507483    0.0017828185504797
  0.0818557080085560    0.0005097326262059    0.0000296922361028    0.0017917326432321
  0.0818557080085560    0.0005498165429512    0.0000283580578486    0.0017909319963981
  0.0822649865485988    0.0004805924960161    0.0000272948518220    0.0018006913064482
  0.0822649865485988    0.0005112366455340    0.0000281790239213    0.0017998866563801
  0.0826763114813418    0.0005564887636706    0.0000297948002512    0.0018088860896620
  0.0826763114813418    0.0004979461477301    0.0000279520882733    0.0018096947629805
  0.0830896930387485    0.0004796797526016    0.0000278356511641    0.0018179305201103
  0.0830896930387485    0.0004615105244939    0.0000269444566959    0.0018187432367954
  0.0835051415039422    0.0004749001258663    0.0000273728960426    0.0018278369529794
  0.0835051415039422    0.0004588878325996    0.0000273258828595    0.0018270201727109
  0.0839226672114619    0.0004527413216273    0.0000269669967569    0.0018361552735744
  0.0839226672114619    0.0004447797909104    0.0000246540289833    0.0018369761377442
  0.0843422805475192    0.0004358913327206    0.0000248442963515    0.0018461610184330
  0.0843422805475192    0.0004239513079656    0.0000260740185768    0.0018453360499423
  0.0847639919502568    0.0003959304443716    0.0000218270506358    0.0018553918235251
  0.0847639919502568    0.0003862095747368    0.0000273069266077    0.0018545627301920
  0.0851878119100081    0.0004168748774843    0.0000262382195983    0.0018638355438430
  0.0851878119100081    0.0003914514892037    0.0000220224823155    0.0018646687826428
  0.0856137509695581    0.0003644003858286    0.0000199560525519    0.0018739921265560
  0.0856137509695581    0.0004095721409833    0.0000264418642493    0.0018731547215622
  0.0860418197244059    0.0004126820727925    0.0000252213301619    0.0018825204951700
  0.0860418197244059    0.0003773555338965    0.0000209728420737    0.0018833620871888
  0.0864720288230279    0.0003512257021987    0.0000245487174751    0.0018919330976458
  0.0864720288230279    0.0003504762351021    0.0000197249730894    0.0018927788976247
  0.0869043889671431    0.0003064338265069    0.0000175874329985    0.0019022427921128
  0.0869043889671431    0.0003181944520008    0.0000248716703671    0.0019013927631341
  0.0873389109119788    0.0003263521646672    0.0000228623886498    0.0019108997269497
  0.0873389109119788    0.0003013640782241    0.0000174838077641    0.0019117540060734
  0.0877756054665386    0.0003260929219967    0.0000242784056619    0.0019204542255845
  0.0877756054665386    0.0002845038439700    0.0000159592885401    0.0019213127761038
  0.0882144834938713    0.0002591710093799    0.0000154456792798    0.0019309193399843
  0.0882144834938713    0.0002868839842955    0.0000231634489432    0.0019300564967124
  0.0886555559113407    0.0002603517528592    0.0000154900714034    0.0019405739366842
  0.0886555559113407    0.0002684816600436    0.0000228643015156    0.0019397067791960
  0.0890988336908974    0.0002291952426385    0.0000137875645537    0.0019502768063676
  0.0890988336908974    0.0002574534127562    0.0000227581107274    0.0019494053130919
  0.0895443278593518    0.0002351951412206    0.0000225885875488    0.0019591523396574
  0.0895443278593518    0.0002509061901225    0.0000144268981466    0.0019600281903995
  0.0899920494986486    0.0002238748181673    0.0000235946044443    0.0019689481013557
  0.0899920494986486    0.0002245510708133    0.0000135608362976    0.0019698283313514
  0.0904420097461418    0.0002210869651741    0.0000228511544078    0.0019787928418625
  0.0904420097461418    0.0002107915702478    0.0000123664595046    0.0019796774730082
  0.0908942197948725    0.0002039309027739    0.0000124344938366    0.0019895758603732
  0.0908942197948725    0.0001525113068082    0.0000217097346554    0.0019886868060718
  0.0913486908938469    0.0001953647760604    0.0000116551805542    0.0019995237396751
  0.0913486908938469    0.0001526566376943    0.0000230758725592    0.0019986302401021
  0.0918054343483161    0.0002028245222322    0.0000119943647728    0.0020095213583735
  0.0918054343483161    0.0001504626088497    0.0000224404078028    0.0020086233913026
  0.0922644615200577    0.0001691364449687    0.0000224534034396    0.0020186665082592
  0.0922644615200577    0.0001857056713725    0.0000116222474780    0.0020195689651654
  0.0927257838276579    0.0001988518522023    0.0000198905901109    0.0020287598408005
  0.0927257838276579    0.0001769984138733    0.0000112293694327    0.0020296668099912
  0.0931894127467962    0.0001668990505181    0.0000105694208813    0.0020398151440411
  0.0931894127467962    0.0001551885574114    0.0000206615758662    0.0020389036400045
  0.0936553598105302    0.0001328850529251    0.0000205904505495    0.0020490981582045
  0.0936553598105302    0.0001881704676211    0.0000110625181602    0.0020500142197613
  0.0941236366095829    0.0001511968304891    0.0000199316777337    0.0020593436489955
  0.0941236366095829    0.0001493046310041    0.0000092571114233    0.0020602642908601
  0.0945942547926308    0.0001568957613011    0.0000099151479118    0.0020705656123144
  0.0945942547926308    0.0001158006441830    0.0000204707629798    0.0020696403672405
  0.0950672260665939    0.0001476219617696    0.0000092672291049    0.0020809184403760
  0.0950672260665939    0.0001253423830940    0.0000198997893934    0.0020799885690767
  0.0955425621969268    0.0001253017157491    0.0000183493064963    0.0020903885119221
  0.0955425621969268    0.0001418992416717    0.0000093189684725    0.0020913230325779
  0.0960202750079115    0.0001120478926118    0.0000191720837043    0.0021008404544817
  0.0960202750079115    0.0001432692676587    0.0000090840201599    0.0021017796477408
  0.0965003763829510    0.0001434208974344    0.0000095152368133    0.0021122885459795
  0.0965003763829510    0.0001367204892057    0.0000169315538519    0.0021113446567541
  0.0969828782648658    0.0001282271994855    0.0000215461584491    0.0021219013800379
  0.0969828782648658    0.0001255168767417    0.0000083212600163    0.0021228499887094
  0.0974677926561901    0.0001176182120779    0.0000185834015416    0.0021325108869380
  0.0974677926561901    0.0001231700400280    0.0000082157406419    0.0021334642386529
  0.0979551316194710    0.0001329421999711    0.0000085070650327    0.0021441315598462
  0.0979551316194710    0.0001062009275477    0.0000196194647801    0.0021431734413727
  0.0984449072775684    0.0001129080427202    0.0000076744281867    0.0021548522176454
  0.0989371318139562    0.0001128908858940    0.0000077238290835    0.0021656264787337
  0.0994318174730260    0.0001243696127240    0.0000077774617078    0.0021764546111273
  0.0999289765603911    0.0001250807795675    0.0000074829642708    0.0021873368841830
  0.1004286214431930    0.0001167449587964    0.0000076941481249    0.0021982735686039
  0.1009307645504090    0.0001052946754023    0.0000074284264728    0.0022092649364469
  0.1014354183731610    0.0001233620360315    0.0000071849811059    0.0022203112611291
  0.1019425954650268    0.0001335070490759    0.0000078187039092    0.0022314128174348
  0.1024523084423520    0.0001038890518681    0.0000071062356098    0.0022425698815220
  0.1029645699845637    0.0001236950990949    0.0000073146292874    0.0022537827309296
  0.1034793928344865    0.0001201336010335    0.0000072540647720    0.0022650516445842
  0.1039967897986589    0.0001095066152781    0.0000070881768521    0.0022763769028071
  0.1045167737476522    0.0001223121905653    0.0000069853233056    0.0022877587873212
  0.1050393576163905    0.0001201130883079    0.0000069627097253    0.0022991975812578
  0.1055645544044724    0.0001155545268886    0.0000067519817383    0.0023106935691641
  0.1060923771764948    0.0001172208088899    0.0000065658904781    0.0023222470370099
  0.1066228390623772    0.0001171814498008    0.0000064900068891    0.0023338582721949
  0.1071559532576891    0.0001158049413410    0.0000066505087703    0.0023455275635559
  0.1076917330239775    0.0001265370755728    0.0000067547525668    0.0023572552013737
  0.1082301916890974    0.0001122532966365    0.0000064207348982    0.0023690414773805
  0.1087713426475429    0.0001128813710252    0.0000061952739198    0.0023808866847675
  0.1093151993607806    0.0001016964052621    0.0000059454365688    0.0023927911181913
  0.1098617753575845    0.0001103337697381    0.0000061774803912    0.0024047550737822
  0.1104110842343724    0.0001178934416414    0.0000063102524383    0.0024167788491512
  0.1109631396555442    0.0001063548974452    0.0000057790377999    0.0024288627433969
  0.1115179553538219    0.0001067664170127    0.0000057143436117    0.0024410070571139
  0.1120755451305910    0.0001033051734499    0.0000056649865877    0.0024532120923995
  0.1126359228562440    0.0001046084187356    0.0000054488270555    0.0024654781528615
  0.1131991024705252    0.0001044342733021    0.0000055470921296    0.0024778055436258
  0.1137650979828778    0.0001031627460406    0.0000056079498909    0.0024901945713439
  0.1143339234727922    0.0000966670402982    0.0000053367506786    0.0025026455442006
  0.1149055930901561    0.0001092615723341    0.0000054434755762    0.0025151587719216
  0.1154801210556069    0.0000957593362879    0.0000050760480497    0.0025277345657812
  0.1160575216608849    0.0000846934474281    0.0000050178017210    0.0025403732386101
  0.1166378092691893    0.0000877254186814    0.0000048890349704    0.0025530751048032
  0.1172209983155353    0.0000893879549209    0.0000048851913385    0.0025658404803272
  0.1178071033071129    0.0000886037632369    0.0000047571408346    0.0025786696827288
  0.1183961388236485    0.0000823872980683    0.0000048056842717    0.0025915630311425
  0.1189881195177667    0.0000818992268069    0.0000045590598650    0.0026045208462982
  0.1195830601153555    0.0000798900948354    0.0000045630412767    0.0026175434505297
  0.1201809754159323    0.0000727674913651    0.0000043943711008    0.0026306311677823
  0.1207818802930119    0.0000776419184518    0.0000043881647647    0.0026437843236212
  0.1213857896944770    0.0000736844814351    0.0000042539728711    0.0026570032452393
  0.1219927186429494    0.0000665457462491    0.0000040824318370    0.0026702882614655
  0.1226026822361641    0.0000630959546925    0.0000039449679247    0.0026836397027729
  0.1232156956473449    0.0000576993566880    0.0000037059617878    0.0026970579012867
  0.1238317741255816    0.0000630677463669    0.0000038143948225    0.0027105431907932
  0.1244509329962095    0.0000577896374229    0.0000036752305051    0.0027240959067471
  0.1250731876611905    0.0000522506830151    0.0000035927879286    0.0027377163862809
  0.1256985535994965    0.0000479496758284    0.0000034296871037    0.0027514049682123
  0.1263270463674940    0.0000561465064916    0.0000034656052005    0.0027651619930533
  0.1269586815993314    0.0000516581515362    0.0000034472297638    0.0027789878030186
  0.1275934750073280    0.0000426649294362    0.0000033175846166    0.0027928827420337
  0.1282314423823647    0.0000381020050443    0.0000032475424866    0.0028068471557439
  0.1288725995942765    0.0000394944953781    0.0000031520432078    0.0028208813915226
  0.1295169625922478    0.0000368436148954    0.0000030547892845    0.0028349857984802
  0.1301645474052091    0.0000359786458364    0.0000029220903315    0.0028491607274726
  0.1308153701422351    0.0000333839395125    0.0000029845900630    0.0028634065311100
  0.1314694469929463    0.0000282015676987    0.0000028220452295    0.0028777235637655
  0.1321267942279110    0.0000307974589675    0.0000027676727653    0.0028921121815843
  0.1327874281990505    0.0000305480306614    0.0000028359169125    0.0029065727424923
  0.1334513653400458    0.0000204994779534    0.0000025956623171    0.0029211056062047
  0.1341186221667460    0.0000201621964824    0.0000026168589411    0.0029357111342357
  0.1347892152775797    0.0000258628340059    0.0000026355911594    0.0029503896899069
  0.1354631613539676    0.0000214357421474    0.0000024223092754    0.0029651416383565
  0.1361404771607374    0.0000229925028775    0.0000025106099804    0.0029799673465482
  0.1368211795465411    0.0000224999914862    0.0000024168373982    0.0029948671832810
  0.1375052854442738    0.0000194433735430    0.0000023643260263    0.0030098415191974
  0.1381928118714951    0.0000183235420671    0.0000023492750841    0.0030248907267934
  0.1388837759308526    0.0000208977524314    0.0000024151691013    0.0030400151804273
  0.1395781948105068    0.0000182584636345    0.0000022895283438    0.0030552152563295
  0.1402760857845594    0.0000142015132744    0.0000022013355723    0.0030704913326111
  0.1409774662134821    0.0000192424471939    0.0000022338399956    0.0030858437892742
  0.1416823535445495    0.0000174348200088    0.0000022532927182    0.0031012730082205
  0.1423907653122723    0.0000183931476592    0.0000022012183701    0.0031167793732616
  0.1431027191388336    0.0000131704485130    0.0000021919474341    0.0031323632701280
  0.1438182327345278    0.0000164714255011    0.0000022915529811    0.0031480250864786
  0.1445373238982004    0.0000155613779754    0.0000022503078826    0.0031637652119110
  0.1452600105176914    0.0000153788532378    0.0000021085406106    0.0031795840379705
  0.1459863105702798    0.0000134098215155    0.0000020679435071    0.0031954819581604
  0.1467162421231312    0.0000112582241800    0.0000020605903370    0.0032114593679512
  0.1474498233337468    0.0000111019631801    0.0000020263655306    0.0032275166647909
  0.1481870724504156    0.0000120161610428    0.0000020535549571    0.0032436542481149
  0.1489280078126676    0.0000094824501948    0.0000019746121335    0.0032598725193555
  0.1496726478517310    0.0000116324857354    0.0000019338969861    0.0032761718819523
  0.1504210110909896    0.0000068717376879    0.0000019490664411    0.0032925527413620
  0.1511731161464445    0.0000081437213704    0.0000019137781397    0.0033090155050688
  0.1519289817271767    0.0000084447908085    0.0000018947696612    0.0033255605825942
  0.1526886266358126    0.0000134451662387    0.0000018139346958    0.0033421883855071
  0.1534520697689916    0.0000086088562568    0.0000018278269759    0.0033588993274347
  0.1542193301178366    0.0000076893694123    0.0000018529612012    0.0033756938240718
  0.1549904267684257    0.0000072351305488    0.0000018632647266    0.0033925722931922
  0.1557653789022678    0.0000089725406586    0.0000018876670886    0.0034095351546582
  0.1565442057967792    0.0000094846900467    0.0000018595190763    0.0034265828304315
  0.1573269268257630    0.0000073426652265    0.0000018980683309    0.0034437157445836
  0.1581135614598919    0.0000039205030565    0.0000018198868087    0.0034609343233065
  0.1589041292671913    0.0000062751863555    0.0000017240227017    0.0034782389949231
  0.1596986499135272    0.0000039562048701    0.0000016665219317    0.0034956301898977
  0.1604971431630948    0.0000042802570600    0.0000016691510532    0.0035131083408472
  0.1612996288789103    0.0000045752270437    0.0000016841678056    0.0035306738825514
  0.1621061270233048    0.0000050724330935    0.0000016805994727    0.0035483272519642
  0.1629166576584213    0.0000071667066511    0.0000016703414619    0.0035660688882240
  0.1637312409467134    0.0000043569213209    0.0000016099514985    0.0035838992326651
  0.1645498971514470    0.0000024472276929    0.0000016549144014    0.0036018187288284
  0.1653726466372042    0.0000039245147631    0.0000016372530243    0.0036198278224726
  0.1661995098703902    0.0000038870673099    0.0000016625702888    0.0036379269615849
  0.1670305074197421    0.0000019843657691    0.0000016175715362    0.0036561165963929
  0.1678656599568408    0.0000024837445376    0.0000015841379592    0.0036743971793748
  0.1687049882566250    0.0000026562975671    0.0000015766641791    0.0036927691652717
  0.1695485131979081    0.0000026204798221    0.0000015531469774    0.0037112330110980
  0.1703962557638976    0.0000020464384975    0.0000015231947761    0.0037297891761535
  0.1712482370427171    0.0000044126135337    0.0000015580401963    0.0037484381220343
  0.1721044782279307    0.0000018193811031    0.0000015266973760    0.0037671803126445
  0.1729650006190703    0.0000012629027159    0.0000014960753890    0.0037860162142077
  0.1738298256221656    0.0000007499523684    0.0000015352077497    0.0038049462952787
  0.1746989747502765    0.0000016179888927    0.0000015092418514    0.0038239710267551
  0.1755724696240278   -0.0000001055170238    0.0000015013853068    0.0038430908818889
  0.1764503319721480    0.0000002854257434    0.0000014977309217    0.0038623063362983
  0.1773325836320087    0.0000015839126130    0.0000014995734059    0.0038816178679798
  0.1782192465501687   -0.0000015148280662    0.0000015231325681    0.0039010259573197
  0.1791103427829195    0.0000044287963751    0.0000015269992541    0.0039205310871063
  0.1800058944968341   -0.0000016066213552    0.0000015082715118    0.0039401337425419
  0.1809059239693183    0.0000013831395462    0.0000014927235924    0.0039598344112546
  0.1818104535891648   -0.0000024140718992    0.0000014768507664    0.0039796335833108
  0.1827195058571106    0.0000003383916939    0.0000014843119397    0.0039995317512274
  0.1836331033863962    0.0000022543055739    0.0000014621188019    0.0040195294099835
  0.1845512689033281   -0.0000006114100303    0.0000014722315149    0.0040396270570335
  0.1854740252478447    0.0000001149008588    0.0000014767055070    0.0040598251923186
  0.1864013953740840    0.0000003763264800    0.0000014506324230    0.0040801243182802
  0.1873334023509544   -0.0000015500477872    0.0000014944144758    0.0041005249398716
  0.1882700693627091    0.0000001875936072    0.0000014615843359    0.0041210275645710
  0.1892114197095226   -0.0000011644374174    0.0000015163622619    0.0041416327023938
  0.1901574768080702    0.0000031556624899    0.0000016229368381    0.0041623408659058
  0.1911082641921105    0.0000014774383015    0.0000016346413334    0.0041831525702353
  0.1920638055130711   -0.0000010469529308    0.0000016299381714    0.0042040683330865
  0.1930241245406364    0.0000007847432498    0.0000015795236894    0.0042250886747519
  0.1939892451633396    0.0000013292085888    0.0000015625305787    0.0042462141181257
  0.1949591913891562    0.0000008572923383    0.0000015667441155    0.0042674451887163
  0.1959339873461020   -0.0000018165392868    0.0000015154643203    0.0042887824146599
  0.1969136572828325   -0.0000000547510534    0.0000015140333917    0.0043102263267332
  0.1978982255692466    0.0000006675115470    0.0000014744588253    0.0043317774583669
  0.1988877166970929    0.0000010743239907    0.0000015063920533    0.0043534363456587
  0.1998821552805783    0.0000018342263918    0.0000015167237657    0.0043752035273870
  0.2008815660569812    0.0000009799797178    0.0000014813484544    0.0043970795450239
  0.2018859738872660    0.0000015911674226    0.0000014616055364    0.0044190649427490
  0.2028954037567023   -0.0000009185020869    0.0000014662465021    0.0044411602674628
  0.2039098807754859   -0.0000015030273216    0.0000014647326487    0.0044633660688001
  0.2049294301793633    0.0000010777160387    0.0000014277674498    0.0044856828991441
  0.2059540773302601    0.0000003264116387    0.0000014133799800    0.0045081113136398
  0.2069838477169113    0.0000003771883678    0.0000014271857753    0.0045306518702080
  0.2080187669554959   -0.0000001151981321    0.0000014283197262    0.0045533051295591
  0.2090588607902733   -0.0000010368359169    0.0000013915009495    0.0045760716552069
  0.2101041550942246    0.0000014303997681    0.0000013917870371    0.0045989520134829
  0.2111546758696958    0.0000023790449398    0.0000014080794470    0.0046219467735503
  0.2122104492490442    0.0000021875681731    0.0000013895828253    0.0046450565074181
  0.2132715014952894   -0.0000013064247912    0.0000013764273653    0.0046682817899551
  0.2143378590027659    0.0000010510082625    0.0000014116872984    0.0046916231989049
  0.2154095482977796    0.0000017732462197    0.0000013690657714    0.0047150813148994
  0.2164865960392685    0.0000018308953042    0.0000013522705042    0.0047386567214739
  0.2175690290194648    0.0000004753696294    0.0000013535605624    0.0047623500050813
  0.2186568741645621    0.0000026721574006    0.0000013947843435    0.0047861617551067
  0.2197501585353849   -0.0000003387722767    0.0000013669917613    0.0048100925638823
  0.2208489093280618    0.0000003142589284    0.0000013639706522    0.0048341430267017
  0.2219531538747021    0.0000023271115041    0.0000013596822997    0.0048583137418352
  0.2230629196440756    0.0000000275874814    0.0000013382590171    0.0048826053105443
  0.2241782342422960    0.0000018802304340    0.0000013512737910    0.0049070183370971
  0.2252991254135074    0.0000015860261719    0.0000013226118641    0.0049315534287826
  0.2264256210405749   -0.0000001099738630    0.0000013491375437    0.0049562111959265
  0.2275577491457778    0.0000026002640019    0.0000013120607615    0.0049809922519061
  0.2286955378915067    0.0000032124854112    0.0000013268712795    0.0050058972131656
  0.2298390155809641   -0.0000002109579799    0.0000013428277692    0.0050309266992315
  0.2309882106588690    0.0000017634360391    0.0000013086752968    0.0050560813327276
  0.2321431517121633    0.0000005442295348    0.0000013310730182    0.0050813617393913
  0.2333038674707241    0.0000019776350101    0.0000013148156471    0.0051067685480882
  0.2344703868080777   -0.0000005906555716    0.0000013175111206    0.0051323023908286
  0.2356427387421181    0.0000007341380426    0.0000013273099613    0.0051579639027828
  0.2368209524358286    0.0000002404020785    0.0000013117634150    0.0051837537222967
  0.2380050571980077    0.0000000836901795    0.0000012908944373    0.0052096724909082
  0.2391950824839977    0.0000009023516637    0.0000013237813875    0.0052357208533627
  0.2403910578964177    0.0000020946242755    0.0000013099859472    0.0052618994576295
  0.2415930131858998   -0.0000012085761439    0.0000013347793115    0.0052882089549177
  0.2428009782518292    0.0000026536893723    0.0000013202663962    0.0053146499996923
  0.2440149831430883    0.0000027688031069    0.0000012917676705    0.0053412232496907
  0.2452350580588037    0.0000013276035728    0.0000012798660464    0.0053679293659392
  0.2464612333490978    0.0000007123787531    0.0000012960756273    0.0053947690127689
  0.2476935395158432   -0.0000013026782409    0.0000012750232604    0.0054217428578327
  0.2489320072134224    0.0000009486888680    0.0000012890306238    0.0054488515721219
  0.2501766672494895    0.0000011484742463    0.0000012844030693    0.0054760958299825
  0.2514275505857369   -0.0000004025971862    0.0000013139671906    0.0055034763091324
  0.2526846883386655    0.0000009375407599    0.0000012932812149    0.0055309936906781
  0.2539481117803589    0.0000009245207235    0.0000013081860061    0.0055586486591315
  0.2552178523392606    0.0000017339399079    0.0000012768153034    0.0055864419024271
  0.2564939416009570   -0.0000000430006419    0.0000012871639665    0.0056143741119393
  0.2577764113089617    0.0000016148405378    0.0000013010748618    0.0056424459824989
  0.2590652933655064    0.0000044743569397    0.0000012742766354    0.0056706582124114
  0.2603606198323339   -0.0000013260382803    0.0000012427747449    0.0056990115034735
  0.2616624229314956    0.0000019277198677    0.0000012916044545    0.0057275065609909
  0.2629707350461531   -0.0000012136826863    0.0000012856972932    0.0057561440937958
  0.2642855887213838   -0.0000000724824668    0.0000013029825276    0.0057849248142648
  0.2656070166649907    0.0000029402331369    0.0000013077682403    0.0058138494383361
  0.2669350517483157    0.0000027986241198    0.0000013068291898    0.0058429186855278
  0.2682697270070572    0.0000011723855923    0.0000013036435394    0.0058721332789554
  0.2696110756420924   -0.0000005945270930    0.0000013322608127    0.0059014939453502
  0.2709591310203028   -0.0000008793803089    0.0000013257344783    0.0059310014150770
  0.2723139266754043    0.0000020392277240    0.0000013582210835    0.0059606564221524
  0.2736754963087813    0.0000012484043400    0.0000013198693176    0.0059904597042631
  0.2750438737903252    0.0000016467734407    0.0000013151691444    0.0060204120027844
  0.2764190931592768   -0.0000004652501143    0.0000013014048867    0.0060505140627984
  0.2778011886250731    0.0000005504288686    0.0000013003956998    0.0060807666331123
  0.2791901945681985    0.0000008291752339    0.0000012951601493    0.0061111704662779
  0.2805861455410394   -0.0000000264469332    0.0000012785901683    0.0061417263186093
  0.2819890762687446    0.0000026236477661    0.0000013290466552    0.0061724349502023
  0.2833990216500883    0.0000002119189707    0.0000013314020879    0.0062032971249533
  0.2848160167583387    0.0000018009931162    0.0000012945187873    0.0062343136105781
