2.810177359318865101e-02 1.233450082311753244e-02 8.001521506090599921e-04 6.140924261010678427e-04
2.838279132912053734e-02 1.248101993372850195e-02 8.018545098496595181e-04 6.202333503620785244e-04
2.866661924241174081e-02 1.109731134498093477e-02 7.262169999549256258e-04 6.264356838656992598e-04
2.895328543483586051e-02 1.039759016390976940e-02 6.858538585730807350e-04 6.327000407043563727e-04
2.924281828918421852e-02 1.035673567300987932e-02 6.664992058753708721e-04 6.390270411113998942e-04
2.953524647207605991e-02 9.783828150751258321e-03 6.289102407770735120e-04 6.454173115225138573e-04
2.983059893679682051e-02 9.267075774907391345e-03 5.901802624529856045e-04 6.518714846377389504e-04
3.012890492616479218e-02 8.790414415684960278e-03 5.576872014298955111e-04 6.583901994841164168e-04
3.043019397542644222e-02 9.124700055603987905e-03 5.730173116897810739e-04 6.649741014789576493e-04
3.073449591518070609e-02 6.987266233335569406e-03 4.716426138875903199e-04 6.716238424937472822e-04
3.104184087433251027e-02 7.900136151416669444e-03 5.131851646178400709e-04 6.783400809186846629e-04
3.135225928307583398e-02 7.314811894394092698e-03 4.722392156746428073e-04 6.851234817278715073e-04
3.166578187590659427e-02 7.062450040114035855e-03 4.485271566734391389e-04 6.919747165451501855e-04
3.198243969466565972e-02 7.264201833774289706e-03 4.437792941232031091e-04 6.988944637106017438e-04
3.230226409161231216e-02 6.927622467157024469e-03 4.319733332549791603e-04 7.058834083477076755e-04
3.262528673252844402e-02 6.848079097066338446e-03 4.124823612915032647e-04 7.129422424311848737e-04
3.295153959985372416e-02 7.132840714383685554e-03 4.179031265532439721e-04 7.200716648554966910e-04
3.328105499585226612e-02 7.181545678386339407e-03 4.061857077561065307e-04 7.272723815040517100e-04
3.361386554581079211e-02 6.678314254771667603e-03 3.817994845348180247e-04 7.345451053190922824e-04
3.395000420126889629e-02 6.974077116753043398e-03 3.807078283046900135e-04 7.418905563722831380e-04
3.428950424328158775e-02 7.132622510954500852e-03 3.837559350716407782e-04 7.493094619360060257e-04
3.463239928571439780e-02 7.124859136066872059e-03 3.826657472367742704e-04 7.568025565553660253e-04
3.497872327857154406e-02 7.175156517603634675e-03 3.648091967698268963e-04 7.643705821209197202e-04
3.532851051135725562e-02 7.125899001722810037e-03 3.582110932542432926e-04 7.720142879421288112e-04
3.568179561647083498e-02 7.121766869903154579e-03 3.471030862809821151e-04 7.797344308215502272e-04
3.603861357263554027e-02 6.440179252074833098e-03 3.200792332992316276e-04 7.875317751297656634e-04
3.639899970836189824e-02 6.491507025982293233e-03 3.276467634962444849e-04 7.954070928810633373e-04
3.676298970544551736e-02 5.904818282924334180e-03 2.998940186325699188e-04 8.033611638098740260e-04
3.713061960249997018e-02 6.429891912316139380e-03 3.094064640125896619e-04 8.113947754479726568e-04
3.750192579852497377e-02 5.408061243887664869e-03 2.740168014192544458e-04 8.195087232024525015e-04
3.787694505651022225e-02 6.265109088035760582e-03 2.902468201924087539e-04 8.277038104344770688e-04
3.825571450707532239e-02 5.187507278224222362e-03 2.589371025154560760e-04 8.359808485388217289e-04
3.863827165214607506e-02 5.250226125745316268e-03 2.534614181627691865e-04 8.443406570242099505e-04
3.902465436866753290e-02 5.038054757172475903e-03 2.433411588516224214e-04 8.527840635944519557e-04
3.941490091235420878e-02 4.232503389061061452e-03 2.229733540933894376e-04 8.613119042303965262e-04
3.980904992147775434e-02 3.753442283272007476e-03 2.038672316461251788e-04 8.699250232727005153e-04
4.020714042069253868e-02 3.947729323268604242e-03 2.023091326501061675e-04 8.786242735054276658e-04
4.060921182489946046e-02 3.572132970092840691e-03 1.913152586663571667e-04 8.874105162404819381e-04
4.101530394314845812e-02 3.918284415346908953e-03 1.952468637362389926e-04 8.962846214028868420e-04
4.142545698257994735e-02 3.363463899542709981e-03 1.756844201809276294e-04 9.052474676169157582e-04
4.183971155240574780e-02 3.190153987468725971e-03 1.689315530132281054e-04 9.142999422930849591e-04
4.225810866792979736e-02 3.082495050925523547e-03 1.644483941547289648e-04 9.234429417160156190e-04
4.268068975460909131e-02 2.809363667771495703e-03 1.528565886800392192e-04 9.326773711331756526e-04
4.310749665215518611e-02 3.161462226075204864e-03 1.601936846234493651e-04 9.420041448445075653e-04
4.353857161867674685e-02 2.762948703251214954e-03 1.513367584885129803e-04 9.514241862929528285e-04
4.397395733486350600e-02 2.644221576818258940e-03 1.436579360970360918e-04 9.609384281558821074e-04
4.441369690821214689e-02 2.624216224467875672e-03 1.366021186700778784e-04 9.705478124374410966e-04
4.485783387729427168e-02 2.794672657752081315e-03 1.410015698325947663e-04 9.802532905618156506e-04
4.530641221606721003e-02 2.553381686161849962e-03 1.310174981046571666e-04 9.900558234674336662e-04
4.575947633822788352e-02 2.818844198097642927e-03 1.384997615304046708e-04 9.999563817021080506e-04
4.621707110161016319e-02 2.842609267103803333e-03 1.361859795342053867e-04 1.009955945519129018e-03
4.667924181262626815e-02 2.870421825611286538e-03 1.351521677278593619e-04 1.020055504974320569e-03
4.714603423075253152e-02 2.845460191345209385e-03 1.306381749076131920e-04 1.030256060024063638e-03
4.761749457306005406e-02 2.492938248395281005e-03 1.214192827287217930e-04 1.040558620624304357e-03
4.809366951879065488e-02 2.964036140070386034e-03 1.295310766208179840e-04 1.050964206830547415e-03
4.857460621397855643e-02 2.606058537733733915e-03 1.210796499887874136e-04 1.061473848898852749e-03
4.906035227611834498e-02 2.399919119367409544e-03 1.143566053228912049e-04 1.072088587387841178e-03
4.955095579887952573e-02 2.478705465515367891e-03 1.199018590233125279e-04 1.082809473261719642e-03
5.004646535686832487e-02 2.301353244768840952e-03 1.084951677925115988e-04 1.093637567994336845e-03
5.054693001043701617e-02 2.102206323841615977e-03 1.012373688560666010e-04 1.104573943674280398e-03
5.105239931054138258e-02 2.002949329134238923e-03 9.925763932386828868e-05 1.115619683111023245e-03
5.156292330364679183e-02 1.804922655532507003e-03 9.189132027619088144e-05 1.126775879942133263e-03
5.207855253668326745e-02 1.895435288786267687e-03 9.239861297216639792e-05 1.138043638741554698e-03
5.259933806205009665e-02 1.447216370230424527e-03 7.957174136407264462e-05 1.149424075128970338e-03
5.312533144267059942e-02 1.527350423865151113e-03 8.321911230550558386e-05 1.160918315880260033e-03
5.365658475709730868e-02 1.496984314983078063e-03 8.142188479315247342e-05 1.172527499039062709e-03
5.419315060466827622e-02 1.492928758095636750e-03 8.300774876303554210e-05 1.184252774029453167e-03
5.473508211071495544e-02 1.240673848292514437e-03 7.285956911178184507e-05 1.196095301769747746e-03
5.528243293182211193e-02 1.261592443324074464e-03 7.064749451516384715e-05 1.208056254787445369e-03
5.583525726114033083e-02 1.245432521950843750e-03 6.897337970421460874e-05 1.220136817335319788e-03
5.639360983375173858e-02 1.250667406629835067e-03 6.866223842565630784e-05 1.232338185508673016e-03
5.695754593208925132e-02 1.232944578764207924e-03 6.870168384235252783e-05 1.244661567363759694e-03
5.752712139141014092e-02 1.258403981241102646e-03 6.830775557423999676e-05 1.257108183037397141e-03
5.810239260532423788e-02 1.253397134642705033e-03 6.777767148661340859e-05 1.269679264867771065e-03
5.868341653137748581e-02 1.446897940975251434e-03 7.175487315990571144e-05 1.282376057516448854e-03
5.927025069669127066e-02 1.327143659154821683e-03 6.907519170718945530e-05 1.295199818091613466e-03
5.986295320365817713e-02 1.219999705780405947e-03 6.451172480690468684e-05 1.308151816272529622e-03
6.046158273569476188e-02 1.295039886016115726e-03 6.645567285795498118e-05 1.321233334435254880e-03
6.106619856305171151e-02 1.299338602544572539e-03 6.691621653658112691e-05 1.334445667779607511e-03
6.167686054868222467e-02 1.181474167588160212e-03 6.361339786148937541e-05 1.347790124457403553e-03
6.229362915416905566e-02 1.093594340495438518e-03 6.128214480132648800e-05 1.361268025701977769e-03
6.291656544571075371e-02 1.048928423019000874e-03 5.910021662691950037e-05 1.374880705958997622e-03
6.354573110016785431e-02 9.365905014353149852e-04 5.611276866235243775e-05 1.388629513018587412e-03
6.418118841116952911e-02 9.636763136056304040e-04 5.534850855893932428e-05 1.402515808148773174e-03
6.482300029528123564e-02 7.966390413341271209e-04 5.039010976585981669e-05 1.416540966230261153e-03
6.547123029823403995e-02 8.745834859363303031e-04 5.678141794308686093e-05 1.430706375892563725e-03
6.612594260121637535e-02 7.543489905922140049e-04 5.165246047361776548e-05 1.445013439651489243e-03
6.678720202722854271e-02 6.773946221473350600e-04 4.821648840734357424e-05 1.459463574048004263e-03
6.745507404750082647e-02 6.650930420007461529e-04 4.685972783439775185e-05 1.474058209788484206e-03
6.812962478797583710e-02 7.177218035105261762e-04 4.932697419176167213e-05 1.488798791886369139e-03
6.881092103585559339e-02 6.475482630455975256e-04 4.670353570881535105e-05 1.503686779805232712e-03
6.949903024621414960e-02 6.627804657772229640e-04 4.552843596347064823e-05 1.518723647603285052e-03
7.019402054867629470e-02 6.742829043514560325e-04 4.689968519671668660e-05 1.533910884079318091e-03
7.089596075416305931e-02 6.719750980091231726e-04 4.342496603207488676e-05 1.549249992920111304e-03
7.160492036170468255e-02 6.739531072888667318e-04 4.377549903009714586e-05 1.564742492849312185e-03
7.232096956532173271e-02 7.058186130475836012e-04 4.522640248721073223e-05 1.580389917777805329e-03
7.304417926097495073e-02 6.231570632682404158e-04 4.199093501984285182e-05 1.596193816955583352e-03
7.377462105358470468e-02 6.750034471267226657e-04 4.257515426681118326e-05 1.612155755125139383e-03
7.451236726412055478e-02 5.842033345151279901e-04 4.060933256774439056e-05 1.628277312676390878e-03
7.525749093676176171e-02 5.870399638925294069e-04 3.996801057653425783e-05 1.644560085803154718e-03
7.601006584612937655e-02 5.328917004846627512e-04 3.833416510202337083e-05 1.661005686661186148e-03
7.677016650459067559e-02 4.762190317222350297e-04 3.506617402040346042e-05 1.677615743527798280e-03
7.753786816963659234e-02 4.203520475043530207e-04 3.380505507270734598e-05 1.694391900963076450e-03
7.831324685133295160e-02 4.411481148741336821e-04 3.378252579995185307e-05 1.711335819972706947e-03
7.909637931984628278e-02 3.926821902831707225e-04 3.275861732823288517e-05 1.728449178172434229e-03
7.988734311304473978e-02 3.752759779943502186e-04 3.083133507005438148e-05 1.745733669954158303e-03
8.068621654417518219e-02 3.741304171011176666e-04 3.158957992936306145e-05 1.763191006653699834e-03
8.149307870961694511e-02 4.162738708838436001e-04 3.291649277382336156e-05 1.780822916720237094e-03
8.230800949671310263e-02 3.655772410965474166e-04 3.059174910496681774e-05 1.798631145887439253e-03
8.313108959168023782e-02 3.252333315080214136e-04 2.935840459227702522e-05 1.816617457346313570e-03
8.396240048759703867e-02 3.333129238626554819e-04 3.000482866316215658e-05 1.834783631919776692e-03
8.480202449247301044e-02 3.780482844017568882e-04 3.158170742502935106e-05 1.853131468238974552e-03
8.565004473739774860e-02 3.108835949071453810e-04 2.915147084064508378e-05 1.871662782921364523e-03
8.650654518477171595e-02 3.537460467741976311e-04 3.111199751868356080e-05 1.890379410750577839e-03
8.737161063661944005e-02 3.318458544353305312e-04 2.754637753813607908e-05 1.909283204858083956e-03
8.824532674298563029e-02 2.682119328273790590e-04 2.592071207295515122e-05 1.928376036906664665e-03
8.912778001041549159e-02 2.191693805159136341e-04 2.415062294051526312e-05 1.947659797275731351e-03
9.001905781051965094e-02 2.207014633245837367e-04 2.456382600314512276e-05 1.967136395248488857e-03
9.091924838862484870e-02 2.569043311366925211e-04 2.578635109123669051e-05 1.986807759200973512e-03
9.182844087251110232e-02 2.456749028226263166e-04 2.528258590850259558e-05 2.006675836792983728e-03
9.274672528123620308e-02 2.466731997599929315e-04 2.441247031353594891e-05 2.026742595160912954e-03
9.367419253404857260e-02 2.157879501977567123e-04 2.476089110636209737e-05 2.047010021112522470e-03
9.461093445938906221e-02 1.649671047534003387e-04 2.243634109562556381e-05 2.067480121323647755e-03
9.555704380398294395e-02 2.226621124544549178e-04 2.508242941986091144e-05 2.088154922536884176e-03
9.651261424202278727e-02 1.983457163800732628e-04 2.272691298639599333e-05 2.109036471762253291e-03
9.747774038444301237e-02 1.875633844119778827e-04 2.284391907591953451e-05 2.130126836479875798e-03
9.845251778828745248e-02 1.781438906829936597e-04 2.303421667238930308e-05 2.151428104844674543e-03
9.943704296617031368e-02 1.571841477026550025e-04 2.192713191822373575e-05 2.172942385893121033e-03
1.004314133958320171e-01 1.820994251881810156e-04 2.313873917632401877e-05 2.194671809752052338e-03
1.014357275297903260e-01 1.838495800308388782e-04 2.285275827820028817e-05 2.216618527849572706e-03
