2.810177359318865101e-02 1.297919562200160713e-02 8.278348614031464606e-04 6.140924261010678427e-04
2.838279132912053734e-02 1.197519222690251496e-02 7.717603019897000894e-04 6.202333503620785244e-04
2.866661924241174081e-02 1.277952081684067751e-02 7.958023542247599520e-04 6.264356838656992598e-04
2.895328543483586051e-02 1.073265933795407821e-02 6.841759026620560782e-04 6.327000407043563727e-04
2.924281828918421852e-02 1.035053633008971644e-02 6.726666943088239082e-04 6.390270411113998942e-04
2.953524647207605991e-02 9.832582664282581500e-03 6.418240335377162643e-04 6.454173115225138573e-04
2.983059893679682051e-02 9.566866671022324770e-03 6.065282336999444374e-04 6.518714846377389504e-04
3.012890492616479218e-02 8.478544742037900928e-03 5.527134193185392333e-04 6.583901994841164168e-04
3.043019397542644222e-02 8.176445948443170422e-03 5.337643728729375443e-04 6.649741014789576493e-04
3.073449591518070609e-02 7.197804995291001880e-03 4.762939609794315842e-04 6.716238424937472822e-04
3.104184087433251027e-02 7.970232565101603370e-03 5.077193831990140871e-04 6.783400809186846629e-04
3.135225928307583398e-02 6.919973150951672439e-03 4.574270191477276164e-04 6.851234817278715073e-04
3.166578187590659427e-02 7.160789492326776438e-03 4.531269604609460032e-04 6.919747165451501855e-04
3.198243969466565972e-02 7.523530853211916544e-03 4.573091742834128784e-04 6.988944637106017438e-04
3.230226409161231216e-02 7.277246207260643779e-03 4.443117647956469738e-04 7.058834083477076755e-04
3.262528673252844402e-02 7.503906613661712882e-03 4.361108355725096448e-04 7.129422424311848737e-04
3.295153959985372416e-02 6.752901626635370719e-03 3.968546750325735993e-04 7.200716648554966910e-04
3.328105499585226612e-02 7.310659266577966033e-03 4.126663386456686997e-04 7.272723815040517100e-04
3.361386554581079211e-02 6.834641583169124776e-03 3.865193739431109499e-04 7.345451053190922824e-04
3.395000420126889629e-02 6.765465990648621315e-03 3.744884282931149728e-04 7.418905563722831380e-04
3.428950424328158775e-02 7.564089732904494441e-03 4.028384985942864982e-04 7.493094619360060257e-04
3.463239928571439780e-02 7.574713740734755930e-03 3.932614687601335211e-04 7.568025565553660253e-04
3.497872327857154406e-02 7.594579615742204359e-03 3.786403977650064454e-04 7.643705821209197202e-04
3.532851051135725562e-02 7.341075943080581367e-03 3.627408998279803157e-04 7.720142879421288112e-04
3.568179561647083498e-02 7.351245950227154949e-03 3.531228474828681011e-04 7.797344308215502272e-04
3.603861357263554027e-02 6.707912338365548156e-03 3.315425224724133607e-04 7.875317751297656634e-04
3.639899970836189824e-02 7.201079186698419732e-03 3.387747627156133430e-04 7.954070928810633373e-04
3.676298970544551736e-02 6.015319906820373874e-03 3.008287797058985334e-04 8.033611638098740260e-04
3.713061960249997018e-02 6.376459618817285728e-03 3.055840322388288146e-04 8.113947754479726568e-04
3.750192579852497377e-02 6.360167495725798856e-03 2.952586601068589423e-04 8.195087232024525015e-04
3.787694505651022225e-02 5.469818261944618329e-03 2.698146356907396332e-04 8.277038104344770688e-04
3.825571450707532239e-02 5.203491765953168272e-03 2.624368486767523611e-04 8.359808485388217289e-04
3.863827165214607506e-02 5.351101144143015700e-03 2.560046649066191268e-04 8.443406570242099505e-04
3.902465436866753290e-02 4.914220225990938162e-03 2.421589689247351717e-04 8.527840635944519557e-04
3.941490091235420878e-02 4.526111832363335571e-03 2.278210150120453851e-04 8.613119042303965262e-04
3.980904992147775434e-02 4.187855238816025859e-03 2.148498246677524640e-04 8.699250232727005153e-04
4.020714042069253868e-02 4.080649089630492693e-03 2.066304457576813552e-04 8.786242735054276658e-04
4.060921182489946046e-02 3.562333598377776574e-03 1.905846908092711047e-04 8.874105162404819381e-04
4.101530394314845812e-02 3.187512215581835354e-03 1.774657994676726415e-04 8.962846214028868420e-04
4.142545698257994735e-02 3.274870123207576558e-03 1.732349066592713980e-04 9.052474676169157582e-04
4.183971155240574780e-02 3.103803164439281666e-03 1.682897246495242930e-04 9.142999422930849591e-04
4.225810866792979736e-02 2.941004637903042555e-03 1.605295743009960217e-04 9.234429417160156190e-04
4.268068975460909131e-02 3.075587181477015559e-03 1.607915235937298416e-04 9.326773711331756526e-04
4.310749665215518611e-02 2.999951196900124076e-03 1.592830229476458175e-04 9.420041448445075653e-04
4.353857161867674685e-02 2.599940026571440164e-03 1.463815386266927065e-04 9.514241862929528285e-04
4.397395733486350600e-02 3.129674863770315948e-03 1.539643307571827156e-04 9.609384281558821074e-04
4.441369690821214689e-02 2.795297428077190421e-03 1.411292215737737163e-04 9.705478124374410966e-04
4.485783387729427168e-02 2.688028507673238376e-03 1.393214088353673919e-04 9.802532905618156506e-04
4.530641221606721003e-02 2.820101067048954701e-03 1.383420304840156324e-04 9.900558234674336662e-04
4.575947633822788352e-02 2.767382589760689158e-03 1.350419316750752202e-04 9.999563817021080506e-04
4.621707110161016319e-02 2.938990149994145408e-03 1.395854814250299539e-04 1.009955945519129018e-03
4.667924181262626815e-02 2.983142642857729548e-03 1.375435532183167590e-04 1.020055504974320569e-03
4.714603423075253152e-02 2.776476725068248008e-03 1.300123157743106046e-04 1.030256060024063638e-03
4.761749457306005406e-02 2.945004814654899727e-03 1.309048605774054176e-04 1.040558620624304357e-03
4.809366951879065488e-02 2.835955321278382183e-03 1.286339350678659238e-04 1.050964206830547415e-03
4.857460621397855643e-02 2.366705158991898404e-03 1.153396258349860087e-04 1.061473848898852749e-03
4.906035227611834498e-02 2.670794348127759898e-03 1.212692875997406337e-04 1.072088587387841178e-03
4.955095579887952573e-02 2.494402448971675540e-03 1.205136278246253257e-04 1.082809473261719642e-03
5.004646535686832487e-02 2.307476681448087340e-03 1.082738219635327043e-04 1.093637567994336845e-03
5.054693001043701617e-02 2.082082113873045832e-03 1.002299230438165301e-04 1.104573943674280398e-03
5.105239931054138258e-02 1.974685610841322297e-03 9.564012420966570458e-05 1.115619683111023245e-03
5.156292330364679183e-02 1.969493493877286835e-03 9.396729615036011147e-05 1.126775879942133263e-03
5.207855253668326745e-02 1.685495755217707127e-03 8.846535579521859201e-05 1.138043638741554698e-03
5.259933806205009665e-02 1.653062820695207821e-03 8.447238983983170802e-05 1.149424075128970338e-03
5.312533144267059942e-02 1.569823478951534604e-03 8.261575388838477807e-05 1.160918315880260033e-03
5.365658475709730868e-02 1.562939843457474389e-03 8.265418712215746194e-05 1.172527499039062709e-03
5.419315060466827622e-02 1.308074353472241710e-03 7.688911748698581310e-05 1.184252774029453167e-03
5.473508211071495544e-02 1.260631121933642991e-03 7.235186906087252704e-05 1.196095301769747746e-03
5.528243293182211193e-02 1.432450052250586929e-03 7.463533044729048162e-05 1.208056254787445369e-03
5.583525726114033083e-02 1.359127851749247426e-03 7.285681369234247684e-05 1.220136817335319788e-03
5.639360983375173858e-02 1.336484361302050540e-03 7.051220783202969463e-05 1.232338185508673016e-03
5.695754593208925132e-02 1.352647283724177623e-03 7.095456241164570937e-05 1.244661567363759694e-03
5.752712139141014092e-02 1.444381177428513295e-03 7.317559265124951734e-05 1.257108183037397141e-03
5.810239260532423788e-02 1.341540373964897033e-03 7.033941860840297851e-05 1.269679264867771065e-03
5.868341653137748581e-02 1.447409214665279021e-03 7.215159351143686354e-05 1.282376057516448854e-03
5.927025069669127066e-02 1.394522218928559128e-03 7.008956058164177464e-05 1.295199818091613466e-03
5.986295320365817713e-02 1.338775064737596958e-03 6.809549309235372308e-05 1.308151816272529622e-03
6.046158273569476188e-02 1.288553833724304229e-03 6.578263839073063355e-05 1.321233334435254880e-03
6.106619856305171151e-02 1.251227218770672740e-03 6.829160031660354323e-05 1.334445667779607511e-03
6.167686054868222467e-02 1.233982620330397514e-03 6.355134633113811344e-05 1.347790124457403553e-03
6.229362915416905566e-02 1.057055815015157897e-03 5.915817417549342351e-05 1.361268025701977769e-03
6.291656544571075371e-02 9.819823259058133545e-04 5.769957922270978483e-05 1.374880705958997622e-03
6.354573110016785431e-02 1.031272008229349672e-03 5.709634197991880620e-05 1.388629513018587412e-03
6.418118841116952911e-02 9.743606984073268328e-04 5.629680461897661447e-05 1.402515808148773174e-03
6.482300029528123564e-02 8.734123031417187098e-04 5.423477445643014116e-05 1.416540966230261153e-03
6.547123029823403995e-02 8.566568261503133266e-04 5.552452289717287309e-05 1.430706375892563725e-03
6.612594260121637535e-02 6.932790178335363927e-04 5.050217929683943185e-05 1.445013439651489243e-03
6.678720202722854271e-02 8.026709543435359574e-04 5.166668955786563088e-05 1.459463574048004263e-03
6.745507404750082647e-02 7.261146808949999224e-04 4.855732292171495819e-05 1.474058209788484206e-03
6.812962478797583710e-02 7.402455070278312309e-04 4.769904169351009990e-05 1.488798791886369139e-03
6.881092103585559339e-02 6.667672825169784203e-04 4.840710679508336881e-05 1.503686779805232712e-03
6.949903024621414960e-02 6.785588224461876553e-04 4.514562658736890677e-05 1.518723647603285052e-03
7.019402054867629470e-02 6.762412816278965191e-04 4.675252000598963906e-05 1.533910884079318091e-03
7.089596075416305931e-02 7.583307745578860221e-04 4.689659366750752780e-05 1.549249992920111304e-03
7.160492036170468255e-02 6.635967819996713103e-04 4.399858641420757228e-05 1.564742492849312185e-03
7.232096956532173271e-02 6.680977222701774609e-04 4.589181062362227535e-05 1.580389917777805329e-03
7.304417926097495073e-02 6.576958793538186269e-04 4.292589491484125373e-05 1.596193816955583352e-03
7.377462105358470468e-02 6.582746195833992682e-04 4.336302651276042992e-05 1.612155755125139383e-03
7.451236726412055478e-02 7.025292227549848360e-04 4.327448773871294915e-05 1.628277312676390878e-03
7.525749093676176171e-02 6.103970853981057322e-04 4.108861218177257025e-05 1.644560085803154718e-03
7.601006584612937655e-02 4.573549206232088910e-04 3.590612195849465901e-05 1.661005686661186148e-03
7.677016650459067559e-02 4.472215269951773479e-04 3.460855820104528707e-05 1.677615743527798280e-03
7.753786816963659234e-02 4.269970010470817241e-04 3.361610093073541994e-05 1.694391900963076450e-03
7.831324685133295160e-02 4.396134650323788094e-04 3.343967329327177877e-05 1.711335819972706947e-03
7.909637931984628278e-02 3.936561098215004585e-04 3.233552831206701475e-05 1.728449178172434229e-03
7.988734311304473978e-02 3.794222305846811508e-04 3.350183764379901916e-05 1.745733669954158303e-03
8.068621654417518219e-02 3.769481448940830023e-04 3.209710442832460430e-05 1.763191006653699834e-03
8.149307870961694511e-02 4.085898828809992125e-04 3.381792448171639802e-05 1.780822916720237094e-03
8.230800949671310263e-02 3.092874225553415152e-04 2.942908283752969153e-05 1.798631145887439253e-03
8.313108959168023782e-02 3.644073031609555095e-04 3.124816008638164037e-05 1.816617457346313570e-03
8.396240048759703867e-02 4.024166244195392993e-04 3.160467351703229774e-05 1.834783631919776692e-03
8.480202449247301044e-02 4.012682551779646225e-04 3.123912057593460285e-05 1.853131468238974552e-03
8.565004473739774860e-02 3.517129883143439478e-04 3.054579970955037782e-05 1.871662782921364523e-03
8.650654518477171595e-02 3.264749083432086927e-04 2.934175093349215220e-05 1.890379410750577839e-03
8.737161063661944005e-02 2.780009328602457371e-04 2.697673460177351900e-05 1.909283204858083956e-03
8.824532674298563029e-02 2.720035119530203323e-04 2.562769221035754932e-05 1.928376036906664665e-03
8.912778001041549159e-02 2.498265657233753479e-04 2.532508813380971441e-05 1.947659797275731351e-03
9.001905781051965094e-02 2.383710214029946908e-04 2.497666535550399888e-05 1.967136395248488857e-03
9.091924838862484870e-02 2.347591467380411446e-04 2.481060538957677783e-05 1.986807759200973512e-03
9.182844087251110232e-02 2.757096164462355414e-04 2.506372079136637900e-05 2.006675836792983728e-03
9.274672528123620308e-02 1.865957368517074018e-04 2.370981157790078941e-05 2.026742595160912954e-03
9.367419253404857260e-02 1.899086326066127899e-04 2.583836752756288671e-05 2.047010021112522470e-03
9.461093445938906221e-02 2.075014280326300826e-04 2.617664451321598178e-05 2.067480121323647755e-03
9.555704380398294395e-02 2.058937948045282791e-04 2.465782714955332318e-05 2.088154922536884176e-03
9.651261424202278727e-02 2.251360990635091800e-04 2.576896349850927310e-05 2.109036471762253291e-03
9.747774038444301237e-02 2.239450463433004517e-04 2.522317714515406403e-05 2.130126836479875798e-03
9.845251778828745248e-02 2.092783326593991567e-04 2.401275831570962003e-05 2.151428104844674543e-03
9.943704296617031368e-02 1.904741628849449182e-04 2.305716197344128139e-05 2.172942385893121033e-03
1.004314133958320171e-01 1.770431985138430783e-04 2.210936963187599817e-05 2.194671809752052338e-03
1.014357275297903260e-01 1.516141894804165209e-04 2.091110120743068431e-05 2.216618527849572706e-03
