# Experiment IPTS-36897 Run 226619
# Reduction 2.9.0rc3
# Run title: sample3_nitrogen_50_nm_cu_-0.9_V_ref-226619-1.
# Run start time: 2026-03-29T09:24:32.643733667
# Reduction time: Sun Mar 29 05:29:21 2026
# Q summing: False
# TOF weighted: False
# Bck in Q: False
# Theta offset: 0.0
# Stitching type: None
# DataRun   NormRun   TwoTheta(deg)  LambdaMin(A)   LambdaMax(A) Qmin(1/A)    Qmax(1/A)    SF_A         SF_B          SF
# 226619    226559    0.739463       2.74975        9.4987       0.0085       0.0294       4.0          0            1.0         
# 226620    226560    2.40028        2.74978        9.49867      0.0277       0.0957       25.0         0            1.0         
# 226621    226561    6.99978        2.74977        9.49868      0.0807       0.2789       196.0        0            1.0         
# Q [1/Angstrom]        R                     dR                    dQ [FWHM]            
  0.0085471828233962    0.3760781435095186    0.4337853562320177    0.0001847719220052
  0.0085899187375132    0.8521748550267411    0.0592317318866127    0.0001856957816153
  0.0086328683312008    0.8003484793683229    0.0521377277770049    0.0001866242605233
  0.0086760326728568    0.8731917354340254    0.0578547445953935    0.0001875573818259
  0.0087194128362210    0.7608027159159506    0.0475129094410556    0.0001884951687351
  0.0087630099004021    0.8176115840724106    0.0529922334039412    0.0001894376445788
  0.0088068249499042    0.8341886424894306    0.0531252187492651    0.0001903848328016
  0.0088508590746537    0.7960907997080634    0.0493929547988406    0.0001913367569657
  0.0088951133700269    0.7834224272079657    0.0488251421080296    0.0001922934407505
  0.0089395889368771    0.8493148773446533    0.0523841060859555    0.0001932549079542
  0.0089842868815615    0.7726317611019050    0.0460784544810091    0.0001942211824940
  0.0090292083159693    0.8316909089421317    0.0492037547738493    0.0001951922884065
  0.0090743543575491    0.8913142524088372    0.0549875007635404    0.0001961682498485
  0.0091197261293369    0.8373502664000070    0.0499011899393770    0.0001971490910978
  0.0091653247599835    0.9469407903722276    0.0585022740059231    0.0001981348365532
  0.0092111513837835    0.7315524222897237    0.0402979131898423    0.0001991255107360
  0.0092572071407024    0.9077344164521127    0.0539828475013893    0.0002001211382897
  0.0093034931764059    0.9499463697890085    0.0570590951539128    0.0002011217439811
  0.0093500106422879    0.9070775427560045    0.0508666106900151    0.0002021273527010
  0.0093967606954993    0.8908450485602337    0.0486774656184270    0.0002031379894645
  0.0094437444989768    0.7828369275830188    0.0412297801136730    0.0002041536794119
  0.0094909632214717    0.8600909923291624    0.0466691458885967    0.0002051744478089
  0.0095384180375791    0.7768262496457620    0.0403951190423923    0.0002062003200480
  0.0095861101277670    0.7941728909473416    0.0401672865229455    0.0002072313216482
  0.0096340406784058    0.8392821595814244    0.0437319938503800    0.0002082674782565
  0.0096822108817978    0.8087329085469482    0.0401508864078070    0.0002093088156477
  0.0097306219362068    0.8394427500765033    0.0420283900608199    0.0002103553597260
  0.0097792750458879    0.8898083703522649    0.0459720000744534    0.0002114071365246
  0.0098281714211173    0.8243106159496995    0.0410031386097666    0.0002124641722072
  0.0098773122782229    0.8505229976967604    0.0419504024191351    0.0002135264930683
  0.0099266988396140    0.8624618995239675    0.0417082974584573    0.0002145941255336
  0.0099763323338121    0.9248534403406075    0.0464295459970714    0.0002156670961613
  0.0100262139954811    0.8461255757500811    0.0398375756487237    0.0002167454316421
  0.0100763450654585    0.8288286796461855    0.0386263196753734    0.0002178291588003
  0.0101267267907858    0.9312258820711390    0.0450492456915018    0.0002189183045943
  0.0101773604247398    0.8360458114566856    0.0380459440590362    0.0002200128961173
  0.0102282472268634    0.7587776755548177    0.0331967349380594    0.0002211129605978
  0.0102793884629978    0.8079868452434299    0.0354905278381568    0.0002222185254008
  0.0103307854053128    0.8504436639651520    0.0381735589972612    0.0002233296180278
  0.0103824393323393    0.8486381277945135    0.0373132788203528    0.0002244462661180
  0.0104343515290010    0.8383304405929088    0.0363975285142979    0.0002255684974486
  0.0104865232866460    0.8337436926807082    0.0352090840502464    0.0002266963399358
  0.0105389559030792    0.8626793457418382    0.0371657470615097    0.0002278298216355
  0.0105916506825946    0.8025386631543244    0.0334809673514945    0.0002289689707437
  0.0106446089360076    0.9157989747429210    0.0388389244951641    0.0002301138155974
  0.0106978319806876    0.7840706809848793    0.0313837180239650    0.0002312643846754
  0.0107513211405911    0.8034025636327954    0.0319251076718191    0.0002324207065988
  0.0108050777462940    0.7828455889780516    0.0309925958124396    0.0002335828101317
  0.0108591031350255    0.7592220094721005    0.0293317929489680    0.0002347507241824
  0.0109133986507006    0.8321017328068899    0.0327154921683777    0.0002359244778033
  0.0109679656439541    0.8719258202349434    0.0347484892942947    0.0002371041001923
  0.0110228054721739    0.8438389990405369    0.0325362362812805    0.0002382896206933
  0.0110779194995348    0.8604097655462605    0.0331104254862152    0.0002394810687968
  0.0111333090970324    0.8600267261122818    0.0325468182050150    0.0002406784741407
  0.0111889756425176    0.8312218659808160    0.0309433573732180    0.0002418818665114
  0.0112449205207302    0.8334912245949240    0.0307443448255671    0.0002430912758440
  0.0113011451233338    0.8737495930298265    0.0326369525881397    0.0002443067322232
  0.0113576508489505    0.8077154426963286    0.0289661647493389    0.0002455282658843
  0.0114144391031953    0.8177392691836292    0.0289882478585159    0.0002467559072138
  0.0114715112987112    0.7981955853874648    0.0278252807262796    0.0002479896867498
  0.0115288688552048    0.8108705402211929    0.0283708226804622    0.0002492296351836
  0.0115865131994808    0.8127997793287566    0.0279854470464489    0.0002504757833595
  0.0116444457654782    0.8102172827076267    0.0276438523371461    0.0002517281622763
  0.0117026679943056    0.8224509226279402    0.0275717272753796    0.0002529868030877
  0.0117611813342771    0.8006361125471166    0.0265716758833416    0.0002542517371031
  0.0118199872409485    0.8444168693637578    0.0284705539684309    0.0002555229957886
  0.0118790871771533    0.8075001384879931    0.0265024494006671    0.0002568006107676
  0.0119384826130390    0.7674877718412897    0.0242728613674603    0.0002580846138214
  0.0119981750261042    0.7903325432608893    0.0249232430337994    0.0002593750368905
  0.0120581659012347    0.8198209192810657    0.0256887185833966    0.0002606719120750
  0.0121184567307409    0.7834059000093886    0.0247494869572849    0.0002619752716353
  0.0121790490143946    0.8196543044516741    0.0258471430859477    0.0002632851479935
  0.0122399442594666    0.8038538462021954    0.0245148513053282    0.0002646015737335
  0.0123011439807639    0.7658059384350275    0.0229665152579631    0.0002659245816022
  0.0123626497006677    0.8603035988771487    0.0266263973201481    0.0002672542045102
  0.0124244629491711    0.8174952780732300    0.0246144464030595    0.0002685904755327
  0.0124865852639169    0.7599819663414306    0.0220812547119850    0.0002699334279104
  0.0125490181902365    0.7737441536064619    0.0220587643020299    0.0002712830950499
  0.0126117632811877    0.8375001727048356    0.0247501334141833    0.0002726395105252
  0.0126748220975936    0.8375699824787149    0.0245216999034531    0.0002740027080778
  0.0127381962080816    0.8405975499732415    0.0244538146911146    0.0002753727216182
  0.0128018871891220    0.8537548419749835    0.0249775075068485    0.0002767495852263
  0.0128658966250676    0.8100048084883528    0.0228171849546493    0.0002781333331524
  0.0129302261081930    0.7998121611197694    0.0222825283394465    0.0002795239998182
  0.0129948772387339    0.8322345177341183    0.0233000450981952    0.0002809216198173
  0.0130598516249276    0.7782312589100077    0.0211038164920227    0.0002823262279164
  0.0131251508830522    0.8479656928133346    0.0232770959862522    0.0002837378590559
  0.0131907766374675    0.8267871713155992    0.0224573790494882    0.0002851565483512
  0.0132567305206548    0.8051102458803706    0.0214054686297706    0.0002865823310930
  0.0133230141732581    0.8077613682751394    0.0213625384967982    0.0002880152427484
  0.0133896292441244    0.8001718374001264    0.0211174769654295    0.0002894553189622
  0.0134565773903450    0.7913830972167170    0.0206652268494998    0.0002909025955570
  0.0135238602772967    0.8123136455198351    0.0212931711263229    0.0002923571085348
  0.0135914795786832    0.8146877897065741    0.0210888931056726    0.0002938188940775
  0.0136594369765766    0.8152639171237763    0.0209642157676697    0.0002952879885478
  0.0137277341614595    0.7602160421036351    0.0188403266696544    0.0002967644284906
  0.0137963728322668    0.7744922553113878    0.0194821792264965    0.0002982482506330
  0.0138653546964281    0.7737897974720950    0.0192453160604891    0.0002997394918862
  0.0139346814699103    0.7642478912218920    0.0187501523702592    0.0003012381893456
  0.0140043548772598    0.7537576918896065    0.0183527585471906    0.0003027443802924
  0.0140743766516461    0.7239113213427895    0.0173382199082311    0.0003042581021938
  0.0141447485349043    0.6999149995171339    0.0165513161744534    0.0003057793927048
  0.0142154722775789    0.6897521519620222    0.0162429499328029    0.0003073082896683
  0.0142865496389668    0.6853175988304423    0.0159678476894418    0.0003088448311167
  0.0143579823871616    0.6731116712608159    0.0158547345418334    0.0003103890552722
  0.0144297722990974    0.6635150605371303    0.0154464803608963    0.0003119410005486
  0.0145019211605929    0.6406496532771081    0.0147744701350264    0.0003135007055513
  0.0145744307663958    0.6482806446573544    0.0151087763850328    0.0003150682090791
  0.0146473029202278    0.5936785113702833    0.0135699952307180    0.0003166435501245
  0.0147205394348290    0.6133813016106476    0.0141205244216240    0.0003182267678751
  0.0147941421320031    0.5825251429892386    0.0132366965609541    0.0003198179017145
  0.0148681128426631    0.5628957222528110    0.0127994613078555    0.0003214169912231
  0.0149424534068764    0.5463361542330754    0.0124820751299819    0.0003230240761792
  0.0150171656739108    0.5000968323645804    0.0111685815109411    0.0003246391965601
  0.0150922515022804    0.4917584808873363    0.0111958836050657    0.0003262623925429
  0.0151677127597918    0.4957621693173919    0.0116278443292461    0.0003278937045056
  0.0152435513235907    0.4626306851857575    0.0109197169159605    0.0003295331730281
  0.0153197690802087    0.4404056023005744    0.0098381888131812    0.0003311808388933
  0.0153963679256097    0.4176130738244318    0.0090849981890447    0.0003328367430877
  0.0154733497652378    0.4086013797338291    0.0089163638897611    0.0003345009268032
  0.0155507165140639    0.4014018522637149    0.0088446873926411    0.0003361734314372
  0.0156284700966343    0.3732613299421825    0.0081442422712836    0.0003378542985944
  0.0157066124471174    0.3493027073572110    0.0075942726607143    0.0003395435700873
  0.0157851455093530    0.3191947118501379    0.0069773433328058    0.0003412412879378
  0.0158640712368998    0.2908025418125967    0.0063936227868542    0.0003429474943775
  0.0159433915930843    0.3086913826676220    0.0068324265823881    0.0003446622318494
  0.0160231085510497    0.2840358297534774    0.0062107869421230    0.0003463855430086
  0.0161032240938049    0.2954067293846211    0.0064487701426409    0.0003481174707236
  0.0161837402142740    0.2819776534524454    0.0060667340809911    0.0003498580580773
  0.0162646589153453    0.2810407562828705    0.0060995688916174    0.0003516073483676
  0.0163459822099221    0.2779706511585455    0.0060971419767647    0.0003533653851095
  0.0164277121209717    0.2533957207196061    0.0054980772863108    0.0003551322120350
  0.0165098506815765    0.2425171368777989    0.0053308579221349    0.0003569078730952
  0.0165923999349844    0.2407846955596094    0.0054415900147667    0.0003586924124607
  0.0166753619346593    0.2283979206113831    0.0051781791557506    0.0003604858745230
  0.0167587387443326    0.2197036246070979    0.0047191758876240    0.0003622883038956
  0.0168425324380543    0.2157237214893079    0.0045891551334405    0.0003640997454151
  0.0169267451002446    0.1987694728801646    0.0042219820329175    0.0003659202441422
  0.0170113788257458    0.1997564142817349    0.0042270832841723    0.0003677498453629
  0.0170964357198745    0.1924174703845498    0.0040878171541143    0.0003695885945897
  0.0171819178984739    0.1887281206322979    0.0040373550447920    0.0003714365375626
  0.0172678274879662    0.1853341060195062    0.0039922846059213    0.0003732937202504
  0.0173541666254061    0.1782341467813555    0.0038254442218222    0.0003751601888517
  0.0174409374585331    0.1707939500074390    0.0037094261468705    0.0003770359897960
  0.0175281421458258    0.1671650789729653    0.0036599647119486    0.0003789211697449
  0.0176157828565549    0.1640228197439017    0.0035874561079952    0.0003808157755937
  0.0177038617708377    0.1628327496389239    0.0035971871552395    0.0003827198544716
  0.0177923810796918    0.1462732669427879    0.0031840680572316    0.0003846334537440
  0.0178813429850903    0.1489655834056100    0.0032446621568760    0.0003865566210127
  0.0179707497000158    0.1471202015507642    0.0032300132264399    0.0003884894041178
  0.0180606034485158    0.1401671806415271    0.0030776991932472    0.0003904318511384
  0.0181509064657584    0.1377995613069175    0.0030586997182040    0.0003923840103940
  0.0182416609980872    0.1274312277038314    0.0028054042387973    0.0003943459304460
  0.0183328693030776    0.1282109044366111    0.0028272925978951    0.0003963176600982
  0.0184245336495930    0.1251853197334918    0.0028047673723473    0.0003982992483987
  0.0185166563178410    0.1233102436448079    0.0027436197871752    0.0004002907446407
  0.0186092395994302    0.1263520185881789    0.0028236496035350    0.0004022921983639
  0.0187022857974273    0.1162410672645973    0.0025964872190718    0.0004043036593558
  0.0187957972264145    0.1099254890642131    0.0024894805063000    0.0004063251776525
  0.0188897762125465    0.1111349467221472    0.0025070378981354    0.0004083568035408
  0.0189842250936093    0.1074178332361226    0.0024338313431231    0.0004103985875585
  0.0190791462190773    0.1074593625394900    0.0024430020667722    0.0004124505804963
  0.0191745419501727    0.1017227795655337    0.0023370922951150    0.0004145128333988
  0.0192704146599236    0.0976209771868122    0.0022260337176612    0.0004165853975658
  0.0193667667332232    0.0941789653729817    0.0021863830520841    0.0004186683245536
  0.0194636005668893    0.0944656184130477    0.0021910037933422    0.0004207616661764
  0.0195609185697237    0.0905068162640372    0.0021097361691133    0.0004228654745072
  0.0196587231625724    0.0847407292243640    0.0020213459550806    0.0004249798018798
  0.0197570167783852    0.0824635132726553    0.0019641880693883    0.0004271047008892
  0.0198558018622771    0.0838351955359018    0.0020154765020059    0.0004292402243936
  0.0199550808715885    0.0790656575492535    0.0019219654331569    0.0004313864255156
  0.0200548562759465    0.0803538096406352    0.0020036317799863    0.0004335433576432
  0.0201551305573262    0.0774924958984106    0.0019863422991082    0.0004357110744314
  0.0202559062101128    0.0767854983985096    0.0019804242150163    0.0004378896298035
  0.0203571857411634    0.0715238365976387    0.0018569013204516    0.0004400790779526
  0.0204589716698692    0.0727583697432927    0.0018583157093606    0.0004422794733423
  0.0205612665282185    0.0718468759786325    0.0018436343756143    0.0004444908707090
  0.0206640728608596    0.0683924775008264    0.0017518677289091    0.0004467133250626
  0.0207673932251639    0.0644273349778076    0.0016751279469082    0.0004489468916879
  0.0208712301912897    0.0615212821592097    0.0016003884506672    0.0004511916261463
  0.0209755863422462    0.0624867931789390    0.0016452690118971    0.0004534475842771
  0.0210804642739574    0.0598236607692695    0.0015788263302510    0.0004557148221985
  0.0211858665953272    0.0586555869880018    0.0015277519915000    0.0004579933963094
  0.0212917959283038    0.0568910481506660    0.0014966107747692    0.0004602833632910
  0.0213982549079454    0.0543628923083340    0.0014433026299369    0.0004625847801074
  0.0215052461824851    0.0544102342376411    0.0014340539421746    0.0004648977040080
  0.0216127724133975    0.0502286286961138    0.0013439875284168    0.0004672221925280
  0.0217208362754645    0.0494760338319946    0.0013078352031892    0.0004695583034907
  0.0218294404568418    0.0480908262766046    0.0012908801268941    0.0004719060950081
  0.0219385876591260    0.0465840724362624    0.0012621112514908    0.0004742656254832
  0.0220482805974216    0.0446940143410942    0.0012185907570272    0.0004766369536106
  0.0221585220004087    0.0426944397381007    0.0011883550743049    0.0004790201383786
  0.0222693146104108    0.0414055576111567    0.0011449082382049    0.0004814152390705
  0.0223806611834628    0.0409837893389834    0.0011514806490960    0.0004838223152659
  0.0224925644893802    0.0401016912165236    0.0011364579163922    0.0004862414268422
  0.0226050273118271    0.0410061565300824    0.0011494271664239    0.0004886726339764
  0.0227180524483862    0.0390141805957038    0.0011032489274393    0.0004911159971463
  0.0228316427106281    0.0361679509985447    0.0010538269982998    0.0004935715771320
  0.0229458009241813    0.0369151542974655    0.0010586123348227    0.0004960394350177
  0.0230605299288022    0.0353104605724085    0.0010294794065824    0.0004985196321928
  0.0231758325784462    0.0337551483130843    0.0010035806946438    0.0005010122303537
  0.0232917117413384    0.0318341929926449    0.0009451012728380    0.0005035172915055
  0.0234081703000451    0.0319499990947867    0.0009529780118201    0.0005060348779630
  0.0235252111515453    0.0324215967210174    0.0009563435746888    0.0005085650523529
  0.0236428372073030    0.0291121801324070    0.0008966895404266    0.0005111078776146
  0.0237610513933395    0.0303348145595714    0.0009186801649245    0.0005136634170027
  0.0238798566503062    0.0277615312380699    0.0008615852616794    0.0005162317340877
  0.0239992559335578    0.0289230438827388    0.0008841057346199    0.0005188128927581
  0.0241192522132255    0.0265292834016125    0.0008354389064662    0.0005214069572219
  0.0242398484742917    0.0247001719582580    0.0008004521670120    0.0005240139920080
  0.0243610477166631    0.0258100143505278    0.0008250494657349    0.0005266340619681
  0.0244828529552464    0.0237950310165269    0.0007701999380702    0.0005292672322779
  0.0246052672200227    0.0245372125342620    0.0007910323524863    0.0005319135684393
  0.0247282935561228    0.0239156201409855    0.0007731345215040    0.0005345731362815
  0.0248519350239034    0.0233164493037961    0.0007595749517555    0.0005372460019629
  0.0249761946990229    0.0209617453716627    0.0007132247175658    0.0005399322319727
  0.0251010756725180    0.0196623405463036    0.0006888059631704    0.0005426318931326
  0.0252265810508806    0.0213193807228068    0.0007183249516941    0.0005453450525983
  0.0253527139561350    0.0208764330837237    0.0007107461680807    0.0005480717778612
  0.0254794775259157    0.0188827433372564    0.0006602273752626    0.0005508121367506
  0.0256068749135453    0.0195983885367743    0.0006825774519266    0.0005535661974343
  0.0257349092881130    0.0184545086084847    0.0006593910671647    0.0005563340284215
  0.0258635838345535    0.0175831196326611    0.0006292289297774    0.0005591156985636
  0.0259929017537263    0.0176485371380728    0.0006278057433379    0.0005619112770564
  0.0261228662624949    0.0175885691852521    0.0006308208260944    0.0005647208334417
  0.0262534805938074    0.0173060222624128    0.0006183136424533    0.0005675444376089
  0.0263847479967764    0.0166287880643923    0.0006147676506855    0.0005703821597969
  0.0265166717367603    0.0157698895109812    0.0005910909792038    0.0005732340705959
  0.0266492550954441    0.0168251382265915    0.0006132514649364    0.0005761002409489
  0.0267825013709213    0.0162217640670249    0.0005946395814978    0.0005789807421536
  0.0269164138777759    0.0153787687353530    0.0005812066437083    0.0005818756458644
  0.0270509959471648    0.0157287192866951    0.0005829431754991    0.0005847850240937
  0.0271862509269006    0.0160121246364498    0.0005914941502911    0.0005877089492142
  0.0273221821815351    0.0157078021082002    0.0005868477826862    0.0005906474939603
  0.0274587930924428    0.0140167284706576    0.0005503883737223    0.0005936007314301
  0.0275960870579050    0.0147337663862987    0.0005705381242924    0.0005965687350872
  0.0277340674931945    0.0149813559608865    0.0005714838158906    0.0005995515787627
  0.0278727378306605    0.0133353801030988    0.0005365049295000    0.0006025493366565
  0.0280121015198138    0.0135551220992068    0.0005433795805734    0.0006055620833398
  0.0280121015198138    0.0138881195576366    0.0008693708780256    0.0006139058917357
  0.0281521620274129    0.0132431007892052    0.0008030813985100    0.0006169754211944
  0.0281521620274129    0.0125096608599844    0.0005122043318854    0.0006085898937565
  0.0282929228375499    0.0132941708154708    0.0005429874820474    0.0006116328432252
  0.0282929228375499    0.0134481949477697    0.0008025477408562    0.0006200602983004
  0.0284343874517377    0.0134439420533214    0.0005536355738649    0.0006146910074414
  0.0284343874517377    0.0130318334656397    0.0007685399108703    0.0006231605997919
  0.0285765593889964    0.0141813966777703    0.0008319055134517    0.0006262764027908
  0.0285765593889964    0.0138844878846860    0.0005657913457011    0.0006177644624786
  0.0287194421859414    0.0121679996853964    0.0005323193035480    0.0006208532847910
  0.0287194421859414    0.0129006784889129    0.0007609036053829    0.0006294077848048
  0.0288630393968711    0.0121869971683291    0.0007159112192288    0.0006325548237288
  0.0288630393968711    0.0134107140895142    0.0005509230531504    0.0006239575512149
  0.0290073545938554    0.0127618709961831    0.0007573584276217    0.0006357175978475
  0.0290073545938554    0.0129285868963902    0.0005285191585016    0.0006270773389710
  0.0291523913668247    0.0128816225597406    0.0005305753444968    0.0006302127256658
  0.0291523913668247    0.0131785696547275    0.0007613501198056    0.0006388961858367
  0.0292981533236588    0.0123836997211630    0.0007042717964019    0.0006420906667659
  0.0292981533236588    0.0128399134457807    0.0005271694471386    0.0006333637892942
  0.0294446440902771    0.0124680547646100    0.0006959134528694    0.0006453011200997
  0.0295918673107285    0.0124589955188056    0.0006847025710783    0.0006485276257002
  0.0297398266472821    0.0125893963071594    0.0006740777553741    0.0006517702638287
  0.0298885257805185    0.0121127570405073    0.0006640141332153    0.0006550291151479
  0.0300379684094211    0.0123265305560282    0.0006572664009355    0.0006583042607236
  0.0301881582514682    0.0122287705572532    0.0006481579653915    0.0006615957820272
  0.0303390990427256    0.0122114229608847    0.0006542572647201    0.0006649037609373
  0.0304907945379392    0.0117246285332346    0.0006117339396483    0.0006682282797420
  0.0306432485106289    0.0120253434635967    0.0006350484329596    0.0006715694211407
  0.0307964647531820    0.0113705357989214    0.0005745164463691    0.0006749272682464
  0.0309504470769479    0.0123450078660152    0.0006264572358130    0.0006783019045877
  0.0311051993123327    0.0104199046574438    0.0005179184179338    0.0006816934141106
  0.0312607253088943    0.0113829584981227    0.0005744799576348    0.0006851018811812
  0.0314170289354388    0.0111696132747864    0.0005621533740931    0.0006885273905871
  0.0315741140801160    0.0109848233380796    0.0005367652089079    0.0006919700275400
  0.0317319846505165    0.0110958204667930    0.0005338354845086    0.0006954298776777
  0.0318906445737691    0.0109713671048198    0.0005366216437041    0.0006989070270661
  0.0320500977966380    0.0113130694405041    0.0005540823433357    0.0007024015622014
  0.0322103482856212    0.0098724677446033    0.0004733714485172    0.0007059135700124
  0.0323714000270493    0.0108956853053277    0.0005126217736743    0.0007094431378625
  0.0325332570271845    0.0094301901591753    0.0004396694689204    0.0007129903535518
  0.0326959233123204    0.0096206314632767    0.0004574773784349    0.0007165553053196
  0.0328594029288820    0.0098296171182886    0.0004603423250173    0.0007201380818462
  0.0330236999435264    0.0085641772868266    0.0003944768380978    0.0007237387722554
  0.0331888184432441    0.0089003468295091    0.0004052128794105    0.0007273574661167
  0.0333547625354603    0.0095886456120966    0.0004277272665682    0.0007309942534473
  0.0335215363481376    0.0084816568630078    0.0003873827644771    0.0007346492247145
  0.0336891440298783    0.0089033964095279    0.0004046262368532    0.0007383224708381
  0.0338575897500276    0.0089077214619366    0.0003938873663220    0.0007420140831923
  0.0340268776987778    0.0087604426364817    0.0003882811607245    0.0007457241536082
  0.0341970120872717    0.0084625181306286    0.0003767043851531    0.0007494527743763
  0.0343679971477080    0.0079410587118687    0.0003457177357212    0.0007532000382481
  0.0345398371334466    0.0077211031512307    0.0003428782371119    0.0007569660384394
  0.0347125363191138    0.0082375219660987    0.0003534913845656    0.0007607508686316
  0.0348860990007094    0.0077022330275602    0.0003297894904822    0.0007645546229747
  0.0350605294957129    0.0077271483758357    0.0003383295235252    0.0007683773960896
  0.0352358321431915    0.0070316441053725    0.0003036531918216    0.0007722192830701
  0.0354120113039074    0.0071065263388818    0.0003006765033921    0.0007760803794854
  0.0355890713604269    0.0069579951087396    0.0002999529377111    0.0007799607813828
  0.0357670167172291    0.0062158254472691    0.0002701590647137    0.0007838605852898
  0.0359458518008152    0.0064023002276260    0.0002741891088151    0.0007877798882162
  0.0361255810598193    0.0063888422995298    0.0002717329799887    0.0007917187876573
  0.0363062089651184    0.0057007723611882    0.0002445519359723    0.0007956773815956
  0.0364877400099440    0.0055184812257438    0.0002313980138139    0.0007996557685035
  0.0366701787099937    0.0059998533586482    0.0002540570202607    0.0008036540473461
  0.0368535296035436    0.0057617778209230    0.0002420597546582    0.0008076723175828
  0.0370377972515614    0.0050606531662518    0.0002130197644946    0.0008117106791707
  0.0372229862378192    0.0051969262407350    0.0002195427307018    0.0008157692325666
  0.0374091011690083    0.0050910979918739    0.0002107685980201    0.0008198480787294
  0.0375961466748533    0.0054346869136173    0.0002256119307459    0.0008239473191230
  0.0377841274082275    0.0047117375830685    0.0001948296265426    0.0008280670557187
  0.0379730480452687    0.0051445117265171    0.0002089953583499    0.0008322073909972
  0.0381629132854950    0.0047482843253353    0.0001956595877834    0.0008363684279522
  0.0383537278519225    0.0047565204584180    0.0002003984030385    0.0008405502700920
  0.0385454964911821    0.0042527113104234    0.0001737782367367    0.0008447530214425
  0.0387382239736380    0.0043502088904932    0.0001811168852608    0.0008489767865497
  0.0389319150935062    0.0043914993898773    0.0001817893195063    0.0008532216704824
  0.0391265746689737    0.0040350847889479    0.0001660973731201    0.0008574877788348
  0.0393222075423186    0.0043093169832212    0.0001765828117071    0.0008617752177290
  0.0395188185800302    0.0038234587810531    0.0001589429852079    0.0008660840938176
  0.0397164126729303    0.0037619552908954    0.0001534751536796    0.0008704145142867
  0.0399149947362950    0.0038467545668403    0.0001541492429541    0.0008747665868582
  0.0401145697099764    0.0039011016435911    0.0001578264567594    0.0008791404197925
  0.0403151425585263    0.0039375295584865    0.0001561491085444    0.0008835361218914
  0.0405167182713189    0.0037265506196404    0.0001477234296653    0.0008879538025009
  0.0407193018626755    0.0038802368706264    0.0001510019115040    0.0008923935715134
  0.0409228983719889    0.0038186967681364    0.0001497323432412    0.0008968555393710
  0.0411275128638489    0.0035783835173213    0.0001417365251909    0.0009013398170678
  0.0413331504281681    0.0039035018765163    0.0001471542005314    0.0009058465161531
  0.0415398161803089    0.0035245089554423    0.0001389430123353    0.0009103757487339
  0.0417475152612105    0.0034360614707781    0.0001326077589423    0.0009149276274776
  0.0419562528375165    0.0032888430808508    0.0001281904321668    0.0009195022656150
  0.0421660341017041    0.0035858642270180    0.0001347355332840    0.0009240997769430
  0.0423768642722126    0.0035090180117016    0.0001314974605761    0.0009287202758278
  0.0425887485935737    0.0034131963778277    0.0001279837842285    0.0009333638772069
  0.0428016923365415    0.0035735130686722    0.0001312066043469    0.0009380306965929
  0.0430157007982242    0.0033197876840479    0.0001238139829729    0.0009427208500759
  0.0432307793022154    0.0034577242194509    0.0001264141013283    0.0009474344543263
  0.0434469331987264    0.0034857258855257    0.0001270841423814    0.0009521716265979
  0.0436641678647200    0.0033661741836209    0.0001226347730944    0.0009569324847309
  0.0438824887040437    0.0032418010515164    0.0001184087891374    0.0009617171471545
  0.0441019011475639    0.0032383725406291    0.0001161390186529    0.0009665257328903
  0.0443224106533017    0.0031369077548648    0.0001123561481310    0.0009713583615548
  0.0445440227065682    0.0031238241558918    0.0001095982421616    0.0009762151533625
  0.0447667428201010    0.0033103478504214    0.0001162474789204    0.0009810962291294
  0.0449905765342015    0.0033820157355753    0.0001168231153108    0.0009860017102750
  0.0452155294168725    0.0034182848707949    0.0001167275983837    0.0009909317188264
  0.0454416070639569    0.0033402973949302    0.0001132324821952    0.0009958863774205
  0.0456688150992767    0.0032789722500845    0.0001138408103644    0.0010008658093076
  0.0458971591747730    0.0031242978909402    0.0001067485899090    0.0010058701383542
  0.0461266449706469    0.0033043790175216    0.0001108606869657    0.0010108994890459
  0.0463572781955001    0.0032753470246829    0.0001081554681294    0.0010159539864912
  0.0465890645864776    0.0032131124287453    0.0001058885322049    0.0010210337564236
  0.0468220099094100    0.0028506872106385    0.0000968597897613    0.0010261389252057
  0.0470561199589570    0.0030412437402703    0.0001007886988881    0.0010312696198318
  0.0472914005587518    0.0029145570943500    0.0000957571388120    0.0010364259679309
  0.0475278575615456    0.0026688866163273    0.0000918527604621    0.0010416080977706
  0.0477654968493533    0.0028555977835577    0.0000955850658130    0.0010468161382594
  0.0480043243336001    0.0027722018965284    0.0000923013385518    0.0010520502189507
  0.0482443459552681    0.0027860316540235    0.0000921523512253    0.0010573104700455
  0.0484855676850444    0.0025395068708260    0.0000857674760624    0.0010625970223957
  0.0487279955234696    0.0026157764182902    0.0000874261723390    0.0010679100075077
  0.0489716355010870    0.0026443954007354    0.0000873883806117    0.0010732495575452
  0.0492164936785924    0.0026448307773515    0.0000891315888291    0.0010786158053329
  0.0494625761469853    0.0024971703766019    0.0000884897205419    0.0010840088843596
  0.0497098890277203    0.0023097414574453    0.0000805574102385    0.0010894289287814
  0.0499584384728589    0.0023158098240664    0.0000776457013618    0.0010948760734253
  0.0502082306652232    0.0022715224724769    0.0000765086345230    0.0011003504537924
  0.0504592718185493    0.0021201495363788    0.0000736588988977    0.0011058522060614
  0.0507115681776420    0.0020824561290505    0.0000708130923792    0.0011113814670917
  0.0509651260185302    0.0021245924118810    0.0000722026616734    0.0011169383744272
  0.0512199516486228    0.0020201893752665    0.0000694787138892    0.0011225230662993
  0.0514760514068660    0.0020084771075392    0.0000684008494782    0.0011281356816308
  0.0517334316639003    0.0018962844071267    0.0000674583283027    0.0011337763600390
  0.0519920988222198    0.0019217149777798    0.0000670128692103    0.0011394452418391
  0.0522520593163309    0.0018406440045741    0.0000645543731739    0.0011451424680483
  0.0525133196129125    0.0017653255262082    0.0000624082301796    0.0011508681803886
  0.0527758862109771    0.0017898839067990    0.0000635823606926    0.0011566225212905
  0.0530397656420320    0.0018021533564567    0.0000620336672998    0.0011624056338970
  0.0533049644702421    0.0018240937811438    0.0000627858548556    0.0011682176620665
  0.0535714892925933    0.0017159080884436    0.0000608592837733    0.0011740587503768
  0.0538393467390563    0.0016542102932470    0.0000604914333243    0.0011799290441287
  0.0541085434727516    0.0016355050402141    0.0000606348492970    0.0011858286893493
  0.0543790861901153    0.0015963531854664    0.0000572976260236    0.0011917578327961
  0.0546509816210659    0.0015424357635377    0.0000549940198198    0.0011977166219600
  0.0549242365291712    0.0016420448259898    0.0000563085825446    0.0012037052050698
  0.0551988577118171    0.0015201001234711    0.0000534423583976    0.0012097237310952
  0.0554748520003761    0.0014538203212719    0.0000514658798443    0.0012157723497507
  0.0557522262603780    0.0015510739182538    0.0000537434994564    0.0012218512114994
  0.0560309873916799    0.0014080178357977    0.0000512466152744    0.0012279604675569
  0.0563111423286383    0.0013585509357788    0.0000495429952425    0.0012341002698947
  0.0565926980402815    0.0015018447697767    0.0000524657889921    0.0012402707712442
  0.0568756615304829    0.0014891208661656    0.0000521960989006    0.0012464721251004
  0.0571600398381353    0.0013939522957660    0.0000507878807289    0.0012527044857259
  0.0574458400373259    0.0014245658049382    0.0000506035615039    0.0012589680081545
  0.0577330692375126    0.0013883814517976    0.0000488307926257    0.0012652628481953
  0.0580217345837001    0.0012664402041963    0.0000460846929904    0.0012715891624363
  0.0583118432566186    0.0014273472571323    0.0000493400294156    0.0012779471082485
  0.0586034024729017    0.0013477206000546    0.0000483704170410    0.0012843368437897
  0.0588964194852662    0.0014084560190431    0.0000479195315517    0.0012907585280087
  0.0591909015826925    0.0012849046546653    0.0000465084364770    0.0012972123206487
  0.0594868560906060    0.0012726935156602    0.0000457718191081    0.0013036983822519
  0.0597842903710590    0.0013171981926758    0.0000469035713110    0.0013102168741632
  0.0600832118229143    0.0012656887731016    0.0000455855360174    0.0013167679585340
  0.0603836278820289    0.0013411483233320    0.0000464969016563    0.0013233517983267
  0.0606855460214390    0.0013208960738327    0.0000461095688477    0.0013299685573183
  0.0609889737515462    0.0013067621889358    0.0000456676203558    0.0013366184001049
  0.0612939186203039    0.0012411632504105    0.0000447322317545    0.0013433014921054
  0.0616003882134054    0.0011865079287693    0.0000432545351633    0.0013500179995660
  0.0619083901544725    0.0012649359898386    0.0000446486132482    0.0013567680895638
  0.0622179321052448    0.0011811975037181    0.0000427853253556    0.0013635519300116
  0.0625290217657710    0.0011806486478045    0.0000428190984443    0.0013703696896617
  0.0628416668745999    0.0012412656575864    0.0000442407209456    0.0013772215381100
  0.0631558752089729    0.0011011460735997    0.0000407944806192    0.0013841076458005
  0.0634716545850177    0.0010736562239300    0.0000401277961221    0.0013910281840295
  0.0637890128579428    0.0010801559840182    0.0000407705941683    0.0013979833249497
  0.0641079579222325    0.0010800866037457    0.0000409562338149    0.0014049732415744
  0.0644284977118437    0.0010792595926279    0.0000404427329150    0.0014119981077823
  0.0647506402004029    0.0010292099857450    0.0000399886979356    0.0014190580983212
  0.0650743934014049    0.0010560976479996    0.0000411546043161    0.0014261533888128
  0.0653997653684119    0.0010107210042608    0.0000409203717197    0.0014332841557569
  0.0657267641952540    0.0009608087690164    0.0000404318122313    0.0014404505765357
  0.0660553980162302    0.0009398406319720    0.0000392982526270    0.0014476528294183
  0.0663856750063114    0.0009110131305288    0.0000383607805220    0.0014548910935654
  0.0667176033813429    0.0009133014519200    0.0000375592115478    0.0014621655490333
  0.0670511913982496    0.0008433276823400    0.0000359755306086    0.0014694763767784
  0.0673864473552409    0.0008770291260474    0.0000366500181169    0.0014768237586623
  0.0677233795920171    0.0008520856848749    0.0000354932954849    0.0014842078774556
  0.0680619964899772    0.0007672990019272    0.0000340699139725    0.0014916289168429
  0.0684023064724270    0.0007670708082996    0.0000345170549798    0.0014990870614271
  0.0687443180047892    0.0007877502561341    0.0000339085932625    0.0015065824967343
  0.0690880395948131    0.0007851916353492    0.0000332544493343    0.0015141154092179
  0.0694334797927871    0.0007199820638948    0.0000317418981289    0.0015216859862640
  0.0697806471917511    0.0007947499011419    0.0000331723415370    0.0015292944161953
  0.0701295504277098    0.0007162076637134    0.0000317238274849    0.0015369408882763
  0.0704801981798484    0.0007191901167828    0.0000319543049647    0.0015446255927177
  0.0708325991707476    0.0007155631138402    0.0000310640997052    0.0015523487206813
  0.0711867621666013    0.0007157474173029    0.0000310484732074    0.0015601104642847
  0.0715426959774343    0.0006674011178891    0.0000296991610306    0.0015679110166061
  0.0719004094573215    0.0006814274354391    0.0000304163663878    0.0015757505716891
  0.0722599115046081    0.0006500535358841    0.0000288715878411    0.0015836293245476
  0.0726212110621311    0.0006568530432425    0.0000290942311548    0.0015915474711703
  0.0729843171174418    0.0006259695218217    0.0000288046174882    0.0015995052085262
  0.0733492387030290    0.0006538697659166    0.0000293892410020    0.0016075027345688
  0.0737159848965441    0.0006272098022688    0.0000289301096651    0.0016155402482417
  0.0740845648210268    0.0006593265621664    0.0000289319197078    0.0016236179494829
  0.0744549876451319    0.0006309268343246    0.0000284491131352    0.0016317360392303
  0.0748272625833576    0.0006270603741624    0.0000277848044811    0.0016398947194264
  0.0752013988962744    0.0005994880842277    0.0000275243130645    0.0016480941930236
  0.0755774058907557    0.0005612833477914    0.0000260031839150    0.0016563346639887
  0.0759552929202095    0.0005611846984241    0.0000266098977789    0.0016646163373086
  0.0763350693848105    0.0005728920978299    0.0000266682842128    0.0016729394189952
  0.0767167447317346    0.0005881295791703    0.0000269360990799    0.0016813041160901
  0.0771003284553933    0.0006121549877451    0.0000273839542768    0.0016897106366706
  0.0774858300976702    0.0005727010575227    0.0000259947038477    0.0016981591898539
  0.0778732592481586    0.0005520158357993    0.0000256150452911    0.0017066499858032
  0.0782626255443993    0.0005288726168548    0.0000251352470881    0.0017151832357322
  0.0786539386721213    0.0005463369278807    0.0000254419997995    0.0017237591519109
  0.0790472083654819    0.0004875687142597    0.0000242965259008    0.0017323779476704
  0.0794424444073093    0.0005293184126847    0.0000247767790528    0.0017410398374088
  0.0798396566293459    0.0004904814983932    0.0000237275608018    0.0017497450365958
  0.0802388549124926    0.0005025066808881    0.0000238539087927    0.0017584937617788
  0.0806400491870551    0.0004792672444825    0.0000237567951416    0.0017672862305877
  0.0810432494329903    0.0004586408230558    0.0000230875350193    0.0017761226617406
  0.0814484656801553    0.0004567245302034    0.0000225340770168    0.0017850032750494
  0.0814484656801553    0.0004085040914631    0.0000527122520883    0.0017830965456562
  0.0818557080085560    0.0004254161116440    0.0000253989779402    0.0017920120283845
  0.0818557080085560    0.0003867211330911    0.0000213782548842    0.0017939282914246
  0.0822649865485988    0.0004134298957069    0.0000219135058150    0.0018028979328817
  0.0822649865485988    0.0004267652746701    0.0000246459694244    0.0018009720885264
  0.0826763114813418    0.0003954498406981    0.0000232263250535    0.0018099769489690
  0.0826763114813418    0.0004168822627836    0.0000218988875787    0.0018119124225461
  0.0830896930387485    0.0003995614952768    0.0000217134962129    0.0018209719846589
  0.0830896930387485    0.0004235787641404    0.0000246238204300    0.0018190268337139
  0.0835051415039422    0.0004193149966557    0.0000246834463620    0.0018281219678824
  0.0835051415039422    0.0004043651292219    0.0000211971490731    0.0018300768445822
  0.0839226672114619    0.0004186940147138    0.0000220364075880    0.0018392272288051
  0.0839226672114619    0.0003709688085732    0.0000215891466249    0.0018372625777219
  0.0843422805475192    0.0003797239770242    0.0000220146457858    0.0018464488906105
  0.0843422805475192    0.0003419157695601    0.0000205816009320    0.0018484233649491
  0.0847639919502568    0.0003690310284928    0.0000204711937581    0.0018576654817738
  0.0847639919502568    0.0003345899068789    0.0000190043517945    0.0018556811350635
  0.0851878119100081    0.0003335053419462    0.0000191520918220    0.0018649595407388
  0.0851878119100081    0.0003679249713201    0.0000207489891929    0.0018669538091827
  0.0856137509695581    0.0003215200419823    0.0000182086806673    0.0018742843384425
  0.0856137509695581    0.0003633287688691    0.0000209055307531    0.0018762885782286
  0.0860418197244059    0.0003738615886503    0.0000206385672551    0.0018856700211198
  0.0860418197244059    0.0003356160052946    0.0000191004678940    0.0018836557601347
  0.0864720288230279    0.0003511021697975    0.0000200579606519    0.0018950983712254
  0.0864720288230279    0.0003383344181617    0.0000189022076148    0.0018930740389354
  0.0869043889671431    0.0003256089935841    0.0000193652169260    0.0019045738630815
  0.0869043889671431    0.0003158978303489    0.0000176280222115    0.0019025394091301
  0.0873389109119788    0.0003376305105436    0.0000181812236705    0.0019120521061757
  0.0873389109119788    0.0003366237763161    0.0000192445949822    0.0019140967323969
  0.0877756054665386    0.0003487652981055    0.0000199657455555    0.0019236672160589
  0.0877756054665386    0.0003200368742684    0.0000172014769268    0.0019216123667066
  0.0882144834938713    0.0002916952207227    0.0000163535031029    0.0019312204285402
  0.0882144834938713    0.0003419890246549    0.0000201890115141    0.0019332855521392
  0.0886555559113407    0.0003159710893457    0.0000191983691621    0.0019429519798999
  0.0886555559113407    0.0003075028609282    0.0000167147553228    0.0019408765306829
  0.0890988336908974    0.0002946092972563    0.0000157206091817    0.0019505809133363
  0.0890988336908974    0.0003232024423229    0.0000195148729756    0.0019526667397994
  0.0895443278593518    0.0002771122846181    0.0000188621379167    0.0019624300734984
  0.0895443278593518    0.0002947279163386    0.0000156546587933    0.0019603338179030
  0.0899920494986486    0.0003008909010628    0.0000160878599240    0.0019701354869925
  0.0899920494986486    0.0002878181932585    0.0000192489659952    0.0019722422238659
  0.0904420097461418    0.0002667789893140    0.0000177377820465    0.0019821034349852
  0.0904420097461418    0.0002575754080033    0.0000139105580722    0.0019799861644274
  0.0908942197948725    0.0002676473835912    0.0000141226171221    0.0019898860952496
  0.0908942197948725    0.0002911595191534    0.0000186255622743    0.0019920139521601
  0.0913486908938469    0.0002621059057736    0.0000135452368409    0.0019998355257258
  0.0913486908938469    0.0002841656988904    0.0000185758359301    0.0020019740219209
  0.0918054343483161    0.0002827478931642    0.0000145467090815    0.0020098347033544
  0.0918054343483161    0.0003107373915202    0.0000192154312174    0.0020119838920305
  0.0922644615200577    0.0002553058579192    0.0000136252928657    0.0020198838768712
  0.0922644615200577    0.0002630598037553    0.0000185721540598    0.0020220438114907
  0.0927257838276579    0.0002427991928546    0.0000190246964126    0.0020321540305481
  0.0927257838276579    0.0002719402242063    0.0000140880383755    0.0020299832962556
  0.0931894127467962    0.0002519018172116    0.0000132149849762    0.0020401332127368
  0.0931894127467962    0.0002822041205041    0.0000192773611039    0.0020423148007009
  0.0936553598105302    0.0002484175746055    0.0000180816153449    0.0020525263747044
  0.0936553598105302    0.0002581817105551    0.0000133413969015    0.0020503338788005
  0.0941236366095829    0.0002385157315325    0.0000119441546333    0.0020605855481945
  0.0941236366095829    0.0002667673377121    0.0000181960984548    0.0020627890065779
  0.0945942547926308    0.0002168662765075    0.0000116181954388    0.0020708884759355
  0.0945942547926308    0.0002299502428588    0.0000172866033755    0.0020731029516108
  0.0950672260665939    0.0002412517583056    0.0000121316445879    0.0020812429183152
  0.0950672260665939    0.0002393455629592    0.0000177303670592    0.0020834684663688
  0.0955425621969268    0.0002229451866816    0.0000114102179152    0.0020916491329068
  0.0960202750079115    0.0002074731891038    0.0000110186747480    0.0021021073785713
  0.0965003763829510    0.0002216039817512    0.0000115689131603    0.0021126179154641
  0.0969828782648658    0.0002076141996042    0.0000105561160604    0.0021231810050415
  0.0974677926561901    0.0001996802676157    0.0000101412611106    0.0021337969100667
  0.0979551316194710    0.0002032123399859    0.0000105009982939    0.0021444658946170
  0.0984449072775684    0.0001941062899563    0.0000096898231909    0.0021551882240901
  0.0989371318139562    0.0001752527918375    0.0000092515234693    0.0021659641652105
  0.0994318174730260    0.0001845088708466    0.0000093146610940    0.0021767939860366
  0.0999289765603911    0.0001738854204491    0.0000088963104394    0.0021876779559668
  0.1004286214431930    0.0001742527892437    0.0000090541382242    0.0021986163457466
  0.1009307645504090    0.0001645873226339    0.0000087520776776    0.0022096094274753
  0.1014354183731610    0.0001553974620689    0.0000080104989371    0.0022206574746127
  0.1019425954650268    0.0001553332271802    0.0000081725159590    0.0022317607619858
  0.1024523084423520    0.0001577142194424    0.0000082528237978    0.0022429195657957
  0.1029645699845637    0.0001311614231817    0.0000075323386659    0.0022541341636247
  0.1034793928344865    0.0001553445275962    0.0000079184335271    0.0022654048344428
  0.1039967897986589    0.0001409226413698    0.0000077155985919    0.0022767318586150
  0.1045167737476522    0.0001378119287115    0.0000072211158694    0.0022881155179081
  0.1050393576163905    0.0001365827541421    0.0000072783150682    0.0022995560954976
  0.1055645544044724    0.0001424880146472    0.0000071541800906    0.0023110538759751
  0.1060923771764948    0.0001276494424066    0.0000066219771170    0.0023226091453550
  0.1066228390623772    0.0001310826993622    0.0000066913880129    0.0023342221910818
  0.1071559532576891    0.0001310949881260    0.0000068712658070    0.0023458933020372
  0.1076917330239775    0.0001261166761504    0.0000067074442393    0.0023576227685474
  0.1082301916890974    0.0001286191292915    0.0000063646897837    0.0023694108823901
  0.1087713426475429    0.0001153903199365    0.0000061084134155    0.0023812579368021
  0.1093151993607806    0.0001141521900042    0.0000059377348091    0.0023931642264861
  0.1098617753575845    0.0001090024198313    0.0000058038358004    0.0024051300476185
  0.1104110842343724    0.0001025978999066    0.0000056535868421    0.0024171556978566
  0.1109631396555442    0.0000974952242785    0.0000054170486314    0.0024292414763459
  0.1115179553538219    0.0000967275196586    0.0000052333033993    0.0024413876837276
  0.1120755451305910    0.0000972164993733    0.0000052877120637    0.0024535946221462
  0.1126359228562440    0.0000870951564209    0.0000049743636455    0.0024658625952570
  0.1131991024705252    0.0000847140123449    0.0000049479309091    0.0024781919082333
  0.1137650979828778    0.0000959496963123    0.0000051101574994    0.0024905828677744
  0.1143339234727922    0.0000914000161539    0.0000049227802885    0.0025030357821133
  0.1149055930901561    0.0000820874182802    0.0000046342422056    0.0025155509610239
  0.1154801210556069    0.0000779211860326    0.0000045791762965    0.0025281287158290
  0.1160575216608849    0.0000812300293047    0.0000046067112008    0.0025407693594081
  0.1166378092691893    0.0000665784345217    0.0000043154500097    0.0025534732062052
  0.1172209983155353    0.0000771423338827    0.0000044050779575    0.0025662405722362
  0.1178071033071129    0.0000688976713930    0.0000042004787437    0.0025790717750974
  0.1183961388236485    0.0000700796221853    0.0000041570675697    0.0025919671339729
  0.1189881195177667    0.0000746134317451    0.0000041091556561    0.0026049269696427
  0.1195830601153555    0.0000611846174911    0.0000039470613650    0.0026179516044909
  0.1201809754159323    0.0000670540395705    0.0000039523974961    0.0026310413625134
  0.1207818802930119    0.0000638148134702    0.0000039534574666    0.0026441965693260
  0.1213857896944770    0.0000609524318205    0.0000038212229482    0.0026574175521726
  0.1219927186429494    0.0000565965019120    0.0000036492620990    0.0026707046399335
  0.1226026822361641    0.0000521676353203    0.0000034781623785    0.0026840581631331
  0.1232156956473449    0.0000502181298657    0.0000033831311918    0.0026974784539488
  0.1238317741255816    0.0000520302046928    0.0000034115145537    0.0027109658462185
  0.1244509329962095    0.0000500639353325    0.0000033082740622    0.0027245206754496
  0.1250731876611905    0.0000477628508558    0.0000033250673177    0.0027381432788269
  0.1256985535994965    0.0000459072429741    0.0000030689661680    0.0027518339952210
  0.1263270463674940    0.0000457418097530    0.0000031227103346    0.0027655931651971
  0.1269586815993314    0.0000460163680304    0.0000031633468257    0.0027794211310231
  0.1275934750073280    0.0000400637395729    0.0000030361364193    0.0027933182366782
  0.1282314423823647    0.0000435819148787    0.0000030601417659    0.0028072848278616
  0.1288725995942765    0.0000396497202674    0.0000029821621379    0.0028213212520009
  0.1295169625922478    0.0000335359836269    0.0000028405718231    0.0028354278582609
  0.1301645474052091    0.0000364955866569    0.0000028221173598    0.0028496049975522
  0.1308153701422351    0.0000385605295922    0.0000027833969071    0.0028638530225400
  0.1314694469929463    0.0000337023796930    0.0000026465529211    0.0028781722876527
  0.1321267942279110    0.0000357261695728    0.0000026825967873    0.0028925631490909
  0.1327874281990505    0.0000333717409871    0.0000026357360831    0.0029070259648364
  0.1334513653400458    0.0000280092095444    0.0000024886067540    0.0029215610946606
  0.1341186221667460    0.0000284279414561    0.0000025253364712    0.0029361689001339
  0.1347892152775797    0.0000267001118426    0.0000024990909182    0.0029508497446345
  0.1354631613539676    0.0000216085178576    0.0000022987118157    0.0029656039933577
  0.1361404771607374    0.0000271350388564    0.0000023724878796    0.0029804320133245
  0.1368211795465411    0.0000286698358497    0.0000022988350598    0.0029953341733911
  0.1375052854442738    0.0000281532287710    0.0000023253618733    0.0030103108442581
  0.1381928118714951    0.0000179595292296    0.0000022663931739    0.0030253623984794
  0.1388837759308526    0.0000228462524996    0.0000022978057943    0.0030404892104718
  0.1395781948105068    0.0000200510648459    0.0000020950851743    0.0030556916565241
  0.1402760857845594    0.0000198680593757    0.0000020931009356    0.0030709701148068
  0.1409774662134821    0.0000184869973776    0.0000020854971102    0.0030863249653808
  0.1416823535445495    0.0000192066936202    0.0000021179539068    0.0031017565902077
  0.1423907653122723    0.0000123307178662    0.0000020290447031    0.0031172653731587
  0.1431027191388336    0.0000145883650833    0.0000019977672979    0.0031328517000245
  0.1438182327345278    0.0000181991757929    0.0000020806820241    0.0031485159585246
  0.1445373238982004    0.0000133434470372    0.0000020550774387    0.0031642585383173
  0.1452600105176914    0.0000128571979956    0.0000019474615827    0.0031800798310089
  0.1459863105702798    0.0000132987678355    0.0000018222932656    0.0031959802301639
  0.1467162421231312    0.0000136062795050    0.0000018912946928    0.0032119601313147
  0.1474498233337468    0.0000142229839185    0.0000018403557428    0.0032280199319713
  0.1481870724504156    0.0000101993366160    0.0000018375685320    0.0032441600316311
  0.1489280078126676    0.0000114228789221    0.0000018015570467    0.0032603808317893
  0.1496726478517310    0.0000108344913550    0.0000017473094842    0.0032766827359482
  0.1504210110909896    0.0000119284634519    0.0000017651477483    0.0032930661496280
  0.1511731161464445    0.0000136757440645    0.0000017394151251    0.0033095314803761
  0.1519289817271767    0.0000101562692870    0.0000016895296553    0.0033260791377780
  0.1526886266358126    0.0000063297881253    0.0000016257465249    0.0033427095334669
  0.1534520697689916    0.0000084330064222    0.0000016320912213    0.0033594230811342
  0.1542193301178366    0.0000069998755351    0.0000016462094031    0.0033762201965399
  0.1549904267684257    0.0000066849090206    0.0000016325253273    0.0033931012975226
  0.1557653789022678    0.0000053360858016    0.0000016017983496    0.0034100668040102
  0.1565442057967792    0.0000051878049018    0.0000016153394618    0.0034271171380303
  0.1573269268257630    0.0000078747529697    0.0000016377249153    0.0034442527237204
  0.1581135614598919    0.0000065071796407    0.0000015793171276    0.0034614739873390
  0.1589041292671913    0.0000060775009207    0.0000015219426104    0.0034787813572757
  0.1596986499135272    0.0000053120812521    0.0000014754322206    0.0034961752640621
  0.1604971431630948    0.0000078216026740    0.0000015285691685    0.0035136561403824
  0.1612996288789103    0.0000073929275329    0.0000014781537515    0.0035312244210843
  0.1621061270233048    0.0000052682669191    0.0000014778562234    0.0035488805431897
  0.1629166576584213    0.0000012964885774    0.0000014745010651    0.0035666249459057
  0.1637312409467134    0.0000019947382397    0.0000014228851606    0.0035844580706352
  0.1645498971514470    0.0000044491516464    0.0000014891126509    0.0036023803609884
  0.1653726466372042    0.0000017298438989    0.0000014561497191    0.0036203922627933
  0.1661995098703902    0.0000020878835490    0.0000014481868484    0.0036384942241073
  0.1670305074197421    0.0000023135257777    0.0000014320312001    0.0036566866952278
  0.1678656599568408    0.0000024820454203    0.0000013968272000    0.0036749701287040
  0.1687049882566250    0.0000002468018871    0.0000013376250660    0.0036933449793475
  0.1695485131979081    0.0000019605948326    0.0000013933271315    0.0037118117042442
  0.1703962557638976    0.0000022749725797    0.0000013546148760    0.0037303707627654
  0.1712482370427171    0.0000003577954316    0.0000014088025485    0.0037490226165793
  0.1721044782279307    0.0000041166031795    0.0000013686599272    0.0037677677296622
  0.1729650006190703    0.0000019295865606    0.0000013484825815    0.0037866065683105
  0.1738298256221656    0.0000029461693811    0.0000013406030237    0.0038055396011520
  0.1746989747502765    0.0000027066406679    0.0000013614736028    0.0038245672991578
  0.1755724696240278    0.0000001796020903    0.0000013232865571    0.0038436901356536
  0.1764503319721480    0.0000003406309468    0.0000013660635151    0.0038629085863318
  0.1773325836320087   -0.0000015858992858    0.0000013585231360    0.0038822231292635
  0.1782192465501687    0.0000005519390580    0.0000013545998138    0.0039016342449098
  0.1791103427829195    0.0000031639552249    0.0000013226330585    0.0039211424161344
  0.1800058944968341    0.0000009924964261    0.0000013215906985    0.0039407481282150
  0.1809059239693183    0.0000013255865557    0.0000013752336321    0.0039604518688561
  0.1818104535891648    0.0000005766497836    0.0000013457429783    0.0039802541282004
  0.1827195058571106   -0.0000009482801669    0.0000013435553914    0.0040001553988414
  0.1836331033863962    0.0000004355961256    0.0000013135784183    0.0040201561758356
  0.1845512689033281    0.0000008039646026    0.0000013067121356    0.0040402569567148
  0.1854740252478447    0.0000007788087781    0.0000013329696740    0.0040604582414984
  0.1864013953740840    0.0000005473984649    0.0000013109689309    0.0040807605327058
  0.1873334023509544    0.0000002128252243    0.0000013733343456    0.0041011643353694
  0.1882700693627091    0.0000005034203890    0.0000013576504591    0.0041216701570462
  0.1892114197095226   -0.0000008336226057    0.0000013740958849    0.0041422785078315
  0.1901574768080702   -0.0000003408932206    0.0000014461302629    0.0041629899003706
  0.1911082641921105    0.0000002208904606    0.0000015195549324    0.0041838048498725
  0.1920638055130711    0.0000010891006948    0.0000014771767004    0.0042047238741218
  0.1930241245406364    0.0000017306057848    0.0000014530089978    0.0042257474934924
  0.1939892451633396    0.0000004460424330    0.0000014386714635    0.0042468762309599
  0.1949591913891562   -0.0000017445755349    0.0000014011206811    0.0042681106121147
  0.1959339873461020   -0.0000007196051327    0.0000013756388381    0.0042894511651753
  0.1969136572828325    0.0000017935374431    0.0000013517630392    0.0043108984210011
  0.1978982255692466    0.0000009916062127    0.0000013721156023    0.0043324529131061
  0.1988877166970929   -0.0000001115499644    0.0000013494249697    0.0043541151776717
  0.1998821552805783    0.0000020659470362    0.0000013565769915    0.0043758857535600
  0.2008815660569812   -0.0000005844196700    0.0000013479299572    0.0043977651823278
  0.2018859738872660    0.0000021526368723    0.0000013335285741    0.0044197540082395
  0.2028954037567023    0.0000028771750625    0.0000013244196738    0.0044418527782807
  0.2039098807754859    0.0000006169166562    0.0000012990961372    0.0044640620421721
  0.2049294301793633    0.0000004220484314    0.0000012687985651    0.0044863823523829
  0.2059540773302601    0.0000018614556234    0.0000013277204589    0.0045088142641448
  0.2069838477169113    0.0000004019917569    0.0000012861880969    0.0045313583354656
  0.2080187669554959    0.0000028444644645    0.0000013469607386    0.0045540151271429
  0.2090588607902733   -0.0000013885149018    0.0000012764675090    0.0045767852027786
  0.2101041550942246    0.0000035301303963    0.0000012685305946    0.0045996691287925
  0.2111546758696958    0.0000001031959449    0.0000013106615173    0.0046226674744365
  0.2122104492490442    0.0000001844472633    0.0000012718940178    0.0046457808118086
  0.2132715014952894   -0.0000001504626638    0.0000012669330728    0.0046690097158677
  0.2143378590027659   -0.0000011315424015    0.0000013024616149    0.0046923547644470
  0.2154095482977796   -0.0000002400259892    0.0000012662077636    0.0047158165382693
  0.2164865960392685    0.0000015484533853    0.0000012534722039    0.0047393956209606
  0.2175690290194648    0.0000007977395029    0.0000012532686628    0.0047630925990654
  0.2186568741645621    0.0000011291888291    0.0000012369495116    0.0047869080620607
  0.2197501585353849    0.0000006549349438    0.0000012488202853    0.0048108426023710
  0.2208489093280618    0.0000023307992275    0.0000012657093599    0.0048348968153829
  0.2219531538747021   -0.0000005895761825    0.0000012157745485    0.0048590712994598
  0.2230629196440756    0.0000000195679468    0.0000012354271784    0.0048833666559571
  0.2241782342422960    0.0000014884849301    0.0000012517626236    0.0049077834892369
  0.2252991254135074    0.0000001250530127    0.0000012184625828    0.0049323224066831
  0.2264256210405749    0.0000015698882048    0.0000012164249629    0.0049569840187165
  0.2275577491457778    0.0000009618081629    0.0000012303312047    0.0049817689388101
  0.2286955378915067    0.0000000693603603    0.0000012227742444    0.0050066777835041
  0.2298390155809641   -0.0000008279047180    0.0000012364230632    0.0050317111724216
  0.2309882106588690    0.0000001514529058    0.0000012401150281    0.0050568697282838
  0.2321431517121633    0.0000005096685593    0.0000012222461564    0.0050821540769252
  0.2333038674707241   -0.0000011517803120    0.0000012238331094    0.0051075648473098
  0.2344703868080777    0.0000012006177248    0.0000012249754920    0.0051331026715463
  0.2356427387421181    0.0000007750864455    0.0000012040887512    0.0051587681849041
  0.2368209524358286    0.0000023634042951    0.0000012091543821    0.0051845620258286
  0.2380050571980077    0.0000016442122123    0.0000012204072634    0.0052104848359577
  0.2391950824839977    0.0000004495048785    0.0000012181699472    0.0052365372601375
  0.2403910578964177    0.0000017701182746    0.0000012122908281    0.0052627199464382
  0.2415930131858998    0.0000019115165939    0.0000012410136951    0.0052890335461704
  0.2428009782518292    0.0000027804049374    0.0000012176189117    0.0053154787139013
  0.2440149831430883    0.0000007326438194    0.0000011811178950    0.0053420561074708
  0.2452350580588037   -0.0000021431703146    0.0000012054810638    0.0053687663880081
  0.2464612333490978   -0.0000005136971020    0.0000012258544795    0.0053956102199482
  0.2476935395158432   -0.0000003921798243    0.0000012064646162    0.0054225882710479
  0.2489320072134224    0.0000020647894252    0.0000012315499127    0.0054497012124031
  0.2501766672494895   -0.0000003554927824    0.0000011903407577    0.0054769497184651
  0.2514275505857369   -0.0000001991059266    0.0000012204719773    0.0055043344670575
  0.2526846883386655    0.0000011245957109    0.0000012213147331    0.0055318561393928
  0.2539481117803589   -0.0000004075538716    0.0000011752585967    0.0055595154200897
  0.2552178523392606    0.0000003279325765    0.0000011953556556    0.0055873129971902
  0.2564939416009570    0.0000031723572216    0.0000012063137936    0.0056152495621761
  0.2577764113089617    0.0000019659242535    0.0000012190205502    0.0056433258099870
  0.2590652933655064    0.0000002581319813    0.0000011645615298    0.0056715424390369
  0.2603606198323339    0.0000025089738301    0.0000011705529893    0.0056999001512321
  0.2616624229314956    0.0000019593775167    0.0000012018178857    0.0057283996519883
  0.2629707350461531    0.0000029934663999    0.0000012390933710    0.0057570416502482
  0.2642855887213838    0.0000020362233503    0.0000012039769657    0.0057858268584995
  0.2656070166649907    0.0000006800254701    0.0000012145418673    0.0058147559927920
  0.2669350517483157   -0.0000004222858529    0.0000011977471219    0.0058438297727559
  0.2682697270070572    0.0000002207463780    0.0000012413333362    0.0058730489216197
  0.2696110756420924   -0.0000004206826417    0.0000012634588622    0.0059024141662278
  0.2709591310203028    0.0000002806717999    0.0000012551509921    0.0059319262370589
  0.2723139266754043    0.0000003341798956    0.0000012565899967    0.0059615858682442
  0.2736754963087813    0.0000001135507795    0.0000012453838407    0.0059913937975854
  0.2750438737903252    0.0000015795167117    0.0000012237839241    0.0060213507665734
  0.2764190931592768    0.0000020886250224    0.0000012360626435    0.0060514575204062
  0.2778011886250731   -0.0000004803733129    0.0000012680889465    0.0060817148080083
