# Experiment IPTS-36897 Run 226602
# Reduction 2.9.0rc3
# Run title: sample2_cu_ionomer_OCV-226602-1.
# Run start time: 2026-03-28T23:13:20.979823667
# Reduction time: Sat Mar 28 19:18:11 2026
# Q summing: False
# TOF weighted: False
# Bck in Q: False
# Theta offset: 0.0
# Stitching type: None
# DataRun   NormRun   TwoTheta(deg)  LambdaMin(A)   LambdaMax(A) Qmin(1/A)    Qmax(1/A)    SF_A         SF_B          SF
# 226602    226559    0.740486       2.74975        9.4987       0.0085       0.0295       4.0          0            1.0         
# 226603    226560    2.40014        2.74978        9.49867      0.0277       0.0957       25.0         0            1.0         
# 226604    226561    7.00032        2.74977        9.49868      0.0807       0.2790       196.0        0            1.0         
# Q [1/Angstrom]        R                     dR                    dQ [FWHM]            
  0.0085899187375132    0.9738799959891659    0.0807173089374190    0.0001878399696942
  0.0086328683312008    0.8340369381235780    0.0541789007687831    0.0001887791695427
  0.0086760326728568    0.8379592027910107    0.0540237441928956    0.0001897230653904
  0.0087194128362210    0.8909858892376479    0.0591792125059009    0.0001906716807173
  0.0087630099004021    0.7823291519347649    0.0487597016369209    0.0001916250391209
  0.0088068249499042    0.8947511294142895    0.0570307196430569    0.0001925831643165
  0.0088508590746537    0.8283906713242449    0.0514276702600108    0.0001935460801381
  0.0088951133700269    0.8778764458873746    0.0546688724902359    0.0001945138105388
  0.0089395889368771    0.8936457579850150    0.0553078060690623    0.0001954863795915
  0.0089842868815615    0.8242914411997966    0.0487172383292037    0.0001964638114894
  0.0090292083159693    0.8726171027350795    0.0514623542368037    0.0001974461305469
  0.0090743543575491    0.9471069467179410    0.0580188720687209    0.0001984333611996
  0.0091197261293369    0.9049691257293351    0.0540839957380771    0.0001994255280056
  0.0091653247599835    0.9830544557400058    0.0604987608944868    0.0002004226556456
  0.0092111513837835    0.8656657241515533    0.0489548889190819    0.0002014247689239
  0.0092572071407024    0.9341925078318795    0.0546103150943018    0.0002024318927685
  0.0093034931764059    0.9297739533371072    0.0538855249949243    0.0002034440522323
  0.0093500106422879    0.9680912662370992    0.0556413331580567    0.0002044612724935
  0.0093967606954993    0.9075845031241427    0.0495331904262928    0.0002054835788560
  0.0094437444989768    0.8698074432862343    0.0463891294035801    0.0002065109967502
  0.0094909632214717    0.8891183926549079    0.0474730418681121    0.0002075435517340
  0.0095384180375791    0.8604092338291954    0.0452410569918576    0.0002085812694927
  0.0095861101277670    0.8147278576006659    0.0404607115161933    0.0002096241758401
  0.0096340406784058    0.9605249636299920    0.0512389053099579    0.0002106722967193
  0.0096822108817978    0.8330144848353067    0.0414520172499363    0.0002117256582029
  0.0097306219362068    0.9026602770532746    0.0450810617557736    0.0002127842864939
  0.0097792750458879    0.8959821111266053    0.0456303998504616    0.0002138482079264
  0.0098281714211173    0.9100607118303200    0.0456786164024338    0.0002149174489660
  0.0098773122782229    0.8499044360901765    0.0419629683336570    0.0002159920362109
  0.0099266988396140    0.8471861487566056    0.0411824368794902    0.0002170719963919
  0.0099763323338121    0.9197021581151932    0.0448537100468395    0.0002181573563739
  0.0100262139954811    0.8987363334371884    0.0433899519556425    0.0002192481431558
  0.0100763450654585    0.8566445672653507    0.0399858125267738    0.0002203443838715
  0.0101267267907858    0.9092190685304075    0.0435958935969263    0.0002214461057909
  0.0101773604247398    0.9230326774095327    0.0429265000021354    0.0002225533363198
  0.0102282472268634    0.8147492877936461    0.0354406484324678    0.0002236661030014
  0.0102793884629978    0.8000508837530830    0.0348122015270008    0.0002247844335164
  0.0103307854053128    0.8739961979065405    0.0389888648995340    0.0002259083556840
  0.0103824393323393    0.8831027519659678    0.0387291627036646    0.0002270378974624
  0.0104343515290010    0.8727763459026302    0.0379175170503480    0.0002281730869498
  0.0104865232866460    0.8759208193776857    0.0379211445917459    0.0002293139523845
  0.0105389559030792    0.8537994318166112    0.0358816902954227    0.0002304605221464
  0.0105916506825946    0.8720486528537401    0.0364291630629178    0.0002316128247572
  0.0106446089360076    0.9086947759290781    0.0388038698311167    0.0002327708888810
  0.0106978319806876    0.8318356381313894    0.0335844832788800    0.0002339347433254
  0.0107513211405911    0.8417627966326021    0.0333895992237344    0.0002351044170420
  0.0108050777462940    0.8492240363182831    0.0339487627708380    0.0002362799391272
  0.0108591031350255    0.7986135551363122    0.0311475259714360    0.0002374613388228
  0.0109133986507006    0.8210645757378495    0.0317537253276918    0.0002386486455169
  0.0109679656439541    0.8822415525701677    0.0345332704527005    0.0002398418887445
  0.0110228054721739    0.8935881087784182    0.0348540994395143    0.0002410410981882
  0.0110779194995348    0.8922214168218564    0.0348254580615317    0.0002422463036792
  0.0111333090970324    0.8548246639301570    0.0319221034280137    0.0002434575351976
  0.0111889756425176    0.8618211476728621    0.0322814463932275    0.0002446748228736
  0.0112449205207302    0.8390151790112502    0.0307858071300360    0.0002458981969879
  0.0113011451233338    0.9283320345053182    0.0345893375787390    0.0002471276879729
  0.0113576508489505    0.8994258092741321    0.0327752235804394    0.0002483633264127
  0.0114144391031953    0.8133410546532513    0.0287010042302130    0.0002496051430448
  0.0114715112987112    0.8220731455383121    0.0287355094729314    0.0002508531687600
  0.0115288688552048    0.8706082753466308    0.0303524473247470    0.0002521074346038
  0.0115865131994808    0.8739711733526174    0.0303123662481778    0.0002533679717769
  0.0116444457654782    0.8383985228645913    0.0283383915833493    0.0002546348116357
  0.0117026679943056    0.8563121159385562    0.0288589350249568    0.0002559079856939
  0.0117611813342771    0.8020283655078115    0.0263233717009118    0.0002571875256224
  0.0118199872409485    0.8905071922427671    0.0301928790455853    0.0002584734632505
  0.0118790871771533    0.8518524718729722    0.0280191806917313    0.0002597658305668
  0.0119384826130390    0.8164569571010032    0.0261014307336714    0.0002610646597196
  0.0119981750261042    0.7993495037379741    0.0249803557481790    0.0002623699830182
  0.0120581659012347    0.8122617446276296    0.0255100628074198    0.0002636818329333
  0.0121184567307409    0.8816775022230373    0.0282453566711000    0.0002650002420979
  0.0121790490143946    0.8320166114787337    0.0258641884890475    0.0002663252433084
  0.0122399442594666    0.8315576113424511    0.0254256031608098    0.0002676568695250
  0.0123011439807639    0.8377623767582359    0.0254429068850476    0.0002689951538726
  0.0123626497006677    0.8189828778100053    0.0247335813907207    0.0002703401296420
  0.0124244629491711    0.8558396666942234    0.0259018317065076    0.0002716918302902
  0.0124865852639169    0.7977577238702924    0.0234104516371931    0.0002730502894416
  0.0125490181902365    0.7772583188426444    0.0223411437548042    0.0002744155408888
  0.0126117632811877    0.8133410377991218    0.0235601381272008    0.0002757876185933
  0.0126748220975936    0.8613481439294436    0.0255089135163030    0.0002771665566862
  0.0127381962080816    0.8234908256556459    0.0236204965564285    0.0002785523894697
  0.0128018871891220    0.8889246138877294    0.0261676583336466    0.0002799451514170
  0.0128658966250676    0.8584210167672207    0.0245041446541607    0.0002813448771741
  0.0129302261081930    0.8301180029580234    0.0230513546728029    0.0002827516015600
  0.0129948772387339    0.8379464844161938    0.0234004266917539    0.0002841653595678
  0.0130598516249276    0.8049880507159564    0.0220716700239813    0.0002855861863656
  0.0131251508830522    0.8053356409404497    0.0219957247247078    0.0002870141172974
  0.0131907766374675    0.8306396072133558    0.0228792852892418    0.0002884491878839
  0.0132567305206548    0.7849597243088685    0.0208985847554926    0.0002898914338233
  0.0133230141732581    0.7894029146638671    0.0208499911200857    0.0002913408909925
  0.0133896292441244    0.7965869736664130    0.0209505717262874    0.0002927975954474
  0.0134565773903450    0.7950933665067331    0.0210397162733406    0.0002942615834247
  0.0135238602772967    0.7856083289467225    0.0205643413120934    0.0002957328913418
  0.0135914795786832    0.7774406310964355    0.0202237569833309    0.0002972115557985
  0.0136594369765766    0.7701342880424271    0.0198327609438528    0.0002986976135775
  0.0137277341614595    0.7309001591869740    0.0184659093946035    0.0003001911016454
  0.0137963728322668    0.7339737869556590    0.0184898563326651    0.0003016920571536
  0.0138653546964281    0.7238837137090612    0.0181406360039074    0.0003032005174394
  0.0139346814699103    0.6938103174291123    0.0170965281963828    0.0003047165200266
  0.0140043548772598    0.7035672358518400    0.0174717991899404    0.0003062401026267
  0.0140743766516461    0.6615971021870067    0.0159437550281985    0.0003077713031398
  0.0141447485349043    0.6439500785395820    0.0153650060545751    0.0003093101596555
  0.0142154722775789    0.6079909726534253    0.0144215865204257    0.0003108567104538
  0.0142865496389668    0.6008118074719817    0.0142428169979194    0.0003124109940061
  0.0143579823871616    0.5988813286943030    0.0141366015495716    0.0003139730489761
  0.0144297722990974    0.5917983607559711    0.0140666590276392    0.0003155429142210
  0.0145019211605929    0.5696265133025994    0.0132800506402286    0.0003171206287921
  0.0145744307663958    0.5491209151120628    0.0129314233926915    0.0003187062319361
  0.0146473029202278    0.5280397546756023    0.0122198396370590    0.0003202997630957
  0.0147205394348290    0.5261732463604503    0.0123616482822398    0.0003219012619112
  0.0147941421320031    0.4980969616508429    0.0115052584253638    0.0003235107682208
  0.0148681128426631    0.4720180820368498    0.0109302676453230    0.0003251283220619
  0.0149424534068764    0.4592642040219084    0.0107454051300902    0.0003267539636722
  0.0150171656739108    0.4111634206841582    0.0093985969531659    0.0003283877334905
  0.0150922515022804    0.4068009805041351    0.0093814606905229    0.0003300296721580
  0.0151677127597918    0.3974957742932234    0.0094689897487415    0.0003316798205188
  0.0152435513235907    0.3737946970018558    0.0091459892804537    0.0003333382196214
  0.0153197690802087    0.3450226485406738    0.0080257096301785    0.0003350049107195
  0.0153963679256097    0.3309794074070039    0.0074830029301569    0.0003366799352731
  0.0154733497652378    0.3058877062187432    0.0068541227016745    0.0003383633349494
  0.0155507165140639    0.3050736310727262    0.0069746279330760    0.0003400551516242
  0.0156284700966343    0.2843277660848055    0.0065172595005847    0.0003417554273823
  0.0157066124471174    0.2547973562645033    0.0057629978747516    0.0003434642045192
  0.0157851455093530    0.2479050692843313    0.0056659891948500    0.0003451815255418
  0.0158640712368998    0.2206683344962952    0.0050808052881064    0.0003469074331695
  0.0159433915930843    0.2018369065346631    0.0047701581841299    0.0003486419703354
  0.0160231085510497    0.1906395877129054    0.0045270481085240    0.0003503851801871
  0.0161032240938049    0.1988781964264532    0.0046593670515861    0.0003521371060880
  0.0161837402142740    0.1833035018227938    0.0042604906357770    0.0003538977916184
  0.0162646589153453    0.1769515819625855    0.0041551285390657    0.0003556672805765
  0.0163459822099221    0.1675562904220848    0.0040016532762361    0.0003574456169794
  0.0164277121209717    0.1673636671988834    0.0040056959207107    0.0003592328450643
  0.0165098506815765    0.1450872618701505    0.0035038293733768    0.0003610290092896
  0.0165923999349844    0.1470873505359494    0.0036455331501369    0.0003628341543361
  0.0166753619346593    0.1324090672861709    0.0033695157092897    0.0003646483251078
  0.0167587387443326    0.1286598342591842    0.0031624271784543    0.0003664715667333
  0.0168425324380543    0.1218556225588955    0.0029136317061962    0.0003683039245670
  0.0169267451002446    0.1172805102742733    0.0028092488634162    0.0003701454441898
  0.0170113788257458    0.1123644732423283    0.0027400248199833    0.0003719961714107
  0.0170964357198745    0.1099264326384722    0.0026636642314246    0.0003738561522678
  0.0171819178984739    0.1049363723335518    0.0025530628021742    0.0003757254330291
  0.0172678274879662    0.1037560672296483    0.0025666251860858    0.0003776040601943
  0.0173541666254061    0.1010384987282029    0.0025010049849638    0.0003794920804953
  0.0174409374585331    0.0962764530834165    0.0023992439414654    0.0003813895408977
  0.0175281421458258    0.0979140395711066    0.0024434080530569    0.0003832964886022
  0.0176157828565549    0.0928112553159428    0.0023410579871802    0.0003852129710452
  0.0177038617708377    0.0953329919249333    0.0024132806861761    0.0003871390359005
  0.0177923810796918    0.0877120620161082    0.0021906541373583    0.0003890747310800
  0.0178813429850903    0.0906749419923450    0.0022550864008037    0.0003910201047354
  0.0179707497000158    0.0920461733701630    0.0022814754377005    0.0003929752052590
  0.0180606034485158    0.0855443300350924    0.0021399209079393    0.0003949400812853
  0.0181509064657584    0.0887407248826139    0.0022031329133219    0.0003969147816918
  0.0182416609980872    0.0892685615661418    0.0022032246153473    0.0003988993556002
  0.0183328693030776    0.0838732945459835    0.0020609910241423    0.0004008938523782
  0.0184245336495930    0.0851048862122664    0.0021167077763171    0.0004028983216401
  0.0185166563178410    0.0813620950946420    0.0020289474109290    0.0004049128132483
  0.0186092395994302    0.0865610949730660    0.0021579095100462    0.0004069373773146
  0.0187022857974273    0.0820503456841400    0.0020219230653895    0.0004089720642011
  0.0187957972264145    0.0825771107286511    0.0020187350393714    0.0004110169245221
  0.0188897762125465    0.0786981750037932    0.0019600987685368    0.0004130720091447
  0.0189842250936093    0.0799964688062178    0.0019891027839934    0.0004151373691905
  0.0190791462190773    0.0769207073297109    0.0019116452178690    0.0004172130560364
  0.0191745419501727    0.0781481214691127    0.0019291405741036    0.0004192991213166
  0.0192704146599236    0.0773754690636594    0.0019184235051015    0.0004213956169232
  0.0193667667332232    0.0780474761988483    0.0019079879222914    0.0004235025950078
  0.0194636005668893    0.0740486116010123    0.0018484883223001    0.0004256201079828
  0.0195609185697237    0.0700786210501913    0.0017553506931249    0.0004277482085227
  0.0196587231625724    0.0715259976086036    0.0017958303918294    0.0004298869495654
  0.0197570167783852    0.0674248813107373    0.0017136396081825    0.0004320363843132
  0.0198558018622771    0.0687830354846944    0.0017584074409802    0.0004341965662348
  0.0199550808715885    0.0639203111725220    0.0016624072616550    0.0004363675490659
  0.0200548562759465    0.0622517150875519    0.0016629761249489    0.0004385493868113
  0.0201551305573262    0.0620258782984980    0.0017017031081728    0.0004407421337453
  0.0202559062101128    0.0609345028159741    0.0017105601031691    0.0004429458444140
  0.0203571857411634    0.0553031341134387    0.0015552201613172    0.0004451605736361
  0.0204589716698692    0.0566071529489315    0.0015775524882555    0.0004473863765043
  0.0205612665282185    0.0560634545155585    0.0015604117686120    0.0004496233083868
  0.0206640728608596    0.0550934703986998    0.0015259207907858    0.0004518714249287
  0.0207673932251639    0.0535219868539283    0.0014884501721255    0.0004541307820534
  0.0208712301912897    0.0492187445879372    0.0013769676348501    0.0004564014359637
  0.0209755863422462    0.0517629686615554    0.0014536106734149    0.0004586834431435
  0.0210804642739574    0.0484905993247007    0.0013836696469107    0.0004609768603592
  0.0211858665953272    0.0431567283998216    0.0012550055742060    0.0004632817446610
  0.0212917959283038    0.0450231947861573    0.0012934476439076    0.0004655981533843
  0.0213982549079454    0.0429214521918802    0.0012368798455823    0.0004679261441512
  0.0215052461824851    0.0396036428607752    0.0011748852720741    0.0004702657748720
  0.0216127724133975    0.0423889702876430    0.0012063222710232    0.0004726171037463
  0.0217208362754645    0.0412704112348637    0.0011736656045937    0.0004749801892651
  0.0218294404568418    0.0390398738095469    0.0011288953876214    0.0004773550902114
  0.0219385876591260    0.0394373598474389    0.0011367990075809    0.0004797418656624
  0.0220482805974216    0.0370570603955921    0.0010915268456813    0.0004821405749908
  0.0221585220004087    0.0371929585820351    0.0010853590599764    0.0004845512778657
  0.0222693146104108    0.0370810279380091    0.0010731655809906    0.0004869740342550
  0.0223806611834628    0.0367806258097969    0.0010725724427137    0.0004894089044263
  0.0224925644893802    0.0381229079714226    0.0010981913117423    0.0004918559489484
  0.0226050273118271    0.0378372045448166    0.0011010378161278    0.0004943152286932
  0.0227180524483862    0.0378668926313437    0.0010850073692287    0.0004967868048367
  0.0228316427106281    0.0365362404592316    0.0010551363367081    0.0004992707388608
  0.0229458009241813    0.0357816195744772    0.0010391005750981    0.0005017670925551
  0.0230605299288022    0.0367440943261211    0.0010585994800345    0.0005042759280179
  0.0231758325784462    0.0360350479481937    0.0010450880041703    0.0005067973076580
  0.0232917117413384    0.0355193711491898    0.0010136269705022    0.0005093312941963
  0.0234081703000451    0.0368232304329627    0.0010384957696111    0.0005118779506673
  0.0235252111515453    0.0344134364712054    0.0009939988564818    0.0005144373404206
  0.0236428372073030    0.0348461410212399    0.0009985999361646    0.0005170095271227
  0.0237610513933395    0.0368695254057152    0.0010299527114713    0.0005195945747583
  0.0238798566503062    0.0357628566313651    0.0010039116595470    0.0005221925476321
  0.0239992559335578    0.0340970859217285    0.0009812074444475    0.0005248035103703
  0.0241192522132255    0.0340824958373752    0.0009635588299713    0.0005274275279221
  0.0242398484742917    0.0360986590831944    0.0010064047607905    0.0005300646655617
  0.0243610477166631    0.0352746114330239    0.0009965980905675    0.0005327149888896
  0.0244828529552464    0.0347242694632794    0.0009684310884171    0.0005353785638340
  0.0246052672200227    0.0326388572072908    0.0009307384424326    0.0005380554566532
  0.0247282935561228    0.0333701211813109    0.0009506466204268    0.0005407457339364
  0.0248519350239034    0.0321573570414172    0.0009117283852919    0.0005434494626061
  0.0249761946990229    0.0317688726752387    0.0009143662533263    0.0005461667099192
  0.0251010756725180    0.0312381761776709    0.0008990724440378    0.0005488975434687
  0.0252265810508806    0.0308883603204749    0.0008915503851409    0.0005516420311861
  0.0253527139561350    0.0287855024552951    0.0008556123321075    0.0005544002413420
  0.0254794775259157    0.0289582493021967    0.0008513977703161    0.0005571722425487
  0.0256068749135453    0.0285287214756965    0.0008391078221945    0.0005599581037615
  0.0257349092881130    0.0282666680198781    0.0008493818232317    0.0005627578942803
  0.0258635838345535    0.0273938510088030    0.0008187834108037    0.0005655716837517
  0.0259929017537263    0.0260672348599060    0.0007842098071640    0.0005683995421704
  0.0261228662624949    0.0251127755279407    0.0007688287207389    0.0005712415398813
  0.0262534805938074    0.0253858967601771    0.0007721981392160    0.0005740977475807
  0.0263847479967764    0.0239552658286629    0.0007517231427546    0.0005769682363186
  0.0265166717367603    0.0234297614905609    0.0007421617106726    0.0005798530775002
  0.0266492550954441    0.0233357666021188    0.0007361240892525    0.0005827523428877
  0.0267825013709213    0.0232948022425000    0.0007340844992961    0.0005856661046021
  0.0269164138777759    0.0231530561273920    0.0007323631229007    0.0005885944351251
  0.0270509959471648    0.0232382876857158    0.0007248245208617    0.0005915374073008
  0.0271862509269006    0.0235396637488972    0.0007346749278697    0.0005944950943373
  0.0273221821815351    0.0222341641990159    0.0007169036530886    0.0005974675698090
  0.0274587930924428    0.0208717666520643    0.0006883838859957    0.0006004549076580
  0.0275960870579050    0.0210270751408280    0.0006953332576879    0.0006034571821963
  0.0277340674931945    0.0208522492353590    0.0006868679038241    0.0006064744681073
  0.0278727378306605    0.0203481077321318    0.0006810513960340    0.0006095068404478
  0.0280121015198138    0.0188025354255850    0.0011086662912101    0.0006139407758670
  0.0280121015198138    0.0212997637941015    0.0006964996973462    0.0006125543746501
  0.0281521620274129    0.0201144249773336    0.0011407688865753    0.0006170104797463
  0.0281521620274129    0.0198628785178625    0.0006672258949140    0.0006156171465233
  0.0282929228375499    0.0219732864337843    0.0007115144432462    0.0006186952322559
  0.0282929228375499    0.0206144138423564    0.0011408579093182    0.0006200955321450
  0.0284343874517377    0.0212320868267056    0.0011593296995688    0.0006231960098058
  0.0284343874517377    0.0221806978567520    0.0007263090069112    0.0006217887084172
  0.0285765593889964    0.0206061643655350    0.0007049630553507    0.0006248976519593
  0.0285765593889964    0.0215839529260899    0.0011753748049869    0.0006263119898548
  0.0287194421859414    0.0238276572401730    0.0012763397854353    0.0006294435498041
  0.0287194421859414    0.0199282547902297    0.0007024006283202    0.0006280221402191
  0.0288630393968711    0.0225099661948356    0.0011901634803315    0.0006325907675531
  0.0288630393968711    0.0198707972456387    0.0006927789362669    0.0006311622509202
  0.0290073545938554    0.0256333171450108    0.0013658105605166    0.0006357537213908
  0.0290073545938554    0.0198637099523657    0.0006699533300518    0.0006343180621748
  0.0291523913668247    0.0193218371733800    0.0006634104636958    0.0006374896524857
  0.0291523913668247    0.0241374602112773    0.0012643748352003    0.0006389324899978
  0.0292981533236588    0.0242445469016003    0.0012319763824441    0.0006421271524478
  0.0292981533236588    0.0197140494407706    0.0006695882968585    0.0006406771007481
  0.0294446440902771    0.0228673853466255    0.0011514185902240    0.0006453377882100
  0.0294446440902771    0.0188548271094764    0.0006501724301056    0.0006438804862518
  0.0295918673107285    0.0236802207693110    0.0011680499552943    0.0006485644771511
  0.0297398266472821    0.0230200531288667    0.0011186195695150    0.0006518072995368
  0.0298885257805185    0.0237688766137073    0.0011635988357445    0.0006550663360345
  0.0300379684094211    0.0220657760666713    0.0010666181646478    0.0006583416677147
  0.0301881582514682    0.0223282130273511    0.0010745204876395    0.0006616333760533
  0.0303390990427256    0.0225360624279236    0.0010842435040552    0.0006649415429335
  0.0304907945379392    0.0212455193103261    0.0009980075299312    0.0006682662506482
  0.0306432485106289    0.0218613942380228    0.0010474261359946    0.0006716075819014
  0.0307964647531820    0.0183837071105649    0.0008478584763902    0.0006749656198109
  0.0309504470769479    0.0190933406972640    0.0008938294594222    0.0006783404479100
  0.0311051993123327    0.0168576665535290    0.0007648719394136    0.0006817321501495
  0.0312607253088943    0.0168098467841196    0.0007901099713374    0.0006851408109003
  0.0314170289354388    0.0163142431920351    0.0007643677737157    0.0006885665149548
  0.0315741140801160    0.0151072470555351    0.0006968969894410    0.0006920093475296
  0.0317319846505165    0.0139506484555375    0.0006399457586582    0.0006954693942672
  0.0318906445737691    0.0139558416132970    0.0006508970575533    0.0006989467412385
  0.0320500977966380    0.0137459413172970    0.0006450950599628    0.0007024414749447
  0.0322103482856212    0.0124151630203465    0.0005683855785691    0.0007059536823195
  0.0323714000270493    0.0119357837430286    0.0005515080063458    0.0007094834507311
  0.0325332570271845    0.0112530804074697    0.0005068282440298    0.0007130308679847
  0.0326959233123204    0.0114987157894648    0.0005255517815915    0.0007165960223246
  0.0328594029288820    0.0116713470506738    0.0005270460090252    0.0007201790024363
  0.0330236999435264    0.0109560664006099    0.0004760988405940    0.0007237798974484
  0.0331888184432441    0.0109208852667271    0.0004733013816873    0.0007273987969357
  0.0333547625354603    0.0114145964816802    0.0004915776950419    0.0007310357909204
  0.0335215363481376    0.0112622069299283    0.0004839760119692    0.0007346909698750
  0.0336891440298783    0.0117934191796358    0.0005030964356413    0.0007383644247243
  0.0338575897500276    0.0117503962393329    0.0004906345683753    0.0007420562468480
  0.0340268776987778    0.0120927096662245    0.0005007016356498    0.0007457665280822
  0.0341970120872717    0.0131501285412650    0.0005315168113016    0.0007494953607226
  0.0343679971477080    0.0121733259987028    0.0004808317420725    0.0007532428375262
  0.0345398371334466    0.0130209176853818    0.0005135245120656    0.0007570090517139
  0.0347125363191138    0.0126779813046066    0.0004933425050797    0.0007607940969724
  0.0348860990007094    0.0120609708438675    0.0004654440450282    0.0007645980674573
  0.0350605294957129    0.0137647731885333    0.0005262781541689    0.0007684210577946
  0.0352358321431915    0.0123848242625370    0.0004692770491076    0.0007722631630835
  0.0354120113039074    0.0114951298884831    0.0004315250052523    0.0007761244788990
  0.0355890713604269    0.0122042718383744    0.0004586645203315    0.0007800051012935
  0.0357670167172291    0.0113215460688581    0.0004201892759551    0.0007839051267999
  0.0359458518008152    0.0111996332668495    0.0004152542254458    0.0007878246524339
  0.0361255810598193    0.0104100974747785    0.0003914347408868    0.0007917637756961
  0.0363062089651184    0.0099410949445353    0.0003682828552044    0.0007957225945746
  0.0364877400099440    0.0092213281268619    0.0003352345976845    0.0007997012075475
  0.0366701787099937    0.0095527862575269    0.0003557786530380    0.0008036997135852
  0.0368535296035436    0.0089731911219270    0.0003350151649674    0.0008077182121531
  0.0370377972515614    0.0080399154263386    0.0002959621286081    0.0008117568032139
  0.0372229862378192    0.0082436930526382    0.0003061131556213    0.0008158155872299
  0.0374091011690083    0.0073644243118454    0.0002749545178003    0.0008198946651661
  0.0375961466748533    0.0074334696458683    0.0002818003931240    0.0008239941384919
  0.0377841274082275    0.0066857157318768    0.0002499364768332    0.0008281141091844
  0.0379730480452687    0.0067937905170696    0.0002539402809502    0.0008322546797303
  0.0381629132854950    0.0066335871701113    0.0002464820522694    0.0008364159531290
  0.0383537278519225    0.0068863167212324    0.0002594194312001    0.0008405980328946
  0.0385454964911821    0.0060071280919567    0.0002193419221819    0.0008448010230591
  0.0387382239736380    0.0065388895533771    0.0002392147510119    0.0008490250281744
  0.0389319150935062    0.0064519321600757    0.0002358368133878    0.0008532701533152
  0.0391265746689737    0.0060157198498490    0.0002190725889267    0.0008575365040818
  0.0393222075423186    0.0064520189498081    0.0002333808305104    0.0008618241866022
  0.0395188185800302    0.0061481221981083    0.0002175623405789    0.0008661333075352
  0.0397164126729303    0.0060266722146969    0.0002093963990543    0.0008704639740729
  0.0399149947362950    0.0059332752088681    0.0002061896811178    0.0008748162939433
  0.0401145697099764    0.0062315003172366    0.0002156575343633    0.0008791903754130
  0.0403151425585263    0.0060419902691654    0.0002093681220750    0.0008835863272901
  0.0405167182713189    0.0055142513934896    0.0001926134804606    0.0008880042589265
  0.0407193018626755    0.0057192899274736    0.0001967527750947    0.0008924442802211
  0.0409228983719889    0.0058452328115952    0.0001986208176898    0.0008969065016223
  0.0411275128638489    0.0059276892840978    0.0001986405594263    0.0009013910341304
  0.0413331504281681    0.0052925421031700    0.0001807808594420    0.0009058979893010
  0.0415398161803089    0.0052584931198541    0.0001797947314759    0.0009104274792475
  0.0417475152612105    0.0049783123089247    0.0001688156175939    0.0009149796166438
  0.0419562528375165    0.0045699473583875    0.0001587416388759    0.0009195545147270
  0.0421660341017041    0.0044923317241419    0.0001568430408111    0.0009241522873006
  0.0423768642722126    0.0043943067195075    0.0001512115518120    0.0009287730487371
  0.0425887485935737    0.0041819106744106    0.0001461525765718    0.0009334169139808
  0.0428016923365415    0.0038485874221370    0.0001380059547348    0.0009380839985507
  0.0430157007982242    0.0037593743661162    0.0001340743976409    0.0009427744185435
  0.0432307793022154    0.0035520579686826    0.0001282084694638    0.0009474882906362
  0.0434469331987264    0.0036029012969136    0.0001311573555666    0.0009522257320894
  0.0436641678647200    0.0034367287194754    0.0001254978361305    0.0009569868607498
  0.0438824887040437    0.0032982019505236    0.0001202273698566    0.0009617717950536
  0.0441019011475639    0.0031777329519637    0.0001158913467410    0.0009665806540288
  0.0443224106533017    0.0028972705922320    0.0001075969265506    0.0009714135572990
  0.0445440227065682    0.0029549203323498    0.0001068866028665    0.0009762706250855
  0.0447667428201010    0.0031278723012015    0.0001126055921344    0.0009811519782109
  0.0449905765342015    0.0030372432451221    0.0001091476239442    0.0009860577381019
  0.0452155294168725    0.0030316985447953    0.0001091224955835    0.0009909880267924
  0.0454416070639569    0.0030207697298313    0.0001071447170465    0.0009959429669264
  0.0456688150992767    0.0031706834222255    0.0001114545975850    0.0010009226817610
  0.0458971591747730    0.0029291263824774    0.0001027343572398    0.0010059272951698
  0.0461266449706469    0.0029485226916705    0.0001039384050436    0.0010109569316457
  0.0463572781955001    0.0026573431045594    0.0000964377630042    0.0010160117163039
  0.0465890645864776    0.0024794514166392    0.0000915305540742    0.0010210917748854
  0.0468220099094100    0.0025178183116605    0.0000897514527634    0.0010261972337599
  0.0470561199589570    0.0024114922161719    0.0000880967533431    0.0010313282199287
  0.0472914005587518    0.0021871746799544    0.0000815071732619    0.0010364848610283
  0.0475278575615456    0.0022418281283563    0.0000828198315425    0.0010416672853335
  0.0477654968493533    0.0022672123006963    0.0000830331962410    0.0010468756217601
  0.0480043243336001    0.0020004859594042    0.0000765959399771    0.0010521099998689
  0.0482443459552681    0.0019335445551435    0.0000742090528184    0.0010573705498683
  0.0484855676850444    0.0018248276668537    0.0000711931752769    0.0010626574026176
  0.0487279955234696    0.0017552956171341    0.0000694026490922    0.0010679706896307
  0.0489716355010870    0.0017156987855057    0.0000691755837496    0.0010733105430788
  0.0492164936785924    0.0016430228394734    0.0000683818568906    0.0010786770957942
  0.0494625761469853    0.0017077002345580    0.0000714752676242    0.0010840704812732
  0.0497098890277203    0.0015495248454084    0.0000645769091984    0.0010894908336796
  0.0499584384728589    0.0014922436018312    0.0000605262432327    0.0010949382878480
  0.0502082306652232    0.0013772577021872    0.0000583950939223    0.0011004129792872
  0.0504592718185493    0.0015325367421975    0.0000616659461813    0.0011059150441837
  0.0507115681776420    0.0014198197287749    0.0000577629579150    0.0011114446194046
  0.0509651260185302    0.0013419110332932    0.0000560525013077    0.0011170018425016
  0.0512199516486228    0.0012172355458064    0.0000530660038447    0.0011225868517141
  0.0514760514068660    0.0012651151957871    0.0000535278153660    0.0011281997859727
  0.0517334316639003    0.0013772434118707    0.0000559923602648    0.0011338407849025
  0.0519920988222198    0.0013240362795789    0.0000550158467098    0.0011395099888270
  0.0522520593163309    0.0012474551578749    0.0000520784324178    0.0011452075387712
  0.0525133196129125    0.0011637984704043    0.0000502086584535    0.0011509335764650
  0.0527758862109771    0.0011685989583493    0.0000501423468785    0.0011566882443474
  0.0530397656420320    0.0011216359662410    0.0000484010904844    0.0011624716855691
  0.0533049644702421    0.0009761452411417    0.0000456786517842    0.0011682840439969
  0.0535714892925933    0.0010301646799490    0.0000472734457319    0.0011741254642169
  0.0538393467390563    0.0009582025993318    0.0000455537920867    0.0011799960915380
  0.0541085434727516    0.0009673430826773    0.0000462209251812    0.0011858960719957
  0.0543790861901153    0.0009105662384075    0.0000424305172907    0.0011918255523557
  0.0546509816210659    0.0008679249134113    0.0000410199854854    0.0011977846801175
  0.0549242365291712    0.0009482510303535    0.0000422889258900    0.0012037736035181
  0.0551988577118171    0.0008524907157610    0.0000399168020917    0.0012097924715356
  0.0554748520003761    0.0008357562034154    0.0000387346647702    0.0012158414338933
  0.0557522262603780    0.0009630494543632    0.0000420724611865    0.0012219206410628
  0.0560309873916799    0.0008070202055143    0.0000383646194641    0.0012280302442681
  0.0563111423286383    0.0008659946311823    0.0000399138708069    0.0012341703954894
  0.0565926980402815    0.0009014581282799    0.0000409386933849    0.0012403412474669
  0.0568756615304829    0.0008872533895553    0.0000401183394681    0.0012465429537042
  0.0571600398381353    0.0008235994688516    0.0000386788522662    0.0012527756684727
  0.0574458400373259    0.0007970061563306    0.0000374487030063    0.0012590395468151
  0.0577330692375126    0.0008344473723489    0.0000373225002169    0.0012653347445492
  0.0580217345837001    0.0007916190160472    0.0000372682355903    0.0012716614182719
  0.0583118432566186    0.0007322200481559    0.0000355199055143    0.0012780197253633
  0.0586034024729017    0.0007855710383946    0.0000374003384089    0.0012844098239901
  0.0588964194852662    0.0007675758180944    0.0000355005921314    0.0012908318731101
  0.0591909015826925    0.0007361572841284    0.0000354108366113    0.0012972860324756
  0.0594868560906060    0.0007292061031964    0.0000346964163565    0.0013037724626380
  0.0597842903710590    0.0007749164402102    0.0000361549167819    0.0013102913249512
  0.0600832118229143    0.0007430651595215    0.0000346025121354    0.0013168427815759
  0.0603836278820289    0.0007075366498450    0.0000340147201177    0.0013234269954838
  0.0606855460214390    0.0007014465416982    0.0000334320708534    0.0013300441304612
  0.0609889737515462    0.0007325515111124    0.0000344126498099    0.0013366943511135
  0.0612939186203039    0.0007024496945815    0.0000334923644538    0.0013433778228691
  0.0616003882134054    0.0007029984358839    0.0000329456122566    0.0013500947119834
  0.0619083901544725    0.0007094154174902    0.0000338481442814    0.0013568451855434
  0.0622179321052448    0.0007370779010437    0.0000343016290248    0.0013636294114711
  0.0625290217657710    0.0006764901623340    0.0000325880041477    0.0013704475585284
  0.0628416668745999    0.0007460707017577    0.0000347526941243    0.0013772997963211
  0.0631558752089729    0.0007232900011416    0.0000333868457401    0.0013841862953027
  0.0634716545850177    0.0007067851076210    0.0000329407760532    0.0013911072267792
  0.0637890128579428    0.0006251729229233    0.0000313370082050    0.0013980627629131
  0.0641079579222325    0.0007351449314556    0.0000335345887339    0.0014050530767277
  0.0644284977118437    0.0006954546234902    0.0000327606422866    0.0014120783421113
  0.0647506402004029    0.0007137570215048    0.0000333586018281    0.0014191387338218
  0.0650743934014049    0.0006947024023138    0.0000332418592160    0.0014262344274910
  0.0653997653684119    0.0006544792449741    0.0000329055461730    0.0014333655996284
  0.0657267641952540    0.0007433263398271    0.0000352103624444    0.0014405324276266
  0.0660553980162302    0.0006781780194830    0.0000337451908403    0.0014477350897647
  0.0663856750063114    0.0007168353804256    0.0000339218271466    0.0014549737652135
  0.0667176033813429    0.0007154458015403    0.0000331210891382    0.0014622486340396
  0.0670511913982496    0.0006194709242900    0.0000310244450735    0.0014695598772098
  0.0673864473552409    0.0006739696314926    0.0000318259269364    0.0014769076765958
  0.0677233795920171    0.0006856824815097    0.0000322873065208    0.0014842922149788
  0.0680619964899772    0.0006658899322368    0.0000316387718727    0.0014917136760537
  0.0684023064724270    0.0007243196953835    0.0000329963990532    0.0014991722444340
  0.0687443180047892    0.0006254051612912    0.0000307246391262    0.0015066681056561
  0.0690880395948131    0.0006515058894715    0.0000312691537026    0.0015142014461844
  0.0694334797927871    0.0006526733166690    0.0000301124620625    0.0015217724534153
  0.0697806471917511    0.0006346705835390    0.0000303600887086    0.0015293813156824
  0.0701295504277098    0.0007331144795644    0.0000319830816457    0.0015370282222608
  0.0704801981798484    0.0006438699139744    0.0000303272995669    0.0015447133633721
  0.0708325991707476    0.0007062776132555    0.0000305444438152    0.0015524369301890
  0.0711867621666013    0.0006898195124005    0.0000306963954675    0.0015601991148399
  0.0715426959774343    0.0006325186037760    0.0000293782594794    0.0015680001104141
  0.0719004094573215    0.0006585943089656    0.0000295937236451    0.0015758401109662
  0.0722599115046081    0.0006898228823715    0.0000297101161264    0.0015837193115210
  0.0726212110621311    0.0006556086222448    0.0000287832157697    0.0015916379080786
  0.0729843171174418    0.0006393417691685    0.0000289319165478    0.0015995960976190
  0.0733492387030290    0.0006296630515837    0.0000287744362607    0.0016075940781071
  0.0737159848965441    0.0006649177991659    0.0000293725663860    0.0016156320484977
  0.0740845648210268    0.0007023339915868    0.0000300111946602    0.0016237102087402
  0.0744549876451319    0.0006209696806979    0.0000282579247274    0.0016318287597839
  0.0748272625833576    0.0006390839030399    0.0000280380755555    0.0016399879035828
  0.0752013988962744    0.0006154711679674    0.0000282271117964    0.0016481878431007
  0.0755774058907557    0.0006029532894722    0.0000266147510931    0.0016564287823162
  0.0759552929202095    0.0006176914962851    0.0000276864831086    0.0016647109262278
  0.0763350693848105    0.0005873017731437    0.0000265811018659    0.0016730344808589
  0.0767167447317346    0.0005706269104020    0.0000262718686291    0.0016813996532632
  0.0771003284553933    0.0005760431827976    0.0000268319450085    0.0016898066515295
  0.0774858300976702    0.0005273091898565    0.0000255736623968    0.0016982556847872
  0.0778732592481586    0.0005480696208131    0.0000257022730329    0.0017067469632111
  0.0782626255443993    0.0005404549263758    0.0000254982189491    0.0017152806980272
  0.0786539386721213    0.0004789121491248    0.0000239410482143    0.0017238571015173
  0.0790472083654819    0.0004891021968473    0.0000240944957108    0.0017324763870249
  0.0794424444073093    0.0004561203924151    0.0000233921873991    0.0017411387689600
  0.0798396566293459    0.0004928877119204    0.0000240340382964    0.0017498444628048
  0.0802388549124926    0.0004825165287338    0.0000234622351600    0.0017585936851188
  0.0806400491870551    0.0004804712047038    0.0000236707464524    0.0017673866535444
  0.0810432494329903    0.0004538329435975    0.0000230165202790    0.0017762235868121
  0.0814484656801553    0.0004350178730576    0.0000220134929171    0.0017851047047462
  0.0814484656801553    0.0003204587752791    0.0000464596780127    0.0017824600981311
  0.0818557080085560    0.0004244052797010    0.0000257922299698    0.0017913723986218
  0.0818557080085560    0.0004140972842842    0.0000217862588404    0.0017940302282699
  0.0822649865485988    0.0004299877022249    0.0000222299910585    0.0018030003794113
  0.0822649865485988    0.0003719670904503    0.0000223419620176    0.0018003292606149
  0.0826763114813418    0.0003695069737170    0.0000222395489201    0.0018093309069180
  0.0826763114813418    0.0004269729380246    0.0000219970942090    0.0018120153813083
  0.0830896930387485    0.0004475425852958    0.0000226240265189    0.0018210754582149
  0.0830896930387485    0.0003739402681103    0.0000224418558939    0.0018183775614526
  0.0835051415039422    0.0003869610569449    0.0000232434169793    0.0018274694492598
  0.0835051415039422    0.0003629504537001    0.0000205301215774    0.0018301808355060
  0.0839226672114619    0.0003708616438011    0.0000212785084278    0.0018393317396835
  0.0839226672114619    0.0003153890050758    0.0000194062051177    0.0018366067965061
  0.0843422805475192    0.0003267709267074    0.0000199779382732    0.0018457898304886
  0.0843422805475192    0.0003825700738265    0.0000210728710479    0.0018485283983819
  0.0847639919502568    0.0003799427581520    0.0000209615826163    0.0018577710403738
  0.0847639919502568    0.0002912248842134    0.0000175365814547    0.0018550187796411
  0.0851878119100081    0.0003379694207902    0.0000194692132980    0.0018642938735393
  0.0851878119100081    0.0003477174644191    0.0000206351249836    0.0018670598955757
  0.0856137509695581    0.0003125365987032    0.0000180742551158    0.0018736153429070
  0.0856137509695581    0.0003607688761558    0.0000202944928005    0.0018763951950536
  0.0860418197244059    0.0002724545882188    0.0000186108867286    0.0018857771710288
  0.0860418197244059    0.0002924627388324    0.0000172687632858    0.0018829834196215
  0.0864720288230279    0.0003255283498371    0.0000192710333655    0.0018952060568840
  0.0864720288230279    0.0002825307004811    0.0000167815428944    0.0018923983367196
  0.0869043889671431    0.0002980965426350    0.0000188018843220    0.0019046820871684
  0.0869043889671431    0.0002536095106079    0.0000152830473158    0.0019018603284032
  0.0873389109119788    0.0002448269373416    0.0000149513695836    0.0019113696300452
  0.0873389109119788    0.0002794353584346    0.0000182112211651    0.0019142054976042
  0.0877756054665386    0.0002706158097305    0.0000185818172504    0.0019237765250923
  0.0877756054665386    0.0002336294524551    0.0000139076309607    0.0019209264781955
  0.0882144834938713    0.0002478682518884    0.0000146197770745    0.0019305311105865
  0.0882144834938713    0.0002970988728821    0.0000187150014948    0.0019333954077177
  0.0886555559113407    0.0002599454175033    0.0000178292764293    0.0019430623847563
  0.0886555559113407    0.0002328096232677    0.0000139973215703    0.0019401837661394
  0.0890988336908974    0.0002235755776417    0.0000131953428458    0.0019498846849701
  0.0890988336908974    0.0002500160062348    0.0000176122918638    0.0019527776966801
  0.0895443278593518    0.0002095457920757    0.0000169386546284    0.0019625415851635
  0.0895443278593518    0.0002166394792216    0.0000130662331155    0.0019596341083949
  0.0899920494986486    0.0002326779367645    0.0000135586002624    0.0019694322789369
  0.0899920494986486    0.0002369453054661    0.0000178143425936    0.0019723542930893
  0.0904420097461418    0.0002498477372947    0.0000173694595626    0.0019822160645547
  0.0904420097461418    0.0002005786408932    0.0000118875926783    0.0019792794403316
  0.0908942197948725    0.0002008822732268    0.0000118312617590    0.0019891758375332
  0.0908942197948725    0.0001883111743702    0.0000160860449010    0.0019921271448775
  0.0913486908938469    0.0001560734750200    0.0000104621074623    0.0019991217167209
  0.0913486908938469    0.0002541580011648    0.0000175628169048    0.0020020877806019
  0.0918054343483161    0.0001699185592509    0.0000108186735127    0.0020091173253045
  0.0918054343483161    0.0002009844034653    0.0000164629566100    0.0020120982195049
  0.0922644615200577    0.0001603476364763    0.0000105977596898    0.0020191629119310
  0.0922644615200577    0.0001960301705049    0.0000169077790314    0.0020221587106024
  0.0927257838276579    0.0002168343201962    0.0000169226000788    0.0020322695041555
  0.0927257838276579    0.0001800747820060    0.0000109827255189    0.0020292587264907
  0.0931894127467962    0.0001397797493795    0.0000095476056881    0.0020394050201231
  0.0931894127467962    0.0001959573181571    0.0000164854760519    0.0020424308516762
  0.0936553598105302    0.0002149623465078    0.0000169997109793    0.0020526430059346
  0.0936553598105302    0.0001537023811462    0.0000099665200950    0.0020496020452238
  0.0941236366095829    0.0001419777760069    0.0000088611476690    0.0020598500554499
  0.0941236366095829    0.0001591513309628    0.0000154193294101    0.0020629062209643
  0.0945942547926308    0.0001499206697545    0.0000092795448183    0.0020701493057271
  0.0945942547926308    0.0001474940326997    0.0000153942691399    0.0020732207520691
  0.0950672260665939    0.0001331103902054    0.0000087510511548    0.0020805000522558
  0.0950672260665939    0.0001731371818312    0.0000161077142578    0.0020835868558295
  0.0955425621969268    0.0001469039624635    0.0000089297042605    0.0020909025525170
  0.0960202750079115    0.0001510599375987    0.0000091127132358    0.0021013570652796
  0.0965003763829510    0.0001118963846771    0.0000081067870401    0.0021118638506060
  0.0969828782648658    0.0001113960261583    0.0000076793321119    0.0021224231698591
  0.0974677926561901    0.0001073090903894    0.0000073188962068    0.0021330352857084
  0.0979551316194710    0.0001075234689971    0.0000076729332452    0.0021437004621369
  0.0984449072775684    0.0000944663781032    0.0000067920851445    0.0021544189644476
  0.0989371318139562    0.0001000570273727    0.0000071489098960    0.0021651910592698
  0.0994318174730260    0.0001028293016799    0.0000070079181220    0.0021760170145662
  0.0999289765603911    0.0000976785057889    0.0000066442594126    0.0021868970996390
  0.1004286214431930    0.0000950175485501    0.0000067443679795    0.0021978315851372
  0.1009307645504090    0.0001011163887643    0.0000068030591725    0.0022088207430629
  0.1014354183731610    0.0000872028807465    0.0000061059474261    0.0022198648467782
  0.1019425954650268    0.0000893209579478    0.0000063263402531    0.0022309641710121
  0.1024523084423520    0.0000904455904056    0.0000064851007559    0.0022421189918671
  0.1029645699845637    0.0000895470361958    0.0000061252002490    0.0022533295868265
  0.1034793928344865    0.0000914421070108    0.0000061048943718    0.0022645962347606
  0.1039967897986589    0.0000838818376516    0.0000060744079791    0.0022759192159344
  0.1045167737476522    0.0000811300030784    0.0000056100799910    0.0022872988120141
  0.1050393576163905    0.0000753924435982    0.0000056852353211    0.0022987353060742
  0.1055645544044724    0.0000810560739877    0.0000057023463570    0.0023102289826045
  0.1060923771764948    0.0000757619709130    0.0000052742723219    0.0023217801275175
  0.1066228390623772    0.0000732551998909    0.0000051378516073    0.0023333890281551
  0.1071559532576891    0.0000790869632734    0.0000054443192649    0.0023450559732959
  0.1076917330239775    0.0000762508684525    0.0000053566436733    0.0023567812531624
  0.1082301916890974    0.0000718748328698    0.0000050376457556    0.0023685651594282
  0.1087713426475429    0.0000668674435221    0.0000049177935447    0.0023804079852253
  0.1093151993607806    0.0000634668291629    0.0000047708501761    0.0023923100251515
  0.1098617753575845    0.0000770095482654    0.0000050122974861    0.0024042715752772
  0.1104110842343724    0.0000676945153533    0.0000048405948517    0.0024162929331536
  0.1109631396555442    0.0000602382161350    0.0000045478030893    0.0024283743978194
  0.1115179553538219    0.0000694151973278    0.0000044583999073    0.0024405162698085
  0.1120755451305910    0.0000736253827914    0.0000046717685171    0.0024527188511575
  0.1126359228562440    0.0000630169254482    0.0000043248712710    0.0024649824454133
  0.1131991024705252    0.0000625916721040    0.0000045115515362    0.0024773073576404
  0.1137650979828778    0.0000630152166441    0.0000044981377919    0.0024896938944286
  0.1143339234727922    0.0000623714755200    0.0000042078726721    0.0025021423639007
  0.1149055930901561    0.0000624390264780    0.0000042308013261    0.0025146530757202
  0.1154801210556069    0.0000567935491902    0.0000040197334150    0.0025272263410988
  0.1160575216608849    0.0000567902181758    0.0000041183223931    0.0025398624728043
  0.1166378092691893    0.0000602517336123    0.0000040586520701    0.0025525617851683
  0.1172209983155353    0.0000642943656892    0.0000041346363554    0.0025653245940942
  0.1178071033071129    0.0000521504438674    0.0000038084862590    0.0025781512170646
  0.1183961388236485    0.0000501476720307    0.0000037753040057    0.0025910419731500
  0.1189881195177667    0.0000537402714344    0.0000037701530993    0.0026039971830157
  0.1195830601153555    0.0000464141300281    0.0000036040087063    0.0026170171689308
  0.1201809754159323    0.0000521472089921    0.0000037440602509    0.0026301022547755
  0.1207818802930119    0.0000481615481743    0.0000036070433843    0.0026432527660493
  0.1213857896944770    0.0000486733614221    0.0000035710996485    0.0026564690298796
  0.1219927186429494    0.0000443327388031    0.0000034219355248    0.0026697513750290
  0.1226026822361641    0.0000430853075488    0.0000032946164619    0.0026831001319041
  0.1232156956473449    0.0000418480754705    0.0000032118416171    0.0026965156325636
  0.1238317741255816    0.0000398603640652    0.0000032420371033    0.0027099982107265
  0.1244509329962095    0.0000392981171180    0.0000030995251021    0.0027235482017801
  0.1250731876611905    0.0000354605206526    0.0000030471711463    0.0027371659427890
  0.1256985535994965    0.0000331478762237    0.0000028606056626    0.0027508517725029
  0.1263270463674940    0.0000323358705857    0.0000028832285825    0.0027646060313654
  0.1269586815993314    0.0000278350618461    0.0000028456335888    0.0027784290615223
  0.1275934750073280    0.0000349133028791    0.0000028239722417    0.0027923212068299
  0.1282314423823647    0.0000307938967919    0.0000028154111611    0.0028062828128640
  0.1288725995942765    0.0000246445949102    0.0000026532150005    0.0028203142269284
  0.1295169625922478    0.0000290584921992    0.0000026761597764    0.0028344157980630
  0.1301645474052091    0.0000216539853760    0.0000025487813609    0.0028485878770533
  0.1308153701422351    0.0000222252065191    0.0000025368556989    0.0028628308164386
  0.1314694469929463    0.0000219222539458    0.0000024205075506    0.0028771449705208
  0.1321267942279110    0.0000169057138052    0.0000023670244736    0.0028915306953734
  0.1327874281990505    0.0000193145503443    0.0000023719668336    0.0029059883488502
  0.1334513653400458    0.0000184210888794    0.0000022704753985    0.0029205182905945
  0.1341186221667460    0.0000143801056370    0.0000022390048054    0.0029351208820475
  0.1347892152775797    0.0000174684057576    0.0000022476543001    0.0029497964864577
  0.1354631613539676    0.0000140529081522    0.0000020582862302    0.0029645454688900
  0.1361404771607374    0.0000168794022935    0.0000021671599421    0.0029793681962344
  0.1368211795465411    0.0000109684542071    0.0000020698351752    0.0029942650372156
  0.1375052854442738    0.0000133477647063    0.0000020217035864    0.0030092363624017
  0.1381928118714951    0.0000073280708961    0.0000021037697768    0.0030242825442137
  0.1388837759308526    0.0000153491003589    0.0000020796866642    0.0030394039569348
  0.1395781948105068    0.0000096594721800    0.0000018964112184    0.0030546009767194
  0.1402760857845594    0.0000085125547553    0.0000019368173166    0.0030698739816030
  0.1409774662134821    0.0000128890621551    0.0000019283236811    0.0030852233515110
  0.1416823535445495    0.0000098697558244    0.0000019038064891    0.0031006494682686
  0.1423907653122723    0.0000079523352976    0.0000018947508198    0.0031161527156099
  0.1431027191388336    0.0000083123637664    0.0000018941315867    0.0031317334791880
  0.1438182327345278    0.0000094557017926    0.0000019473880202    0.0031473921465839
  0.1445373238982004    0.0000085923504362    0.0000019605350665    0.0031631291073169
  0.1452600105176914    0.0000055986802765    0.0000018121517606    0.0031789447528534
  0.1459863105702798    0.0000067656110153    0.0000017215830386    0.0031948394766177
  0.1467162421231312    0.0000068159420515    0.0000017472925793    0.0032108136740008
  0.1474498233337468    0.0000090100839254    0.0000017183979964    0.0032268677423708
  0.1481870724504156    0.0000077201446861    0.0000017479388633    0.0032430020810827
  0.1489280078126676    0.0000055972946718    0.0000016563402280    0.0032592170914881
  0.1496726478517310    0.0000057481846432    0.0000017036134847    0.0032755131769455
  0.1504210110909896    0.0000054358371792    0.0000016934943119    0.0032918907428302
  0.1511731161464445    0.0000047830253792    0.0000016464492727    0.0033083501965444
  0.1519289817271767    0.0000037781982435    0.0000016073770777    0.0033248919475271
  0.1526886266358126    0.0000010452190238    0.0000015876326697    0.0033415164072647
  0.1534520697689916    0.0000044256529857    0.0000016244833550    0.0033582239893011
  0.1542193301178366    0.0000048973181675    0.0000015649879346    0.0033750151092476
  0.1549904267684257    0.0000079327473622    0.0000016144545858    0.0033918901847938
  0.1557653789022678    0.0000078495820668    0.0000016589063314    0.0034088496357178
  0.1565442057967792    0.0000088050275965    0.0000016199566487    0.0034258938838964
  0.1573269268257630    0.0000047565091099    0.0000016630495416    0.0034430233533158
  0.1581135614598919    0.0000057156541975    0.0000015813037997    0.0034602384700824
  0.1589041292671913    0.0000015610530743    0.0000014663850537    0.0034775396624328
  0.1596986499135272    0.0000049521685455    0.0000014834548148    0.0034949273607450
  0.1604971431630948    0.0000021943868765    0.0000014810847813    0.0035124019975487
  0.1612996288789103    0.0000053605090224    0.0000014983304846    0.0035299640075365
  0.1621061270233048    0.0000028843284736    0.0000014596212380    0.0035476138275741
  0.1629166576584213    0.0000046730137663    0.0000015168272867    0.0035653518967120
  0.1637312409467134    0.0000017842098333    0.0000014368582901    0.0035831786561956
  0.1645498971514470    0.0000043322378887    0.0000014688373243    0.0036010945494766
  0.1653726466372042    0.0000034246615965    0.0000014500470194    0.0036191000222239
  0.1661995098703902    0.0000023462650736    0.0000014069260325    0.0036371955223351
  0.1670305074197421    0.0000036011090451    0.0000014252773134    0.0036553814999467
  0.1678656599568408    0.0000024118776914    0.0000014118549400    0.0036736584074465
  0.1687049882566250   -0.0000004348803648    0.0000013506948126    0.0036920266994837
  0.1695485131979081    0.0000003163549281    0.0000013841746681    0.0037104868329811
  0.1703962557638976    0.0000015082020036    0.0000013735304738    0.0037290392671460
  0.1712482370427171    0.0000005991578290    0.0000013647014485    0.0037476844634817
  0.1721044782279307    0.0000004844320052    0.0000013336217642    0.0037664228857992
  0.1729650006190703    0.0000006420882725    0.0000013833615560    0.0037852550002282
  0.1738298256221656    0.0000013342177369    0.0000013551323473    0.0038041812752293
  0.1746989747502765   -0.0000005609331964    0.0000013487069981    0.0038232021816054
  0.1755724696240278   -0.0000011448645805    0.0000013379846569    0.0038423181925135
  0.1764503319721480   -0.0000000645590640    0.0000013286611167    0.0038615297834760
  0.1773325836320087   -0.0000016948072618    0.0000013703141282    0.0038808374323934
  0.1782192465501687    0.0000006255542791    0.0000013512711055    0.0039002416195554
  0.1791103427829195   -0.0000001738944245    0.0000013654252505    0.0039197428276532
  0.1800058944968341    0.0000003330256130    0.0000013629620558    0.0039393415417914
  0.1809059239693183    0.0000016375367514    0.0000013847656886    0.0039590382495004
  0.1818104535891648   -0.0000011715967238    0.0000013676508673    0.0039788334407479
  0.1827195058571106   -0.0000015021365370    0.0000013478786038    0.0039987276079516
  0.1836331033863962    0.0000014404034297    0.0000013182701333    0.0040187212459914
  0.1845512689033281    0.0000006376556301    0.0000013525166800    0.0040388148522213
  0.1854740252478447    0.0000009443250223    0.0000013536159899    0.0040590089264824
  0.1864013953740840    0.0000022696317628    0.0000013426420990    0.0040793039711149
  0.1873334023509544    0.0000008700455318    0.0000013627885560    0.0040997004909704
  0.1882700693627091    0.0000011278630596    0.0000013373896005    0.0041201989934253
  0.1892114197095226   -0.0000008340829826    0.0000013734374553    0.0041407999883924
  0.1901574768080702   -0.0000002746857434    0.0000014602722787    0.0041615039883344
  0.1911082641921105    0.0000009814194946    0.0000014971554864    0.0041823115082760
  0.1920638055130711    0.0000004980311375    0.0000015003874785    0.0042032230658174
  0.1930241245406364   -0.0000023956288082    0.0000014284971206    0.0042242391811465
  0.1939892451633396    0.0000006079444003    0.0000014243925046    0.0042453603770522
  0.1949591913891562    0.0000018761939223    0.0000014195953541    0.0042665871789375
  0.1959339873461020    0.0000039852046812    0.0000013917549980    0.0042879201148322
  0.1969136572828325   -0.0000002706814751    0.0000013518825869    0.0043093597154063
  0.1978982255692466    0.0000016839193340    0.0000013501885033    0.0043309065139834
  0.1988877166970929   -0.0000016234279738    0.0000013537405847    0.0043525610465533
  0.1998821552805783    0.0000011022103264    0.0000013382481276    0.0043743238517861
  0.2008815660569812   -0.0000012477171771    0.0000013311933387    0.0043961954710450
  0.2018859738872660    0.0000003722579462    0.0000013598317247    0.0044181764484002
  0.2028954037567023   -0.0000029964521366    0.0000013453213664    0.0044402673306422
  0.2039098807754859    0.0000011004978065    0.0000013422732108    0.0044624686672954
  0.2049294301793633   -0.0000014776944691    0.0000012994873935    0.0044847810106319
  0.2059540773302601    0.0000014840019806    0.0000012784600924    0.0045072049156851
  0.2069838477169113   -0.0000003415793132    0.0000012904452918    0.0045297409402635
  0.2080187669554959   -0.0000011454832647    0.0000012750663904    0.0045523896449648
  0.2090588607902733   -0.0000003593367769    0.0000012714836257    0.0045751515931896
  0.2101041550942246    0.0000012459569559    0.0000012804178775    0.0045980273511556
  0.2111546758696958   -0.0000005005708635    0.0000013232226566    0.0046210174879113
  0.2122104492490442   -0.0000015070239315    0.0000012679775791    0.0046441225753509
  0.2132715014952894   -0.0000000299481845    0.0000012577867117    0.0046673431882277
  0.2143378590027659    0.0000003443284955    0.0000012748104843    0.0046906799041688
  0.2154095482977796    0.0000020785352632    0.0000012805541568    0.0047141333036896
  0.2164865960392685   -0.0000002960238596    0.0000012897434813    0.0047377039702081
  0.2175690290194648    0.0000011905073779    0.0000012672627014    0.0047613924900591
  0.2186568741645621   -0.0000006817844006    0.0000012373739998    0.0047851994525094
  0.2197501585353849    0.0000016969896015    0.0000012481617844    0.0048091254497720
  0.2208489093280618    0.0000009109682040    0.0000012828618829    0.0048331710770208
  0.2219531538747021    0.0000011974796859    0.0000012150386641    0.0048573369324059
  0.2230629196440756    0.0000020341523062    0.0000012543059597    0.0048816236170680
  0.2241782342422960   -0.0000005562738954    0.0000012400694093    0.0049060317351533
  0.2252991254135074    0.0000005245523022    0.0000012181032077    0.0049305618938291
  0.2264256210405749    0.0000014237576094    0.0000012779323264    0.0049552147032982
  0.2275577491457778    0.0000016086301925    0.0000012222737824    0.0049799907768147
  0.2286955378915067   -0.0000012400623271    0.0000012412409687    0.0050048907306988
  0.2298390155809641    0.0000033099017593    0.0000012265486731    0.0050299151843523
  0.2309882106588690    0.0000019532507362    0.0000012271677690    0.0050550647602740
  0.2321431517121633   -0.0000005081757592    0.0000012085720798    0.0050803400840754
  0.2333038674707241   -0.0000002324450383    0.0000012242883790    0.0051057417844958
  0.2344703868080777   -0.0000003383556471    0.0000012154569351    0.0051312704934183
  0.2356427387421181    0.0000013234765366    0.0000012145822982    0.0051569268458853
  0.2368209524358286    0.0000028974262832    0.0000012098862117    0.0051827114801148
  0.2380050571980077   -0.0000000706720713    0.0000012043405543    0.0052086250375153
  0.2391950824839977    0.0000001448470380    0.0000011915131811    0.0052346681627029
  0.2403910578964177    0.0000008083409628    0.0000012284668728    0.0052608415035164
  0.2415930131858998    0.0000012869698996    0.0000012353691192    0.0052871457110340
  0.2428009782518292    0.0000004170294113    0.0000012202359333    0.0053135814395892
  0.2440149831430883    0.0000001401494586    0.0000011878394766    0.0053401493467871
  0.2452350580588037    0.0000000346909536    0.0000011911962664    0.0053668500935211
  0.2464612333490978    0.0000008237094155    0.0000012369925378    0.0053936843439887
  0.2476935395158432    0.0000007554642807    0.0000011858955037    0.0054206527657086
  0.2489320072134224    0.0000010936042721    0.0000012004690714    0.0054477560295372
  0.2501766672494895    0.0000033824195011    0.0000012055909598    0.0054749948096848
  0.2514275505857369    0.0000014642991118    0.0000012158465047    0.0055023697837333
  0.2526846883386655    0.0000022187390329    0.0000012056315541    0.0055298816326519
  0.2539481117803589    0.0000006519265616    0.0000011862533473    0.0055575310408152
  0.2552178523392606    0.0000030331292309    0.0000012039422474    0.0055853186960193
  0.2564939416009570    0.0000000363388480    0.0000012304438794    0.0056132452894994
  0.2577764113089617   -0.0000001711297362    0.0000011943854768    0.0056413115159469
  0.2590652933655064   -0.0000017085644504    0.0000011940285325    0.0056695180735266
  0.2603606198323339   -0.0000004937438869    0.0000011976470744    0.0056978656638942
  0.2616624229314956   -0.0000009767245236    0.0000011998814052    0.0057263549922137
  0.2629707350461531   -0.0000003821829262    0.0000012158961782    0.0057549867671748
  0.2642855887213838   -0.0000002862942620    0.0000012095135425    0.0057837617010106
  0.2656070166649907    0.0000009206226784    0.0000012206366001    0.0058126805095157
  0.2669350517483157    0.0000014328828413    0.0000012414772289    0.0058417439120633
  0.2682697270070572   -0.0000011245277688    0.0000012296825835    0.0058709526316236
  0.2696110756420924   -0.0000017359775696    0.0000012568525728    0.0059003073947817
  0.2709591310203028   -0.0000005871757018    0.0000012662242369    0.0059298089317556
  0.2723139266754043    0.0000029021439495    0.0000013115631788    0.0059594579764144
  0.2736754963087813   -0.0000011702931227    0.0000012193568237    0.0059892552662964
  0.2750438737903252   -0.0000006582579789    0.0000012509804068    0.0060192015426279
  0.2764190931592768   -0.0000011507713235    0.0000012526112601    0.0060492975503411
  0.2778011886250731   -0.0000012094184490    0.0000012243351621    0.0060795440380928
