# Experiment IPTS-36897 Run 226613
# Reduction 2.9.0rc3
# Run title: sample2_full_Q_OCV_end-226613-1.
# Run start time: 2026-03-29T04:50:44.076174667
# Reduction time: Sun Mar 29 00:55:34 2026
# Q summing: False
# TOF weighted: False
# Bck in Q: False
# Theta offset: 0.0
# Stitching type: None
# DataRun   NormRun   TwoTheta(deg)  LambdaMin(A)   LambdaMax(A) Qmin(1/A)    Qmax(1/A)    SF_A         SF_B          SF
# 226613    226559    0.739463       2.74975        9.4987       0.0085       0.0294       4.0          0            1.0         
# 226614    226560    2.39957        2.74978        9.49867      0.0277       0.0956       25.0         0            1.0         
# 226615    226561    7.00027        2.74977        9.49868      0.0807       0.2790       196.0        0            1.0         
# Q [1/Angstrom]        R                     dR                    dQ [FWHM]            
  0.0085471828233962    0.3759283980843886    0.4336038314299602    0.0001862941429429
  0.0085899187375132    0.9137727273537454    0.0632367025155829    0.0001872256136577
  0.0086328683312008    0.8109776557059344    0.0527814016297782    0.0001881617417260
  0.0086760326728568    0.8698019679295754    0.0576421758915262    0.0001891025504346
  0.0087194128362210    0.7951514089688095    0.0495045951511061    0.0001900480631868
  0.0087630099004021    0.8484026077455440    0.0548534879930407    0.0001909983035027
  0.0088068249499042    0.8453390365328747    0.0537871114669626    0.0001919532950202
  0.0088508590746537    0.8289381050659503    0.0512906294994734    0.0001929130614953
  0.0088951133700269    0.8523004295330669    0.0528198478616500    0.0001938776268028
  0.0089395889368771    0.8358536971842685    0.0516051797773329    0.0001948470149368
  0.0089842868815615    0.8200540976652335    0.0487075770647982    0.0001958212500115
  0.0090292083159693    0.8482587124088254    0.0501180641659777    0.0001968003562615
  0.0090743543575491    0.9706312361532813    0.0595772783469754    0.0001977843580428
  0.0091197261293369    0.8581250152996578    0.0510569789888398    0.0001987732798331
  0.0091653247599835    1.0039841568300512    0.0618187546390231    0.0001997671462322
  0.0092111513837835    0.7537802527273876    0.0414312786608393    0.0002007659819634
  0.0092572071407024    0.9383687763577057    0.0556925031505113    0.0002017698118732
  0.0093034931764059    0.9811809396000859    0.0588242044593805    0.0002027786609326
  0.0093500106422879    0.8790335830487143    0.0493873665472128    0.0002037925542372
  0.0093967606954993    0.8856311958457367    0.0484084117817908    0.0002048115170084
  0.0094437444989768    0.8380345833422659    0.0439347485875333    0.0002058355745935
  0.0094909632214717    0.8669176506074219    0.0470144037039673    0.0002068647524664
  0.0095384180375791    0.8015777483717029    0.0415913599847789    0.0002078990762288
  0.0095861101277670    0.7943245816135006    0.0401729056348000    0.0002089385716099
  0.0096340406784058    0.8701059117162095    0.0452323275582640    0.0002099832644679
  0.0096822108817978    0.7844585565826396    0.0390248013955522    0.0002110331807903
  0.0097306219362068    0.8128069381544446    0.0407795943739872    0.0002120883466942
  0.0097792750458879    0.8877890283341399    0.0458725063050940    0.0002131487884277
  0.0098281714211173    0.8400768457724352    0.0417342229772083    0.0002142145323698
  0.0098773122782229    0.8533568558908131    0.0420797162496316    0.0002152856050317
  0.0099266988396140    0.8341691308227951    0.0404250749448464    0.0002163620330569
  0.0099763323338121    0.9501310745602367    0.0476214004552068    0.0002174438432221
  0.0100262139954811    0.8116622450522878    0.0383177825100234    0.0002185310624383
  0.0100763450654585    0.8050677468663396    0.0375900277442939    0.0002196237177504
  0.0101267267907858    0.8978057428766902    0.0435265452866129    0.0002207218363392
  0.0101773604247398    0.8073562825987690    0.0368237676699400    0.0002218254455209
  0.0102282472268634    0.7446943178623245    0.0326228010808509    0.0002229345727485
  0.0102793884629978    0.7932902805007270    0.0348868596121457    0.0002240492456122
  0.0103307854053128    0.8323871006863903    0.0374135706359327    0.0002251694918403
  0.0103824393323393    0.8523216619395094    0.0374634997274144    0.0002262953392995
  0.0104343515290010    0.8161360055083962    0.0354950421121468    0.0002274268159960
  0.0104865232866460    0.8120132579301320    0.0343498736192514    0.0002285639500760
  0.0105389559030792    0.8628725379047455    0.0371722248291092    0.0002297067698264
  0.0105916506825946    0.8023002631814340    0.0334704265399874    0.0002308553036755
  0.0106446089360076    0.8925530387074879    0.0379108979246097    0.0002320095801939
  0.0106978319806876    0.7804028139942839    0.0312457850569941    0.0002331696280948
  0.0107513211405911    0.7859205343300232    0.0312759319418878    0.0002343354762353
  0.0108050777462940    0.8108887186348936    0.0320251141635546    0.0002355071536165
  0.0108591031350255    0.7563838545319964    0.0292287284598519    0.0002366846893846
  0.0109133986507006    0.8295241393722801    0.0326195671530823    0.0002378681128315
  0.0109679656439541    0.8624067213985722    0.0343916757258163    0.0002390574533956
  0.0110228054721739    0.8299013818393890    0.0320323008321170    0.0002402527406626
  0.0110779194995348    0.8680244821070315    0.0333836928659343    0.0002414540043659
  0.0111333090970324    0.8207962025947755    0.0311550549039717    0.0002426612743878
  0.0111889756425176    0.8242447503167745    0.0306994580396721    0.0002438745807597
  0.0112449205207302    0.8033913360345648    0.0297052392788565    0.0002450939536635
  0.0113011451233338    0.8906777699646193    0.0332285393568303    0.0002463194234318
  0.0113576508489505    0.8196442706838053    0.0293641940746172    0.0002475510205490
  0.0114144391031953    0.8088379703317642    0.0286925320885830    0.0002487887756517
  0.0114715112987112    0.8089152173366330    0.0281726099393093    0.0002500327195300
  0.0115288688552048    0.8233448467111547    0.0287770580351496    0.0002512828831276
  0.0115865131994808    0.8113389412989265    0.0279374542668539    0.0002525392975433
  0.0116444457654782    0.8067474059750962    0.0275323361404306    0.0002538019940310
  0.0117026679943056    0.8077527028965804    0.0271104427559057    0.0002550710040011
  0.0117611813342771    0.8109260471823283    0.0268891117036906    0.0002563463590212
  0.0118199872409485    0.8616315834151009    0.0290125054450350    0.0002576280908163
  0.0118790871771533    0.8228707689232742    0.0269720991454893    0.0002589162312703
  0.0119384826130390    0.7567739633504575    0.0239567799083655    0.0002602108124267
  0.0119981750261042    0.7822679839604780    0.0246853262611622    0.0002615118664888
  0.0120581659012347    0.7917473953947367    0.0248662015570901    0.0002628194258213
  0.0121184567307409    0.7992144935393293    0.0252135838153460    0.0002641335229504
  0.0121790490143946    0.8251107652727192    0.0260068656871342    0.0002654541905651
  0.0122399442594666    0.7982134357853786    0.0243534812614897    0.0002667814615180
  0.0123011439807639    0.7642972137403649    0.0229235385872245    0.0002681153688255
  0.0123626497006677    0.8387023509776642    0.0259992539326901    0.0002694559456697
  0.0124244629491711    0.8061149569256978    0.0242935804735004    0.0002708032253980
  0.0124865852639169    0.7552606052156867    0.0219528846114051    0.0002721572415250
  0.0125490181902365    0.7445805104806752    0.0212841998272359    0.0002735180277326
  0.0126117632811877    0.8229868451160290    0.0243481562797258    0.0002748856178713
  0.0126748220975936    0.8055932903213908    0.0236453121334045    0.0002762600459607
  0.0127381962080816    0.8196988177358708    0.0238842711416613    0.0002776413461905
  0.0128018871891220    0.8617658552458948    0.0251960172987923    0.0002790295529214
  0.0128658966250676    0.7996651066573573    0.0225445243444758    0.0002804247006860
  0.0129302261081930    0.7799034926983942    0.0217644762762450    0.0002818268241894
  0.0129948772387339    0.7887125879889457    0.0221601037055223    0.0002832359583104
  0.0130598516249276    0.7701252061861285    0.0208983814104478    0.0002846521381019
  0.0131251508830522    0.8006822045583389    0.0220614982244970    0.0002860753987925
  0.0131907766374675    0.7806313479998520    0.0212850016676131    0.0002875057757864
  0.0132567305206548    0.7502246565039810    0.0200432093959978    0.0002889433046653
  0.0133230141732581    0.7416111685775432    0.0197291321855783    0.0002903880211887
  0.0133896292441244    0.7364843063451897    0.0195490749043793    0.0002918399612946
  0.0134565773903450    0.7322704271469606    0.0192258019330586    0.0002932991611011
  0.0135238602772967    0.7490764401534816    0.0197449317793374    0.0002947656569066
  0.0135914795786832    0.7317049102270535    0.0190823240832808    0.0002962394851911
  0.0136594369765766    0.7183052392354449    0.0186351264170930    0.0002977206826171
  0.0137277341614595    0.6666243832472626    0.0166830315863112    0.0002992092860302
  0.0137963728322668    0.6928154771236978    0.0175690014458476    0.0003007053324603
  0.0138653546964281    0.6769418867788090    0.0170024450986952    0.0003022088591226
  0.0139346814699103    0.6535406320523448    0.0162230362976232    0.0003037199034182
  0.0140043548772598    0.6342188728170763    0.0156470420229716    0.0003052385029353
  0.0140743766516461    0.6115468711216739    0.0148430576515939    0.0003067646954500
  0.0141447485349043    0.5883838794867526    0.0141115329764653    0.0003082985189273
  0.0142154722775789    0.5617116697545119    0.0134562868503828    0.0003098400115219
  0.0142865496389668    0.5449192195505170    0.0129456819640232    0.0003113892115795
  0.0143579823871616    0.5410140364231240    0.0129838757613097    0.0003129461576374
  0.0144297722990974    0.5171534992063790    0.0123055743283811    0.0003145108884256
  0.0145019211605929    0.5029777451837866    0.0118551254287442    0.0003160834428677
  0.0145744307663958    0.4966330949872238    0.0118559575909379    0.0003176638600821
  0.0146473029202278    0.4498053770278887    0.0105628151163773    0.0003192521793825
  0.0147205394348290    0.4489127379310313    0.0106492479962857    0.0003208484402794
  0.0147941421320031    0.4230308375858129    0.0099267756664877    0.0003224526824808
  0.0148681128426631    0.4075496112155578    0.0095819549042366    0.0003240649458932
  0.0149424534068764    0.3950121831164728    0.0093403997168771    0.0003256852706226
  0.0150171656739108    0.3677697680074911    0.0085030049067746    0.0003273136969758
  0.0150922515022804    0.3462859354893469    0.0082119735863239    0.0003289502654606
  0.0151677127597918    0.3396447677238218    0.0083259737622694    0.0003305950167879
  0.0152435513235907    0.3190990376043898    0.0078832472230783    0.0003322479918719
  0.0153197690802087    0.2904093361094428    0.0068471437996418    0.0003339092318312
  0.0153963679256097    0.2732814265962211    0.0062957614291885    0.0003355787779904
  0.0154733497652378    0.2589773137250126    0.0060209709726277    0.0003372566718803
  0.0155507165140639    0.2593942216919587    0.0060751425566840    0.0003389429552397
  0.0156284700966343    0.2332608686846132    0.0054586639949712    0.0003406376700159
  0.0157066124471174    0.2109526167358656    0.0049663280846912    0.0003423408583660
  0.0157851455093530    0.1978732949453571    0.0046830642185930    0.0003440525626579
  0.0158640712368998    0.1796940173519517    0.0043017474243310    0.0003457728254711
  0.0159433915930843    0.1703804487366454    0.0041885276696310    0.0003475016895985
  0.0160231085510497    0.1567324077196224    0.0038283600675912    0.0003492391980465
  0.0161032240938049    0.1666343506429114    0.0040334010535910    0.0003509853940367
  0.0161837402142740    0.1575915188041128    0.0037787162034117    0.0003527403210069
  0.0162646589153453    0.1519500161568082    0.0037035224949514    0.0003545040226119
  0.0163459822099221    0.1493541690444546    0.0036871275310332    0.0003562765427250
  0.0164277121209717    0.1333593495636647    0.0032952733955245    0.0003580579254386
  0.0165098506815765    0.1296728504871454    0.0032443808981123    0.0003598482150658
  0.0165923999349844    0.1291510605272325    0.0033214091258631    0.0003616474561411
  0.0166753619346593    0.1149436662719463    0.0030263569144943    0.0003634556934219
  0.0167587387443326    0.1079809939159969    0.0027194439468023    0.0003652729718890
  0.0168425324380543    0.1102392215193250    0.0027253886757484    0.0003670993367484
  0.0169267451002446    0.1061292921833904    0.0026061008012906    0.0003689348334321
  0.0170113788257458    0.1031286557256253    0.0025451428961660    0.0003707795075993
  0.0170964357198745    0.1010800491027998    0.0024999903555807    0.0003726334051373
  0.0171819178984739    0.1023013734424691    0.0025296783313420    0.0003744965721630
  0.0172678274879662    0.0991963950072165    0.0024820571550464    0.0003763690550238
  0.0173541666254061    0.1008775899697162    0.0024834376936222    0.0003782509002989
  0.0174409374585331    0.0953100778767958    0.0023910157859186    0.0003801421548004
  0.0175281421458258    0.0951267889488433    0.0023960624933363    0.0003820428655744
  0.0176157828565549    0.0921992424594033    0.0023312044876254    0.0003839530799023
  0.0177038617708377    0.0970014087292366    0.0024378707369844    0.0003858728453018
  0.0177923810796918    0.0904091521663173    0.0022302573055899    0.0003878022095283
  0.0178813429850903    0.0929719276841818    0.0022859990566061    0.0003897412205760
  0.0179707497000158    0.0941908985181442    0.0023191331334715    0.0003916899266788
  0.0180606034485158    0.0926651734168939    0.0022668259651842    0.0003936483763122
  0.0181509064657584    0.0910163343879099    0.0022533328448798    0.0003956166181938
  0.0182416609980872    0.0901903709278304    0.0021787142992271    0.0003975947012848
  0.0183328693030776    0.0847985754043380    0.0020925814245101    0.0003995826747912
  0.0184245336495930    0.0893436155411962    0.0021927996761934    0.0004015805881651
  0.0185166563178410    0.0879137106185630    0.0021447631983421    0.0004035884911060
  0.0186092395994302    0.0901640775223073    0.0022064959114093    0.0004056064335615
  0.0187022857974273    0.0869899978279606    0.0021052124198908    0.0004076344657293
  0.0187957972264145    0.0852817343739526    0.0020741786127093    0.0004096726380580
  0.0188897762125465    0.0861974080915112    0.0020877094159759    0.0004117210012482
  0.0189842250936093    0.0841132599322717    0.0020425056450916    0.0004137796062545
  0.0190791462190773    0.0801019503847695    0.0019808655437545    0.0004158485042858
  0.0191745419501727    0.0812335159207737    0.0019915374618890    0.0004179277468072
  0.0192704146599236    0.0737316449144321    0.0018274937791530    0.0004200173855412
  0.0193667667332232    0.0754127469953993    0.0018704879885695    0.0004221174724689
  0.0194636005668893    0.0727718800246341    0.0018251786608542    0.0004242280598313
  0.0195609185697237    0.0720863868553339    0.0018002408523249    0.0004263492001304
  0.0196587231625724    0.0702695740224455    0.0017757131941684    0.0004284809461311
  0.0197570167783852    0.0647939604869881    0.0016649657552843    0.0004306233508617
  0.0198558018622771    0.0640987892126730    0.0016766668349979    0.0004327764676160
  0.0199550808715885    0.0615131583376947    0.0016203896112582    0.0004349403499541
  0.0200548562759465    0.0636989426520434    0.0017097373961626    0.0004371150517039
  0.0201551305573262    0.0621198076831396    0.0017092655901418    0.0004393006269624
  0.0202559062101128    0.0584567344397270    0.0016472901614450    0.0004414971300972
  0.0203571857411634    0.0566318836531799    0.0015881612811900    0.0004437046157477
  0.0204589716698692    0.0555963475727648    0.0015520273407424    0.0004459231388264
  0.0205612665282185    0.0544283521430121    0.0015317053258057    0.0004481527545206
  0.0206640728608596    0.0503667238892663    0.0014313010206539    0.0004503935182932
  0.0207673932251639    0.0489681277031366    0.0013992368613781    0.0004526454858846
  0.0208712301912897    0.0478163332235260    0.0013578035761195    0.0004549087133141
  0.0209755863422462    0.0485009082824663    0.0013940921152836    0.0004571832568806
  0.0210804642739574    0.0465811075501348    0.0013420418415940    0.0004594691731650
  0.0211858665953272    0.0430262980385311    0.0012512852735796    0.0004617665190309
  0.0212917959283038    0.0431171433602337    0.0012523260757428    0.0004640753516260
  0.0213982549079454    0.0407460306452853    0.0012009028515610    0.0004663957283842
  0.0215052461824851    0.0418836826614527    0.0012132094320816    0.0004687277070261
  0.0216127724133975    0.0390367675154154    0.0011461147132046    0.0004710713455612
  0.0217208362754645    0.0372380684264444    0.0010938549398609    0.0004734267022890
  0.0218294404568418    0.0365476733233815    0.0010869256935978    0.0004757938358005
  0.0219385876591260    0.0361525600841606    0.0010772847865801    0.0004781728049795
  0.0220482805974216    0.0381957818936130    0.0011045022237440    0.0004805636690044
  0.0221585220004087    0.0361634844918498    0.0010719460837259    0.0004829664873494
  0.0222693146104108    0.0349096241025012    0.0010303145189880    0.0004853813197861
  0.0223806611834628    0.0364093703865700    0.0010700221468674    0.0004878082263851
  0.0224925644893802    0.0364460909810068    0.0010711243546004    0.0004902472675170
  0.0226050273118271    0.0369310717130458    0.0010771109013256    0.0004926985038546
  0.0227180524483862    0.0342871159144950    0.0010190138291254    0.0004951619963738
  0.0228316427106281    0.0332434272851559    0.0010008902528556    0.0004976378063557
  0.0229458009241813    0.0340454727607770    0.0010073593260244    0.0005001259953875
  0.0230605299288022    0.0344848230385496    0.0010145254471044    0.0005026266253644
  0.0231758325784462    0.0342609023995359    0.0010124578302893    0.0005051397584912
  0.0232917117413384    0.0317702360855029    0.0009437477371165    0.0005076654572837
  0.0234081703000451    0.0320238275841851    0.0009540897986238    0.0005102037845701
  0.0235252111515453    0.0319652044399817    0.0009479989252679    0.0005127548034930
  0.0236428372073030    0.0320152762724980    0.0009489426994710    0.0005153185775104
  0.0237610513933395    0.0314760638412980    0.0009390237171159    0.0005178951703980
  0.0238798566503062    0.0317573179852858    0.0009332753708368    0.0005204846462500
  0.0239992559335578    0.0301405062106775    0.0009058798323276    0.0005230870694812
  0.0241192522132255    0.0291611962107157    0.0008832754137374    0.0005257025048286
  0.0242398484742917    0.0295202320703194    0.0008888535719615    0.0005283310173528
  0.0243610477166631    0.0299527368226769    0.0009007246606476    0.0005309726724395
  0.0244828529552464    0.0276375870395962    0.0008405213831463    0.0005336275358017
  0.0246052672200227    0.0275843742457281    0.0008470227076576    0.0005362956734807
  0.0247282935561228    0.0265732528320645    0.0008220124720187    0.0005389771518482
  0.0248519350239034    0.0270403405471183    0.0008280025292506    0.0005416720376074
  0.0249761946990229    0.0259303204336132    0.0008064669274913    0.0005443803977954
  0.0251010756725180    0.0237401628623806    0.0007672853887088    0.0005471022997844
  0.0252265810508806    0.0247123276963629    0.0007821104480523    0.0005498378112833
  0.0253527139561350    0.0254313925859633    0.0007964322683041    0.0005525870003397
  0.0254794775259157    0.0218296917074496    0.0007169435738995    0.0005553499353414
  0.0256068749135453    0.0227790660692157    0.0007437599763028    0.0005581266850181
  0.0257349092881130    0.0216976537451785    0.0007228535773364    0.0005609173184432
  0.0258635838345535    0.0203838796795737    0.0006839506104692    0.0005637219050355
  0.0259929017537263    0.0199504979625691    0.0006726977677261    0.0005665405145606
  0.0261228662624949    0.0197489900017303    0.0006733244928211    0.0005693732171334
  0.0262534805938074    0.0190850025806215    0.0006532045369320    0.0005722200832191
  0.0263847479967764    0.0178071187223468    0.0006386613153442    0.0005750811836352
  0.0265166717367603    0.0197672933302256    0.0006709507004325    0.0005779565895534
  0.0266492550954441    0.0182640663185029    0.0006420138786962    0.0005808463725011
  0.0267825013709213    0.0176863355527121    0.0006239618584360    0.0005837506043636
  0.0269164138777759    0.0164298423457413    0.0006028359280302    0.0005866693573855
  0.0270509959471648    0.0163710907435039    0.0005959363486650    0.0005896027041724
  0.0271862509269006    0.0166391214937397    0.0006041535594036    0.0005925507176933
  0.0273221821815351    0.0175373670256720    0.0006239492323905    0.0005955134712817
  0.0274587930924428    0.0159812734221895    0.0005916865880247    0.0005984910386381
  0.0275960870579050    0.0157137096428718    0.0005911217195173    0.0006014834938313
  0.0277340674931945    0.0148498037836779    0.0005685590999738    0.0006044909113005
  0.0278727378306605    0.0192017506227784    0.0065844342407831    0.0006105335196238
  0.0278727378306605    0.0149750722754800    0.0005717500408032    0.0006075133658570
  0.0280121015198138    0.0161162081005767    0.0009669196924647    0.0006135861872219
  0.0280121015198138    0.0148506973057344    0.0005712652260857    0.0006105509326863
  0.0281521620274129    0.0149618636367829    0.0005649941833738    0.0006136036873497
  0.0281521620274129    0.0166030601313426    0.0009718769104658    0.0006166541181580
  0.0282929228375499    0.0147427428635809    0.0008446434009609    0.0006197373887488
  0.0282929228375499    0.0155486559172275    0.0005918474400960    0.0006166717057864
  0.0284343874517377    0.0146606854501607    0.0005805364244804    0.0006197550643154
  0.0284343874517377    0.0171910669755126    0.0009891366223980    0.0006228360756926
  0.0285765593889964    0.0171986626312771    0.0009633531040645    0.0006259502560710
  0.0285765593889964    0.0154859649034116    0.0006008173697193    0.0006228538396370
  0.0287194421859414    0.0158462324678786    0.0009029360345985    0.0006290800073514
  0.0287194421859414    0.0152814034762646    0.0006031299015370    0.0006259681088351
  0.0288630393968711    0.0165749491521874    0.0009177786008151    0.0006322254073881
  0.0288630393968711    0.0134618950460832    0.0005519356183367    0.0006290979493793
  0.0290073545938554    0.0130325932804010    0.0005307060484678    0.0006322434391262
  0.0290073545938554    0.0170188922064870    0.0009584112540074    0.0006353865344251
  0.0291523913668247    0.0160084500203744    0.0008844426045651    0.0006385634670972
  0.0291523913668247    0.0136055108715409    0.0005465712130900    0.0006354046563218
  0.0292981533236588    0.0157730680353713    0.0008649674433487    0.0006417562844327
  0.0292981533236588    0.0127256261848345    0.0005244668264723    0.0006385816796034
  0.0294446440902771    0.0151225727931063    0.0008070535984370    0.0006449650658548
  0.0295918673107285    0.0147812839271517    0.0007831625323165    0.0006481898911841
  0.0297398266472821    0.0139935012226298    0.0007374653201288    0.0006514308406400
  0.0298885257805185    0.0136663335224727    0.0007349015355379    0.0006546879948432
  0.0300379684094211    0.0122390380333497    0.0006492686291842    0.0006579614348175
  0.0301881582514682    0.0116034202559199    0.0006315761701145    0.0006612512419915
  0.0303390990427256    0.0110683306781344    0.0005931003213919    0.0006645574982015
  0.0304907945379392    0.0103551689026017    0.0005593069621787    0.0006678802856925
  0.0306432485106289    0.0104327106649234    0.0005656372651114    0.0006712196871210
  0.0307964647531820    0.0083634648238757    0.0004537724623335    0.0006745757855566
  0.0309504470769479    0.0084237675480802    0.0004697832402157    0.0006779486644844
  0.0311051993123327    0.0067026923454616    0.0003721498341403    0.0006813384078068
  0.0312607253088943    0.0068076603520139    0.0003864292446684    0.0006847450998458
  0.0314170289354388    0.0068401992357875    0.0003943111522181    0.0006881688253450
  0.0315741140801160    0.0061624291884901    0.0003491085643565    0.0006916096694718
  0.0317319846505165    0.0056335068618053    0.0003238161214868    0.0006950677178191
  0.0318906445737691    0.0060748570377159    0.0003442465431874    0.0006985430564082
  0.0320500977966380    0.0057248388131030    0.0003348171971535    0.0007020357716903
  0.0322103482856212    0.0051758986473049    0.0002988049800440    0.0007055459505487
  0.0323714000270493    0.0053488389495684    0.0003045198245321    0.0007090736803015
  0.0325332570271845    0.0054210741517459    0.0002957963624784    0.0007126190487030
  0.0326959233123204    0.0055622101159522    0.0003041550649268    0.0007161821439465
  0.0328594029288820    0.0056215223919774    0.0003056983595301    0.0007197630546662
  0.0330236999435264    0.0054613458213301    0.0002887910095132    0.0007233618699395
  0.0331888184432441    0.0055366758552645    0.0002884817613231    0.0007269786792892
  0.0333547625354603    0.0057888850801544    0.0002959039693553    0.0007306135726857
  0.0335215363481376    0.0057336921903996    0.0002926730564724    0.0007342666405491
  0.0336891440298783    0.0058497669621116    0.0003002256801178    0.0007379379737519
  0.0338575897500276    0.0061460116584989    0.0003014188657313    0.0007416276636206
  0.0340268776987778    0.0065166841176297    0.0003145225275917    0.0007453358019387
  0.0341970120872717    0.0062168779099684    0.0003009661522474    0.0007490624809484
  0.0343679971477080    0.0056291045702562    0.0002719343276134    0.0007528077933532
  0.0345398371334466    0.0056958910795402    0.0002768925892685    0.0007565718323199
  0.0347125363191138    0.0054491927834278    0.0002613257001776    0.0007603546914815
  0.0348860990007094    0.0054257154103358    0.0002579675711999    0.0007641564649389
  0.0350605294957129    0.0053477958165649    0.0002578638943655    0.0007679772472636
  0.0352358321431915    0.0049832324364766    0.0002379810818248    0.0007718171334999
  0.0354120113039074    0.0047078081304887    0.0002272809349215    0.0007756762191674
  0.0355890713604269    0.0046183661843261    0.0002251791075090    0.0007795546002633
  0.0357670167172291    0.0040031773580808    0.0001976017820926    0.0007834523732646
  0.0359458518008152    0.0040309271824665    0.0001997706577586    0.0007873696351309
  0.0361255810598193    0.0037088403269146    0.0001891425951035    0.0007913064833066
  0.0363062089651184    0.0032618125756518    0.0001685193624813    0.0007952630157231
  0.0364877400099440    0.0026530612985233    0.0001464840842810    0.0007992393308017
  0.0366701787099937    0.0026287628770324    0.0001523162633504    0.0008032355274557
  0.0368535296035436    0.0026688467107167    0.0001487646366973    0.0008072517050930
  0.0370377972515614    0.0025769302544158    0.0001378539086427    0.0008112879636185
  0.0372229862378192    0.0022815264821616    0.0001315232875042    0.0008153444034366
  0.0374091011690083    0.0020173791573749    0.0001190778623503    0.0008194211254538
  0.0375961466748533    0.0024044073608366    0.0001338170204345    0.0008235182310810
  0.0377841274082275    0.0018851946683285    0.0001110064836946    0.0008276358222364
  0.0379730480452687    0.0020160149389795    0.0001180870730225    0.0008317740013476
  0.0381629132854950    0.0018850960757067    0.0001118639649397    0.0008359328713543
  0.0383537278519225    0.0019333340077643    0.0001161648774800    0.0008401125357111
  0.0385454964911821    0.0017278523908210    0.0001010268846749    0.0008443130983897
  0.0387382239736380    0.0020781548451558    0.0001153916904524    0.0008485346638816
  0.0389319150935062    0.0018735544926780    0.0001080562819641    0.0008527773372010
  0.0391265746689737    0.0020533500292017    0.0001111819681385    0.0008570412238870
  0.0393222075423186    0.0019885486967687    0.0001092259066385    0.0008613264300065
  0.0395188185800302    0.0019616890514353    0.0001051338617963    0.0008656330621565
  0.0397164126729303    0.0019754737272286    0.0001022920983140    0.0008699612274673
  0.0399149947362950    0.0017447120492660    0.0000953078668261    0.0008743110336046
  0.0401145697099764    0.0019588441751539    0.0001028952324266    0.0008786825887726
  0.0403151425585263    0.0018312645155014    0.0000972016222139    0.0008830760017165
  0.0405167182713189    0.0016474996046932    0.0000905833621251    0.0008874913817251
  0.0407193018626755    0.0015305933211726    0.0000875966964368    0.0008919288386337
  0.0409228983719889    0.0014924618232580    0.0000855660261363    0.0008963884828269
  0.0411275128638489    0.0013024068612715    0.0000782618072738    0.0009008704252410
  0.0413331504281681    0.0014190331514514    0.0000803777659572    0.0009053747773672
  0.0415398161803089    0.0012239556180505    0.0000756368844291    0.0009099016512541
  0.0417475152612105    0.0010634136262966    0.0000680593077909    0.0009144511595103
  0.0419562528375165    0.0010763373766949    0.0000675219553302    0.0009190234153079
  0.0421660341017041    0.0008983367263553    0.0000610240584934    0.0009236185323844
  0.0423768642722126    0.0007850870339065    0.0000576797647542    0.0009282366250463
  0.0425887485935737    0.0007470751615624    0.0000544986445554    0.0009328778081716
  0.0428016923365415    0.0007269877729205    0.0000553459477527    0.0009375421972124
  0.0430157007982242    0.0007296341907082    0.0000537613395268    0.0009422299081985
  0.0432307793022154    0.0006768907231226    0.0000518520864042    0.0009469410577395
  0.0434469331987264    0.0006331911010695    0.0000501430162427    0.0009516757630282
  0.0436641678647200    0.0005995936481800    0.0000487745605705    0.0009564341418433
  0.0438824887040437    0.0005949179181115    0.0000471963985452    0.0009612163125525
  0.0441019011475639    0.0006056188139987    0.0000466163707523    0.0009660223941153
  0.0443224106533017    0.0006112651351148    0.0000462696559614    0.0009708525060859
  0.0445440227065682    0.0005613409383578    0.0000433209391642    0.0009757067686163
  0.0447667428201010    0.0005245218993575    0.0000442499999606    0.0009805853024594
  0.0449905765342015    0.0005874869619388    0.0000446861566057    0.0009854882289717
  0.0452155294168725    0.0005317591395938    0.0000432906059102    0.0009904156701165
  0.0454416070639569    0.0005678642475103    0.0000429654673224    0.0009953677484671
  0.0456688150992767    0.0005605340000733    0.0000435852845459    0.0010003445872095
  0.0458971591747730    0.0004600064814305    0.0000384062421542    0.0010053463101455
  0.0461266449706469    0.0004717831234878    0.0000384975494325    0.0010103730416962
  0.0463572781955001    0.0004498994054412    0.0000368310202891    0.0010154249069047
  0.0465890645864776    0.0004425020081220    0.0000365988111851    0.0010205020314392
  0.0468220099094100    0.0003466563377782    0.0000333098014304    0.0010256045415964
  0.0470561199589570    0.0003381669125481    0.0000316830840953    0.0010307325643044
  0.0472914005587518    0.0003567365400326    0.0000315788969664    0.0010358862271259
  0.0475278575615456    0.0002684973861542    0.0000278201479597    0.0010410656582616
  0.0477654968493533    0.0002652995728682    0.0000281607148482    0.0010462709865529
  0.0480043243336001    0.0002414253919772    0.0000271153949345    0.0010515023414856
  0.0482443459552681    0.0002513822674176    0.0000277111645390    0.0010567598531931
  0.0484855676850444    0.0002289611550316    0.0000251870945670    0.0010620436524590
  0.0487279955234696    0.0001511395835503    0.0000236580381241    0.0010673538707213
  0.0489716355010870    0.0002001332527747    0.0000238563101185    0.0010726906400749
  0.0492164936785924    0.0001901142555007    0.0000238655408584    0.0010780540932753
  0.0494625761469853    0.0001761304447023    0.0000248541044831    0.0010834443637417
  0.0497098890277203    0.0001341588997438    0.0000216016665284    0.0010888615855604
  0.0499584384728589    0.0001973910750510    0.0000242024809732    0.0010943058934882
  0.0502082306652232    0.0001853837237284    0.0000230208295105    0.0010997774229556
  0.0504592718185493    0.0001510680685134    0.0000217475088981    0.0011052763100704
  0.0507115681776420    0.0001622099930101    0.0000210022682508    0.0011108026916208
  0.0509651260185302    0.0001472119751162    0.0000205951180006    0.0011163567050789
  0.0512199516486228    0.0001214086094313    0.0000197706248592    0.0011219384886043
  0.0514760514068660    0.0001330940330631    0.0000191487809861    0.0011275481810473
  0.0517334316639003    0.0001291859996343    0.0000211986111087    0.0011331859219525
  0.0519920988222198    0.0001419598144615    0.0000194840300516    0.0011388518515623
  0.0522520593163309    0.0001117097388367    0.0000176598691361    0.0011445461108201
  0.0525133196129125    0.0001384115378762    0.0000197669882707    0.0011502688413742
  0.0527758862109771    0.0001163518573343    0.0000186485723015    0.0011560201855811
  0.0530397656420320    0.0001058707971381    0.0000177019682942    0.0011618002865090
  0.0533049644702421    0.0000898365745143    0.0000169503637850    0.0011676092879415
  0.0535714892925933    0.0001112312515261    0.0000177064850519    0.0011734473343812
  0.0538393467390563    0.0000912174533845    0.0000167028449808    0.0011793145710531
  0.0541085434727516    0.0000581685514209    0.0000156761772936    0.0011852111439084
  0.0543790861901153    0.0001189942704367    0.0000170982015510    0.0011911371996279
  0.0546509816210659    0.0000781692407538    0.0000150813541999    0.0011970928856261
  0.0549242365291712    0.0001084418508774    0.0000166953979989    0.0012030783500542
  0.0551988577118171    0.0000755096016608    0.0000160947634596    0.0012090937418045
  0.0554748520003761    0.0000985846082430    0.0000156323240431    0.0012151392105135
  0.0557522262603780    0.0001176322639705    0.0000167751688515    0.0012212149065661
  0.0560309873916799    0.0000947925468222    0.0000162517942575    0.0012273209810989
  0.0563111423286383    0.0000834482018333    0.0000147815380536    0.0012334575860044
  0.0565926980402815    0.0001113455090218    0.0000159585624107    0.0012396248739344
  0.0568756615304829    0.0000816236525454    0.0000158616783487    0.0012458229983041
  0.0571600398381353    0.0000754253432786    0.0000145414530447    0.0012520521132956
  0.0574458400373259    0.0000672310240816    0.0000141164748813    0.0012583123738621
  0.0577330692375126    0.0000849000155614    0.0000136808305136    0.0012646039357314
  0.0580217345837001    0.0000814663205754    0.0000144072046237    0.0012709269554101
  0.0583118432566186    0.0000677683787579    0.0000133680895258    0.0012772815901871
  0.0586034024729017    0.0000921678109965    0.0000152200727728    0.0012836679981380
  0.0588964194852662    0.0000572870087095    0.0000130035968197    0.0012900863381287
  0.0591909015826925    0.0000810623338732    0.0000147173255157    0.0012965367698194
  0.0594868560906060    0.0000857469831302    0.0000143211838331    0.0013030194536685
  0.0597842903710590    0.0000887290032677    0.0000141234303954    0.0013095345509368
  0.0600832118229143    0.0000751730403883    0.0000140786700561    0.0013160822236915
  0.0603836278820289    0.0000793137134110    0.0000140815857772    0.0013226626348100
  0.0606855460214390    0.0000843467907341    0.0000138588976206    0.0013292759479840
  0.0609889737515462    0.0000839598952069    0.0000146634015878    0.0013359223277239
  0.0612939186203039    0.0001039343894288    0.0000151721025602    0.0013426019393626
  0.0616003882134054    0.0001034853857713    0.0000141592970374    0.0013493149490594
  0.0619083901544725    0.0000694489248914    0.0000141914581807    0.0013560615238047
  0.0622179321052448    0.0001011344792486    0.0000142244196777    0.0013628418314237
  0.0625290217657710    0.0000997956597527    0.0000148840882441    0.0013696560405808
  0.0628416668745999    0.0000716503314827    0.0000151216348057    0.0013765043207837
  0.0631558752089729    0.0000985441934934    0.0000137797102748    0.0013833868423876
  0.0634716545850177    0.0000817996166582    0.0000139157707666    0.0013903037765996
  0.0637890128579428    0.0000969460012592    0.0000141289419837    0.0013972552954826
  0.0641079579222325    0.0000770354522682    0.0000135058788341    0.0014042415719600
  0.0644284977118437    0.0000967849893475    0.0000142390844686    0.0014112627798198
  0.0647506402004029    0.0001036830839257    0.0000142763529286    0.0014183190937189
  0.0650743934014049    0.0000795250322017    0.0000141870253123    0.0014254106891875
  0.0653997653684119    0.0001007180603909    0.0000150678654031    0.0014325377426334
  0.0657267641952540    0.0001197220662146    0.0000162396986514    0.0014397004313466
  0.0660553980162302    0.0001135668929418    0.0000152088855111    0.0014468989335033
  0.0663856750063114    0.0000870731850169    0.0000143091429792    0.0014541334281708
  0.0667176033813429    0.0001134013075595    0.0000157137015016    0.0014614040953117
  0.0670511913982496    0.0001031490039592    0.0000153708889251    0.0014687111157882
  0.0673864473552409    0.0000803427197972    0.0000136714399531    0.0014760546713672
  0.0677233795920171    0.0001049843851380    0.0000144015966109    0.0014834349447240
  0.0680619964899772    0.0001230184672754    0.0000151224205826    0.0014908521194476
  0.0684023064724270    0.0001010553394106    0.0000139979327435    0.0014983063800449
  0.0687443180047892    0.0001092715957669    0.0000147401127239    0.0015057979119451
  0.0690880395948131    0.0000673488806604    0.0000128609489703    0.0015133269015048
  0.0694334797927871    0.0000940589688967    0.0000142964764006    0.0015208935360123
  0.0697806471917511    0.0000912128298026    0.0000136017011037    0.0015284980036924
  0.0701295504277098    0.0001059157240225    0.0000140110761505    0.0015361404937109
  0.0704801981798484    0.0001011532929155    0.0000145653989555    0.0015438211961794
  0.0708325991707476    0.0001070718063179    0.0000136063947338    0.0015515403021603
  0.0711867621666013    0.0001143665231775    0.0000139025658149    0.0015592980036711
  0.0715426959774343    0.0001012498618030    0.0000135530717746    0.0015670944936895
  0.0719004094573215    0.0000924190559570    0.0000132096523194    0.0015749299661579
  0.0722599115046081    0.0000832298953133    0.0000135168892585    0.0015828046159887
  0.0726212110621311    0.0000900767178998    0.0000130288947961    0.0015907186390686
  0.0729843171174418    0.0001103178309161    0.0000137931315709    0.0015986722322640
  0.0733492387030290    0.0001031753968233    0.0000132712371684    0.0016066655934253
  0.0737159848965441    0.0001156176362572    0.0000135658790027    0.0016146989213924
  0.0740845648210268    0.0000964702860978    0.0000132084974515    0.0016227724159994
  0.0744549876451319    0.0000991866044443    0.0000124896820664    0.0016308862780794
  0.0748272625833576    0.0000930790192732    0.0000120495657417    0.0016390407094698
  0.0752013988962744    0.0000906373045611    0.0000125984142241    0.0016472359130171
  0.0755774058907557    0.0000715914533014    0.0000120253769815    0.0016554720925822
  0.0759552929202095    0.0000859996769203    0.0000124849332567    0.0016637494530451
  0.0763350693848105    0.0000856241092588    0.0000129959315905    0.0016720682003104
  0.0767167447317346    0.0000953804224191    0.0000132783237630    0.0016804285413119
  0.0771003284553933    0.0000997008375314    0.0000128931397378    0.0016888306840185
  0.0774858300976702    0.0001005621628759    0.0000123857047511    0.0016972748374386
  0.0778732592481586    0.0000602636557319    0.0000109665600427    0.0017057612116258
  0.0782626255443993    0.0000815554355720    0.0000120769116611    0.0017142900176839
  0.0786539386721213    0.0000721719369675    0.0000110470969045    0.0017228614677723
  0.0790472083654819    0.0000745216253169    0.0000117189584212    0.0017314757751112
  0.0794424444073093    0.0000976155774647    0.0000123299395651    0.0017401331539867
  0.0798396566293459    0.0000856011453894    0.0000116248134478    0.0017488338197567
  0.0802388549124926    0.0000824853880759    0.0000115949479790    0.0017575779888554
  0.0806400491870551    0.0000723648236218    0.0000111600404788    0.0017663658787997
  0.0810432494329903    0.0000566121931580    0.0000096556769313    0.0017751977081937
  0.0814484656801553    0.0000795394394375    0.0000110478899168    0.0017840736967347
  0.0814484656801553    0.0000241852791462    0.0000121179897561    0.0017824351815493
  0.0818557080085560    0.0000423699334408    0.0000095441472566    0.0017929940652184
  0.0818557080085560    0.0000482262853485    0.0000067731414648    0.0017913473574570
  0.0822649865485988    0.0000592764503732    0.0000106953912036    0.0018019590355445
  0.0822649865485988    0.0000434372047062    0.0000060463103302    0.0018003040942443
  0.0826763114813418    0.0000594359079908    0.0000069903017939    0.0018093056147155
  0.0826763114813418    0.0000612929114976    0.0000106647620237    0.0018109688307222
  0.0830896930387485    0.0000629090769465    0.0000073319912170    0.0018183521427891
  0.0830896930387485    0.0000670025280073    0.0000109039396028    0.0018200236748758
  0.0835051415039422    0.0000623866832744    0.0000102557419641    0.0018291237932502
  0.0835051415039422    0.0000330747897655    0.0000063051995750    0.0018274439035031
  0.0839226672114619    0.0000494052001657    0.0000104791375078    0.0018382694122164
  0.0839226672114619    0.0000326762595929    0.0000056607179827    0.0018365811230206
  0.0843422805475192    0.0000380770097330    0.0000062374641560    0.0018457640286357
  0.0843422805475192    0.0000694435085774    0.0000112064428315    0.0018474607592775
  0.0847639919502568    0.0000471273790575    0.0000061178545802    0.0018549928487789
  0.0847639919502568    0.0000592207974725    0.0000106928087926    0.0018566980630739
  0.0851878119100081    0.0000545951689434    0.0000101747961772    0.0018659815533893
  0.0851878119100081    0.0000354231481396    0.0000059247145313    0.0018642678130228
  0.0856137509695581    0.0000368931341490    0.0000057991921045    0.0018735891520879
  0.0856137509695581    0.0000417100162114    0.0000094703773644    0.0018753114611562
  0.0860418197244059    0.0000422345462234    0.0000057433563011    0.0018829570978483
  0.0860418197244059    0.0000413395223867    0.0000098713730158    0.0018846880184620
  0.0864720288230279    0.0000418394902940    0.0000058963345018    0.0018923718833375
  0.0864720288230279    0.0000387076688111    0.0000097029650146    0.0018941114585543
  0.0869043889671431    0.0000348883924131    0.0000057636391677    0.0019018337427542
  0.0869043889671431    0.0000208607998856    0.0000101264068703    0.0019035820158471
  0.0873389109119788    0.0000310750197779    0.0000095873399571    0.0019130999259263
  0.0873389109119788    0.0000385021433915    0.0000057288874899    0.0019113429114680
  0.0877756054665386    0.0000284606399803    0.0000100094770631    0.0019226654255559
  0.0877756054665386    0.0000258321523169    0.0000052694876162    0.0019208996260253
  0.0882144834938713    0.0000326175329780    0.0000095886548305    0.0019322787526837
  0.0882144834938713    0.0000292873171723    0.0000056512582197    0.0019305041241555
  0.0886555559113407    0.0000216176571758    0.0000055496152503    0.0019401566447762
  0.0886555559113407    0.0000411617815767    0.0000094333872745    0.0019419401464471
  0.0890988336908974    0.0000253573922159    0.0000095738284598    0.0019516498471794
  0.0890988336908974    0.0000200272680674    0.0000049653264304    0.0019498574280001
  0.0895443278593518    0.0000221640637243    0.0000084417582026    0.0019614080964153
  0.0895443278593518    0.0000254179808957    0.0000052139196234    0.0019596067151401
  0.0899920494986486    0.0000169113751045    0.0000053131916886    0.0019694047487158
  0.0899920494986486    0.0000213796658615    0.0000088908461725    0.0019712151368973
  0.0904420097461418    0.0000330997937644    0.0000052579291106    0.0019792517724594
  0.0904420097461418    0.0000192530639947    0.0000086378006632    0.0019810712125818
  0.0908942197948725    0.0000248162886121    0.0000051678734143    0.0019891480313217
  0.0908942197948725    0.0000222811021986    0.0000092725413871    0.0019909765686447
  0.0913486908938469    0.0000164651435214    0.0000086311803029    0.0020009314514879
  0.0913486908938469    0.0000152741097367    0.0000048595561489    0.0019990937714783
  0.0918054343483161    0.0000266779755312    0.0000089401045498    0.0020109361087454
  0.0918054343483161    0.0000273726630209    0.0000048526791451    0.0020090892403357
  0.0922644615200577    0.0000259487861342    0.0000086669435814    0.0020209907892891
  0.0922644615200577    0.0000185003027111    0.0000048669541513    0.0020191346865374
  0.0927257838276579    0.0000147126666385    0.0000046146032996    0.0020292303599701
  0.0927257838276579    0.0000172731300885    0.0000094261503065    0.0020310957432356
  0.0931894127467962    0.0000316417996422    0.0000102383577161    0.0020412512219517
  0.0931894127467962    0.0000124850628373    0.0000047596409922    0.0020393765117699
  0.0936553598105302    0.0000058496136155    0.0000044727562212    0.0020495733943288
  0.0936553598105302    0.0000263838802107    0.0000097169833982    0.0020514574780615
  0.0941236366095829    0.0000121147683206    0.0000092143877496    0.0020617147654518
  0.0941236366095829    0.0000047562244199    0.0000042416652550    0.0020598212613004
  0.0945942547926308    0.0000201220837455    0.0000090077961320    0.0020720233392791
  0.0945942547926308    0.0000168248452250    0.0000041223759634    0.0020701203676069
  0.0950672260665939    0.0000109297307284    0.0000085660121609    0.0020823834559755
  0.0950672260665939    0.0000181762934652    0.0000043777060011    0.0020804709694449
  0.0955425621969268    0.0000151897196989    0.0000042676663854    0.0020908733242922
  0.0960202750079115    0.0000101974915657    0.0000043665326394    0.0021013276909136
  0.0965003763829510    0.0000124907840832    0.0000043300998425    0.0021118343293682
  0.0969828782648658    0.0000131521912556    0.0000040151074334    0.0021223935010150
  0.0974677926561901    0.0000097853183050    0.0000039504213268    0.0021330054685201
  0.0979551316194710    0.0000149995948174    0.0000041104762983    0.0021436704958627
  0.0984449072775684    0.0000060474189000    0.0000037910969573    0.0021543888483420
  0.0989371318139562    0.0000076966991707    0.0000038717682130    0.0021651607925837
  0.0994318174730260    0.0000042873845296    0.0000036234578164    0.0021759865965467
  0.0999289765603911    0.0000092486581710    0.0000036987615401    0.0021868665295294
  0.1004286214431930    0.0000129998481481    0.0000036819704017    0.0021978008621770
  0.1009307645504090    0.0000160408143297    0.0000039281418472    0.0022087898664879
  0.1014354183731610    0.0000102792690104    0.0000033729984109    0.0022198338158204
  0.1019425954650268    0.0000050867315748    0.0000035737365648    0.0022309329848995
  0.1024523084423520    0.0000061696165122    0.0000035647289444    0.0022420876498240
  0.1029645699845637    0.0000105761382955    0.0000035679279336    0.0022532980880731
  0.1034793928344865    0.0000039803174113    0.0000034389929488    0.0022645645785134
  0.1039967897986589    0.0000123370247008    0.0000036240344191    0.0022758874014060
  0.1045167737476522    0.0000112570356084    0.0000034491044861    0.0022872668384130
  0.1050393576163905    0.0000029712414865    0.0000033965800972    0.0022987031726051
  0.1055645544044724    0.0000132223667171    0.0000033282943600    0.0023101966884681
  0.1060923771764948    0.0000070030802778    0.0000030804004174    0.0023217476719105
  0.1066228390623772    0.0000084776187910    0.0000032133445075    0.0023333564102700
  0.1071559532576891    0.0000118391183954    0.0000033294872294    0.0023450231923214
  0.1076917330239775    0.0000159457436018    0.0000031750836212    0.0023567483082830
  0.1082301916890974    0.0000046421587422    0.0000031236477253    0.0023685320498244
  0.1087713426475429    0.0000078196339447    0.0000030564392302    0.0023803747100735
  0.1093151993607806    0.0000084875166382    0.0000029767130411    0.0023922765836239
  0.1098617753575845    0.0000051280708638    0.0000029893712524    0.0024042379665420
  0.1104110842343724    0.0000134523529298    0.0000030425920105    0.0024162591563747
  0.1109631396555442    0.0000108268938452    0.0000027849409776    0.0024283404521566
  0.1115179553538219    0.0000064454390656    0.0000027750365325    0.0024404821544174
  0.1120755451305910    0.0000090988232971    0.0000028275940286    0.0024526845651895
  0.1126359228562440    0.0000094673738411    0.0000027476546068    0.0024649479880154
  0.1131991024705252    0.0000116693862087    0.0000028044349363    0.0024772727279555
  0.1137650979828778    0.0000066798154056    0.0000027802827948    0.0024896590915953
  0.1143339234727922    0.0000080318397484    0.0000027337883210    0.0025021073870532
  0.1149055930901561    0.0000063773668138    0.0000027943075790    0.0025146179239885
  0.1154801210556069    0.0000124060838007    0.0000027194853413    0.0025271910136084
  0.1160575216608849    0.0000096100258613    0.0000026826050555    0.0025398269686765
  0.1166378092691893    0.0000045134085523    0.0000025072708583    0.0025525261035199
  0.1172209983155353    0.0000122592237349    0.0000025314785487    0.0025652887340375
  0.1178071033071129    0.0000036925092165    0.0000025247830813    0.0025781151777077
  0.1183961388236485    0.0000112456833517    0.0000025683765559    0.0025910057535962
  0.1189881195177667    0.0000133718952215    0.0000026642283583    0.0026039607823642
  0.1195830601153555    0.0000055121902966    0.0000024874959614    0.0026169805862760
  0.1201809754159323    0.0000021564288046    0.0000025046763798    0.0026300654892074
  0.1207818802930119    0.0000075690004206    0.0000025496170059    0.0026432158166534
  0.1213857896944770    0.0000095929685764    0.0000025367374349    0.0026564318957367
  0.1219927186429494    0.0000078066181293    0.0000023600130930    0.0026697140552154
  0.1226026822361641    0.0000005950639763    0.0000021656193748    0.0026830626254914
  0.1232156956473449    0.0000072501713557    0.0000021428814400    0.0026964779386189
  0.1238317741255816    0.0000073688357611    0.0000022898158834    0.0027099603283120
  0.1244509329962095    0.0000031810447037    0.0000022423781660    0.0027235101299535
  0.1250731876611905    0.0000050444311849    0.0000021710982114    0.0027371276806033
  0.1256985535994965    0.0000008730459363    0.0000021169806825    0.0027508133190063
  0.1263270463674940    0.0000030937069476    0.0000020960443527    0.0027645673856014
  0.1269586815993314    0.0000057941104748    0.0000021912799638    0.0027783902225294
  0.1275934750073280    0.0000042345655584    0.0000021460927288    0.0027922821736420
  0.1282314423823647    0.0000063774853739    0.0000021482450686    0.0028062435845102
  0.1288725995942765    0.0000037158156354    0.0000020620684206    0.0028202748024328
  0.1295169625922478    0.0000026537068470    0.0000020400435931    0.0028343761764449
  0.1301645474052091    0.0000063900037929    0.0000020018335273    0.0028485480573272
  0.1308153701422351    0.0000008480371802    0.0000020268971409    0.0028627907976138
  0.1314694469929463    0.0000016055920232    0.0000019104072037    0.0028771047516019
  0.1321267942279110    0.0000044885420509    0.0000019599406939    0.0028914902753599
  0.1327874281990505   -0.0000002690606367    0.0000019464835275    0.0029059477267367
  0.1334513653400458   -0.0000000356981285    0.0000018850222209    0.0029204774653704
  0.1341186221667460    0.0000012967326133    0.0000018833425963    0.0029350798526972
  0.1347892152775797    0.0000009303617796    0.0000019200207575    0.0029497552519607
  0.1354631613539676    0.0000022830965220    0.0000017739437920    0.0029645040282205
  0.1361404771607374    0.0000030986766806    0.0000018434128879    0.0029793265483616
  0.1368211795465411    0.0000000019023767    0.0000017068697641    0.0029942231811034
  0.1375052854442738    0.0000017106562932    0.0000017789976557    0.0030091942970089
  0.1381928118714951    0.0000022891800856    0.0000017887383109    0.0030242402684940
  0.1388837759308526    0.0000027154703407    0.0000017880340584    0.0030393614698364
  0.1395781948105068    0.0000012184415932    0.0000016940183771    0.0030545582771856
  0.1402760857845594    0.0000005807436767    0.0000016668397476    0.0030698310685716
  0.1409774662134821    0.0000030437870231    0.0000016793689961    0.0030851802239144
  0.1416823535445495    0.0000008773220723    0.0000017120005380    0.0031006061250340
  0.1423907653122723   -0.0000007371048023    0.0000017127630405    0.0031161091556591
  0.1431027191388336    0.0000047837701280    0.0000017096073274    0.0031316897014374
  0.1438182327345278    0.0000012958379615    0.0000017911542652    0.0031473481499446
  0.1445373238982004   -0.0000010991191786    0.0000018507912562    0.0031630848906944
  0.1452600105176914    0.0000032759566690    0.0000016380007087    0.0031789003151478
  0.1459863105702798    0.0000010013390485    0.0000015694015641    0.0031947948167236
  0.1467162421231312   -0.0000014474941768    0.0000016498946974    0.0032107687908072
  0.1474498233337468   -0.0000015987341194    0.0000015650880855    0.0032268226347612
  0.1481870724504156    0.0000018238608902    0.0000015833921576    0.0032429567479350
  0.1489280078126676   -0.0000011240954782    0.0000015588867660    0.0032591715316747
  0.1496726478517310    0.0000021816259521    0.0000015476479131    0.0032754673893331
  0.1504210110909896   -0.0000002584512235    0.0000015942561907    0.0032918447262797
  0.1511731161464445    0.0000021728456131    0.0000015297806639    0.0033083039499111
  0.1519289817271767    0.0000037618364955    0.0000015371398094    0.0033248454696607
  0.1526886266358126    0.0000035510614972    0.0000014817717163    0.0033414696970090
  0.1534520697689916    0.0000018538428070    0.0000015138551762    0.0033581770454940
  0.1542193301178366    0.0000016519010208    0.0000015030742991    0.0033749679307215
  0.1549904267684257    0.0000001671819187    0.0000015485103875    0.0033918427703751
  0.1557653789022678    0.0000004930555529    0.0000014941851704    0.0034088019842270
  0.1565442057967792    0.0000034879708832    0.0000015109284800    0.0034258459941481
  0.1573269268257630    0.0000026629212645    0.0000015897795517    0.0034429752241189
  0.1581135614598919    0.0000003270885830    0.0000014953242866    0.0034601901002395
  0.1589041292671913   -0.0000001309657056    0.0000013996857958    0.0034774910507407
  0.1596986499135272    0.0000025082437219    0.0000014362387731    0.0034948785059944
  0.1604971431630948    0.0000005024746974    0.0000014038888698    0.0035123528985243
  0.1612996288789103    0.0000036612720197    0.0000014119178955    0.0035299146630170
  0.1621061270233048    0.0000004488405316    0.0000014573034811    0.0035475642363320
  0.1629166576584213    0.0000022133087969    0.0000014673409879    0.0035653020575137
  0.1637312409467134    0.0000018764431246    0.0000014071646692    0.0035831285678013
  0.1645498971514470    0.0000014537360138    0.0000014239552042    0.0036010442106403
  0.1653726466372042   -0.0000009369388727    0.0000014588342914    0.0036190494316935
  0.1661995098703902    0.0000013108759010    0.0000014166119284    0.0036371446788519
  0.1670305074197421    0.0000006807933954    0.0000013776988984    0.0036553304022462
  0.1678656599568408    0.0000019602623694    0.0000013955532354    0.0036736070542574
  0.1687049882566250   -0.0000011385064668    0.0000013762831662    0.0036919750895287
  0.1695485131979081    0.0000018598630897    0.0000013456369093    0.0037104349649764
  0.1703962557638976   -0.0000002540839539    0.0000013228240975    0.0037289871398012
  0.1712482370427171    0.0000014616075416    0.0000013746992820    0.0037476320755002
  0.1721044782279307    0.0000007077068995    0.0000013470090477    0.0037663702358777
  0.1729650006190703    0.0000005973636005    0.0000013693524313    0.0037852020870571
  0.1738298256221656    0.0000007758964038    0.0000013028622632    0.0038041280974924
  0.1746989747502765    0.0000008646668878    0.0000013486397105    0.0038231487379799
  0.1755724696240278   -0.0000006252380376    0.0000013496854311    0.0038422644816698
  0.1764503319721480    0.0000023510342752    0.0000013946899675    0.0038614758040781
  0.1773325836320087    0.0000017603393081    0.0000013878193188    0.0038807831830985
  0.1782192465501687   -0.0000009402848763    0.0000013613252170    0.0039001870990140
  0.1791103427829195    0.0000006919616112    0.0000013473935000    0.0039196880345091
  0.1800058944968341    0.0000005022016125    0.0000013572744946    0.0039392864746816
  0.1809059239693183    0.0000013926661158    0.0000013822973184    0.0039589829070550
  0.1818104535891648   -0.0000016226129920    0.0000013545985086    0.0039787778215903
  0.1827195058571106    0.0000031151600537    0.0000013657095542    0.0039986717106983
  0.1836331033863962   -0.0000007919951706    0.0000013410532887    0.0040186650692517
  0.1845512689033281    0.0000017670420874    0.0000013526223975    0.0040387583945980
  0.1854740252478447   -0.0000002986393891    0.0000013074287934    0.0040589521865710
  0.1864013953740840    0.0000008110028165    0.0000013680662320    0.0040792469475039
  0.1873334023509544   -0.0000002592373642    0.0000013417056465    0.0040996431822414
  0.1882700693627091    0.0000017609056807    0.0000013474678191    0.0041201413981526
  0.1892114197095226   -0.0000002857475517    0.0000014082656434    0.0041407421051433
  0.1901574768080702    0.0000001610759068    0.0000014646449623    0.0041614458156691
  0.1911082641921105    0.0000007407211028    0.0000014870032947    0.0041822530447474
  0.1920638055130711   -0.0000007689072521    0.0000015109185135    0.0042031643099711
  0.1930241245406364   -0.0000013113799518    0.0000014599340457    0.0042241801315210
  0.1939892451633396    0.0000010446231044    0.0000014337239845    0.0042453010321786
  0.1949591913891562    0.0000006411990124    0.0000014342721664    0.0042665275373395
  0.1959339873461020    0.0000031855351914    0.0000013886490118    0.0042878601750262
  0.1969136572828325    0.0000001392335064    0.0000013756155693    0.0043092994759013
  0.1978982255692466    0.0000016633305971    0.0000013594815167    0.0043308459732808
  0.1988877166970929    0.0000011240371947    0.0000013561122292    0.0043525002031472
  0.1998821552805783   -0.0000011610829618    0.0000013904801308    0.0043742627041630
  0.2008815660569812    0.0000040978633884    0.0000013272560287    0.0043961340176838
  0.2018859738872660   -0.0000001917046869    0.0000013215701498    0.0044181146877722
  0.2028954037567023   -0.0000003572290297    0.0000013463563534    0.0044402052612111
  0.2039098807754859    0.0000006354990021    0.0000013069791266    0.0044624062875171
  0.2049294301793633    0.0000021860971928    0.0000012701314179    0.0044847183189547
  0.2059540773302601    0.0000015637464816    0.0000012992462014    0.0045071419105495
  0.2069838477169113   -0.0000007955449676    0.0000013286313738    0.0045296776201022
  0.2080187669554959   -0.0000018953750805    0.0000013204245063    0.0045523260082027
  0.2090588607902733   -0.0000006450897779    0.0000012706229908    0.0045750876382437
  0.2101041550942246    0.0000006918807219    0.0000012504718475    0.0045979630764350
  0.2111546758696958    0.0000010497732828    0.0000012881005143    0.0046209528918171
  0.2122104492490442    0.0000000648406162    0.0000012816903842    0.0046440576562762
  0.2132715014952894    0.0000028300083099    0.0000012779796371    0.0046672779445576
  0.2143378590027659    0.0000023520658705    0.0000012973636336    0.0046906143342804
  0.2154095482977796   -0.0000005365108003    0.0000012642251729    0.0047140674059518
  0.2164865960392685    0.0000014230176290    0.0000012619388096    0.0047376377429815
  0.2175690290194648    0.0000006770826783    0.0000012412450153    0.0047613259316965
  0.2186568741645621   -0.0000003762086670    0.0000012685781333    0.0047851325613549
  0.2197501585353849   -0.0000009037766923    0.0000012476819963    0.0048090582241617
  0.2208489093280618   -0.0000004161149789    0.0000012564944658    0.0048331035152825
  0.2219531538747021    0.0000008782235539    0.0000012673082474    0.0048572690328589
  0.2230629196440756   -0.0000012557665764    0.0000012261828777    0.0048815553780232
  0.2241782342422960    0.0000019866395147    0.0000012623044780    0.0049059631549133
  0.2252991254135074    0.0000006029952587    0.0000012153322555    0.0049304929706879
  0.2264256210405749   -0.0000015177184105    0.0000012405691215    0.0049551454355413
  0.2275577491457778   -0.0000001909920164    0.0000012139346592    0.0049799211627190
  0.2286955378915067    0.0000010645874498    0.0000012352863326    0.0050048207685326
  0.2298390155809641    0.0000018714693984    0.0000012302367353    0.0050298448723753
  0.2309882106588690    0.0000008133024296    0.0000012046795469    0.0050549940967372
  0.2321431517121633   -0.0000002491424525    0.0000012158871792    0.0050802690672209
  0.2333038674707241    0.0000011562119212    0.0000012026162063    0.0051056704125570
  0.2344703868080777   -0.0000016910955773    0.0000012048522289    0.0051311987646198
  0.2356427387421181    0.0000015600007641    0.0000011974861882    0.0051568547584429
  0.2368209524358286    0.0000003761967695    0.0000011973759917    0.0051826390322351
  0.2380050571980077    0.0000018416728093    0.0000012000490896    0.0052085522273962
  0.2391950824839977    0.0000008660995246    0.0000012084644205    0.0052345949885332
  0.2403910578964177   -0.0000007347142098    0.0000012102814914    0.0052607679634759
  0.2415930131858998    0.0000001165460967    0.0000012431410516    0.0052870718032933
  0.2428009782518292    0.0000003358225786    0.0000012126916877    0.0053135071623097
  0.2440149831430883    0.0000031414565438    0.0000011880968042    0.0053400746981213
  0.2452350580588037   -0.0000003746292999    0.0000011932998888    0.0053667750716119
  0.2464612333490978   -0.0000016460632240    0.0000011840990278    0.0053936089469699
  0.2476935395158432    0.0000008714689406    0.0000011979051118    0.0054205769917048
  0.2489320072134224    0.0000016707428450    0.0000012007569695    0.0054476798766633
  0.2501766672494895    0.0000003513260860    0.0000012125085918    0.0054749182760466
  0.2514275505857369    0.0000003917971503    0.0000012095781542    0.0055022928674269
  0.2526846883386655    0.0000006921614552    0.0000012204704821    0.0055298043317640
  0.2539481117803589   -0.0000006605219882    0.0000011999039987    0.0055574533534228
  0.2552178523392606    0.0000004170428119    0.0000011839858164    0.0055852406201899
  0.2564939416009570    0.0000012642062035    0.0000012092537113    0.0056131668232909
  0.2577764113089617    0.0000011187690701    0.0000011891680994    0.0056412326574073
  0.2590652933655064   -0.0000016029801192    0.0000011657167953    0.0056694388206944
  0.2603606198323339    0.0000002236294534    0.0000011649142403    0.0056977860147978
  0.2616624229314956    0.0000001529468543    0.0000011892126161    0.0057262749448718
  0.2629707350461531    0.0000015675244219    0.0000011894565177    0.0057549063195962
  0.2642855887213838    0.0000007369160626    0.0000012167080676    0.0057836808511942
  0.2656070166649907    0.0000002934964728    0.0000012170368357    0.0058125992554501
  0.2669350517483157    0.0000006911798085    0.0000012431416625    0.0058416622517274
  0.2682697270070572    0.0000000336082491    0.0000012345607364    0.0058708705629860
  0.2696110756420924    0.0000008977975699    0.0000012695443913    0.0059002249158010
  0.2709591310203028   -0.0000005538806468    0.0000012744242163    0.0059297260403800
  0.2723139266754043   -0.0000004093758151    0.0000012940631277    0.0059593746705819
  0.2736754963087813   -0.0000016313696176    0.0000012339107330    0.0059891715439348
  0.2750438737903252    0.0000018584783569    0.0000012282904264    0.0060191174016544
  0.2764190931592768    0.0000005831838129    0.0000012257248632    0.0060492129886627
  0.2778011886250731    0.0000001455345194    0.0000012394068829    0.0060794590536060
