# Experiment IPTS-36897 Run 226599
# Reduction 2.9.0rc3
# Run title: sample2_Cu_ionomer_D2O-226599-1.
# Run start time: 2026-03-28T21:00:41.516860667
# Reduction time: Sat Mar 28 17:05:53 2026
# Q summing: False
# TOF weighted: False
# Bck in Q: False
# Theta offset: 0.0
# Stitching type: None
# DataRun   NormRun   TwoTheta(deg)  LambdaMin(A)   LambdaMax(A) Qmin(1/A)    Qmax(1/A)    SF_A         SF_B          SF
# 226599    226559    0.740213       2.74975        9.4987       0.0085       0.0295       4.0          0            1.0         
# 226600    226560    2.3996         2.74978        9.49867      0.0277       0.0956       25.0         0            1.0         
# 226601    226561    7.00058        2.74977        9.49868      0.0807       0.2790       196.0        0            1.0         
# Q [1/Angstrom]        R                     dR                    dQ [FWHM]            
  0.0085899187375132    1.0810317719611133    0.0850424574051689    0.0001893977745905
  0.0086328683312008    0.8572511436043827    0.0553868211644993    0.0001903447634635
  0.0086760326728568    0.8639320282954912    0.0554908090986125    0.0001912964872808
  0.0087194128362210    0.9851129191276005    0.0651732512429739    0.0001922529697172
  0.0087630099004021    0.8630127315406982    0.0535332325568492    0.0001932142345658
  0.0088068249499042    0.9203400263089172    0.0585630020432715    0.0001941803057386
  0.0088508590746537    0.8870802513542000    0.0547418729103230    0.0001951512072673
  0.0088951133700269    0.8726192851853930    0.0537275728935906    0.0001961269633037
  0.0089395889368771    0.9312519394374456    0.0576883186038965    0.0001971075981202
  0.0089842868815615    0.8357467542283246    0.0492016436197934    0.0001980931361108
  0.0090292083159693    0.8800021537031837    0.0519513295103819    0.0001990836017913
  0.0090743543575491    0.9920595010726281    0.0591575283973372    0.0002000790198003
  0.0091197261293369    0.9868079042079240    0.0598192660182298    0.0002010794148993
  0.0091653247599835    1.0505554312831147    0.0643110870343639    0.0002020848119738
  0.0092111513837835    0.8963619901457534    0.0502316913473964    0.0002030952360337
  0.0092572071407024    1.0005742474940735    0.0588898160798657    0.0002041107122138
  0.0093034931764059    1.0234050803258956    0.0593447343053509    0.0002051312657749
  0.0093500106422879    0.9842459231225837    0.0559464294701127    0.0002061569221038
  0.0093967606954993    0.9141110370461497    0.0496738033891425    0.0002071877067143
  0.0094437444989768    0.9058977087555571    0.0487440677993276    0.0002082236452479
  0.0094909632214717    0.9106221653650711    0.0484303551428942    0.0002092647634741
  0.0095384180375791    0.8750820770381584    0.0454705435231392    0.0002103110872915
  0.0095861101277670    0.8427451478814446    0.0419878925359692    0.0002113626427279
  0.0096340406784058    0.9879572160635754    0.0517761651245722    0.0002124194559416
  0.0096822108817978    0.8670001965336755    0.0431266781821542    0.0002134815532213
  0.0097306219362068    0.9257330766735240    0.0461651852335408    0.0002145489609874
  0.0097792750458879    0.9913931882747280    0.0509544038871866    0.0002156217057923
  0.0098281714211173    0.9258110795247478    0.0459651180276400    0.0002166998143213
  0.0098773122782229    0.9253201468305023    0.0459411479162096    0.0002177833133929
  0.0099266988396140    0.9328684373181140    0.0444422179397757    0.0002188722299599
  0.0099763323338121    0.9825649276241961    0.0478885377156014    0.0002199665911097
  0.0100262139954811    0.9522294236436297    0.0460526234627820    0.0002210664240652
  0.0100763450654585    0.9052556690809758    0.0418327145786840    0.0002221717561855
  0.0101267267907858    0.9949681527407458    0.0474121212638939    0.0002232826149665
  0.0101773604247398    0.9738086189719083    0.0449330663226098    0.0002243990280413
  0.0102282472268634    0.8723833972205618    0.0379694959742585    0.0002255210231815
  0.0102793884629978    0.8842960663942544    0.0385494268531552    0.0002266486282974
  0.0103307854053128    0.9233594393379499    0.0406649190668024    0.0002277818714389
  0.0103824393323393    0.8785780215127088    0.0386749213949251    0.0002289207807961
  0.0104343515290010    0.8871321551461783    0.0379412482684978    0.0002300653847001
  0.0104865232866460    0.9204215447147125    0.0399256667198955    0.0002312157116236
  0.0105389559030792    0.8948591323143028    0.0377323189863920    0.0002323717901817
  0.0105916506825946    0.8967612513260210    0.0373410611422327    0.0002335336491326
  0.0106446089360076    0.9524410137351544    0.0404939307214087    0.0002347013173783
  0.0106978319806876    0.8467719349658278    0.0337897453833853    0.0002358748239651
  0.0107513211405911    0.8494313981833357    0.0338858269484464    0.0002370541980850
  0.0108050777462940    0.8829485364343087    0.0347993407568243    0.0002382394690754
  0.0108591031350255    0.8481620708469035    0.0330374417691579    0.0002394306664208
  0.0109133986507006    0.8450595445468985    0.0325153576796316    0.0002406278197529
  0.0109679656439541    0.9349685487031049    0.0369213968565901    0.0002418309588516
  0.0110228054721739    0.9101986063386253    0.0352976107536158    0.0002430401136459
  0.0110779194995348    0.9481262541080595    0.0368494625830786    0.0002442553142141
  0.0111333090970324    0.8832863045544566    0.0328976614691684    0.0002454765907852
  0.0111889756425176    0.9081766003529891    0.0337836429250740    0.0002467039737391
  0.0112449205207302    0.8646066430213217    0.0315904813572311    0.0002479374936078
  0.0113011451233338    0.9669990560914435    0.0362362725080340    0.0002491771810759
  0.0113576508489505    0.9008323515825387    0.0325576974782626    0.0002504230669812
  0.0114144391031953    0.8620073682696351    0.0302220532706967    0.0002516751823161
  0.0114715112987112    0.8773846611148577    0.0306901212814937    0.0002529335582277
  0.0115288688552048    0.9036208392360692    0.0313311239962820    0.0002541982260189
  0.0115865131994808    0.8831354998470292    0.0304180183867088    0.0002554692171490
  0.0116444457654782    0.8702484938849644    0.0292578983984443    0.0002567465632347
  0.0117026679943056    0.8903401105293646    0.0302217144300014    0.0002580302960509
  0.0117611813342771    0.8534705255626536    0.0278719792570789    0.0002593204475311
  0.0118199872409485    0.9207867690451618    0.0310788331430721    0.0002606170497688
  0.0118790871771533    0.8835330055035340    0.0289396134373687    0.0002619201350176
  0.0119384826130390    0.8531308682938901    0.0271474911472482    0.0002632297356927
  0.0119981750261042    0.8235522488568167    0.0259195901707093    0.0002645458843712
  0.0120581659012347    0.8426870857480258    0.0262109077702074    0.0002658686137930
  0.0121184567307409    0.9152545647040257    0.0290449178607588    0.0002671979568620
  0.0121790490143946    0.8766998962137945    0.0273727172918752    0.0002685339466463
  0.0122399442594666    0.8393731634095897    0.0254722621240910    0.0002698766163795
  0.0123011439807639    0.8598747109255193    0.0259870949311685    0.0002712259994614
  0.0123626497006677    0.8815443470783414    0.0267570481927667    0.0002725821294587
  0.0124244629491711    0.8820100844714049    0.0265040197495455    0.0002739450401060
  0.0124865852639169    0.8335267072656597    0.0243073950663364    0.0002753147653066
  0.0125490181902365    0.8339375688490676    0.0238664519019217    0.0002766913391331
  0.0126117632811877    0.8732038141407957    0.0251330986905534    0.0002780747958288
  0.0126748220975936    0.9189982591759802    0.0272894200433866    0.0002794651698079
  0.0127381962080816    0.8878603946887994    0.0254098399940627    0.0002808624956570
  0.0128018871891220    0.9617922756002518    0.0281592216535501    0.0002822668081352
  0.0128658966250676    0.8840565124952544    0.0249919862716350    0.0002836781421759
  0.0129302261081930    0.8592248615309830    0.0238562344155484    0.0002850965328868
  0.0129948772387339    0.8809401937790928    0.0244817737744553    0.0002865220155512
  0.0130598516249276    0.8490750601586408    0.0229951207279444    0.0002879546256290
  0.0131251508830522    0.8947103242487127    0.0244504134395274    0.0002893943987571
  0.0131907766374675    0.9111541111176170    0.0248269718744565    0.0002908413707509
  0.0132567305206548    0.8596888017761241    0.0227798384621853    0.0002922955776047
  0.0133230141732581    0.8529624877047763    0.0223463201710743    0.0002937570554927
  0.0133896292441244    0.8827870322035241    0.0231770997344240    0.0002952258407702
  0.0134565773903450    0.8804556445124617    0.0230112277268180    0.0002967019699740
  0.0135238602772967    0.9012807474337059    0.0234617147108179    0.0002981854798239
  0.0135914795786832    0.8843639678552740    0.0227921354077496    0.0002996764072230
  0.0136594369765766    0.8690091669587255    0.0223574164502712    0.0003011747892591
  0.0137277341614595    0.8257063611859234    0.0204877585174875    0.0003026806632054
  0.0137963728322668    0.8468289227997464    0.0211788006069332    0.0003041940665214
  0.0138653546964281    0.8351194987563381    0.0206489640038830    0.0003057150368540
  0.0139346814699103    0.8202043912600340    0.0200253627595541    0.0003072436120383
  0.0140043548772598    0.8251781954335935    0.0201189357480930    0.0003087798300985
  0.0140743766516461    0.7951070579819778    0.0189560505079892    0.0003103237292490
  0.0141447485349043    0.7657160007935087    0.0180331138857488    0.0003118753478952
  0.0142154722775789    0.7580883359754793    0.0176935610489109    0.0003134347246347
  0.0142865496389668    0.7565467860284355    0.0176145966169632    0.0003150018982579
  0.0143579823871616    0.7326059213826597    0.0169398609327965    0.0003165769077492
  0.0144297722990974    0.7502250625998529    0.0175811701277045    0.0003181597922879
  0.0145019211605929    0.7029915428169207    0.0160098917954894    0.0003197505912494
  0.0145744307663958    0.7138950496812064    0.0164716088036247    0.0003213493442056
  0.0146473029202278    0.6746655251355312    0.0153230359500517    0.0003229560909266
  0.0147205394348290    0.6678101562018176    0.0152737344848433    0.0003245708713813
  0.0147941421320031    0.6386241546194564    0.0144509945623125    0.0003261937257382
  0.0148681128426631    0.6164772032461157    0.0139518474572135    0.0003278246943669
  0.0149424534068764    0.6002111242042197    0.0136439420074679    0.0003294638178387
  0.0150171656739108    0.5476514601005037    0.0121180476806109    0.0003311111369279
  0.0150922515022804    0.5309962079706254    0.0119480730350179    0.0003327666926125
  0.0151677127597918    0.5374086756230363    0.0123955648965786    0.0003344305260756
  0.0152435513235907    0.5019819227394694    0.0118758189863552    0.0003361026787060
  0.0153197690802087    0.4666051991297621    0.0104666054840832    0.0003377831920995
  0.0153963679256097    0.4406630449764580    0.0095425745677105    0.0003394721080600
  0.0154733497652378    0.4232663464209118    0.0091376918149393    0.0003411694686003
  0.0155507165140639    0.4092118317917770    0.0089850687138201    0.0003428753159433
  0.0156284700966343    0.3803247144239175    0.0083549034998555    0.0003445896925230
  0.0157066124471174    0.3530009590058584    0.0076596136003328    0.0003463126409856
  0.0157851455093530    0.3281781873095582    0.0071693163785108    0.0003480442041906
  0.0158640712368998    0.2939332016907680    0.0064583885467994    0.0003497844252115
  0.0159433915930843    0.2703101795398475    0.0060514121655231    0.0003515333473376
  0.0160231085510497    0.2645292130500285    0.0059040925572460    0.0003532910140743
  0.0161032240938049    0.2630786707298958    0.0058828208722420    0.0003550574691446
  0.0161837402142740    0.2479823337541565    0.0054359447718225    0.0003568327564904
  0.0162646589153453    0.2404885755589667    0.0053505812092228    0.0003586169202728
  0.0163459822099221    0.2243236072674780    0.0050661008755258    0.0003604100048742
  0.0164277121209717    0.2080135412643897    0.0047323076425145    0.0003622120548985
  0.0165098506815765    0.1913181246774242    0.0043661458059104    0.0003640231151730
  0.0165923999349844    0.1829444132396091    0.0043432289817303    0.0003658432307489
  0.0166753619346593    0.1708977347676106    0.0041055750474617    0.0003676724469026
  0.0167587387443326    0.1573997065760761    0.0036592302692723    0.0003695108091372
  0.0168425324380543    0.1472946367456597    0.0033736117302928    0.0003713583631828
  0.0169267451002446    0.1361373001826681    0.0031413213790712    0.0003732151549988
  0.0170113788257458    0.1339296583095795    0.0031232539666171    0.0003750812307738
  0.0170964357198745    0.1249226801325419    0.0029191600065248    0.0003769566369276
  0.0171819178984739    0.1177461959764934    0.0027857327710128    0.0003788414201123
  0.0172678274879662    0.1137806984129735    0.0027499647828773    0.0003807356272128
  0.0173541666254061    0.1124655463456616    0.0027018080030087    0.0003826393053489
  0.0174409374585331    0.1016194700953258    0.0024870683373535    0.0003845525018756
  0.0175281421458258    0.1037907203578759    0.0025680642833541    0.0003864752643850
  0.0176157828565549    0.0985595597023777    0.0024344444613322    0.0003884076407069
  0.0177038617708377    0.0987642197867983    0.0024737707009398    0.0003903496789105
  0.0177923810796918    0.0945844147073512    0.0023100862160504    0.0003923014273050
  0.0178813429850903    0.0952011315347871    0.0023267677238093    0.0003942629344415
  0.0179707497000158    0.0961450327181376    0.0023561640288100    0.0003962342491138
  0.0180606034485158    0.0956124140061525    0.0023194791567527    0.0003982154203593
  0.0181509064657584    0.0981319275205579    0.0023715505170071    0.0004002064974611
  0.0182416609980872    0.0945314453424953    0.0022815981309239    0.0004022075299484
  0.0183328693030776    0.0931602105681849    0.0022283454492751    0.0004042185675982
  0.0184245336495930    0.0939880023406883    0.0022617975088946    0.0004062396604362
  0.0185166563178410    0.0968945332867617    0.0023034949255666    0.0004082708587383
  0.0186092395994302    0.0997808522519988    0.0023840800882373    0.0004103122130320
  0.0187022857974273    0.0921714927733648    0.0021936969378531    0.0004123637740972
  0.0187957972264145    0.0936122274167028    0.0022133398011640    0.0004144255929677
  0.0188897762125465    0.0923137592521124    0.0021897328830070    0.0004164977209325
  0.0189842250936093    0.0931505465587836    0.0022138840857648    0.0004185802095372
  0.0190791462190773    0.0930046205963022    0.0021845000639108    0.0004206731105849
  0.0191745419501727    0.0903312340865664    0.0021358012944626    0.0004227764761378
  0.0192704146599236    0.0911649100194877    0.0021439778298098    0.0004248903585185
  0.0193667667332232    0.0919883674089801    0.0021497303661691    0.0004270148103111
  0.0194636005668893    0.0898435036497030    0.0021114838046664    0.0004291498843626
  0.0195609185697237    0.0850061439332419    0.0020083909623331    0.0004312956337844
  0.0196587231625724    0.0838145305363715    0.0020036591254370    0.0004334521119534
  0.0197570167783852    0.0822121476402149    0.0019606560774632    0.0004356193725131
  0.0198558018622771    0.0846571798921360    0.0020347448324225    0.0004377974693757
  0.0199550808715885    0.0752222528771695    0.0018481543161253    0.0004399864567226
  0.0200548562759465    0.0783738699468966    0.0019590080809398    0.0004421863890062
  0.0201551305573262    0.0749247171641545    0.0019320158295114    0.0004443973209512
  0.0202559062101128    0.0744239788679483    0.0019570502198656    0.0004466193075560
  0.0203571857411634    0.0700469379326826    0.0018224267231276    0.0004488524040937
  0.0204589716698692    0.0682947519878715    0.0017819071371390    0.0004510966661142
  0.0205612665282185    0.0673419507943164    0.0017634018644909    0.0004533521494448
  0.0206640728608596    0.0676562422653166    0.0017580703389429    0.0004556189101920
  0.0207673932251639    0.0602448225521726    0.0015959813006671    0.0004578970047430
  0.0208712301912897    0.0597647634486922    0.0015701935277572    0.0004601864897667
  0.0209755863422462    0.0595045844733713    0.0015851855621862    0.0004624874222155
  0.0210804642739574    0.0563250267182436    0.0015287747306180    0.0004647998593266
  0.0211858665953272    0.0514232909367607    0.0014031448319960    0.0004671238586232
  0.0212917959283038    0.0505955357407585    0.0013892155724270    0.0004694594779163
  0.0213982549079454    0.0518028272819652    0.0013979025392000    0.0004718067753059
  0.0215052461824851    0.0468733999592358    0.0013053008297130    0.0004741658091825
  0.0216127724133975    0.0467292191453932    0.0012815695961786    0.0004765366382284
  0.0217208362754645    0.0441747346470008    0.0012214699546450    0.0004789193214195
  0.0218294404568418    0.0436032712520432    0.0012126098824653    0.0004813139180266
  0.0219385876591260    0.0456607024059374    0.0012458848322397    0.0004837204876167
  0.0220482805974216    0.0415070896020489    0.0011668183543439    0.0004861390900548
  0.0221585220004087    0.0426635546428165    0.0011806475027831    0.0004885697855051
  0.0222693146104108    0.0387476355461785    0.0011057002096538    0.0004910126344326
  0.0223806611834628    0.0410011531508327    0.0011472026472041    0.0004934676976048
  0.0224925644893802    0.0414551364671100    0.0011587259758150    0.0004959350360928
  0.0226050273118271    0.0411403744445968    0.0011552266884851    0.0004984147112733
  0.0227180524483862    0.0420867086372663    0.0011596404085918    0.0005009067848296
  0.0228316427106281    0.0405967609831014    0.0011272773831235    0.0005034113187538
  0.0229458009241813    0.0388089030506362    0.0010916138856733    0.0005059283753476
  0.0230605299288022    0.0419538587097814    0.0011494111777623    0.0005084580172243
  0.0231758325784462    0.0402277812140226    0.0011175581589279    0.0005110003073104
  0.0232917117413384    0.0384001650025055    0.0010623863054953    0.0005135553088470
  0.0234081703000451    0.0392825540015844    0.0010804178090010    0.0005161230853912
  0.0235252111515453    0.0401589781050401    0.0010917685108504    0.0005187037008182
  0.0236428372073030    0.0411714589237799    0.0011097812839618    0.0005212972193223
  0.0237610513933395    0.0417425160437692    0.0011123759860633    0.0005239037054189
  0.0238798566503062    0.0413130761018122    0.0011011440742192    0.0005265232239460
  0.0239992559335578    0.0413712476383405    0.0010999091957895    0.0005291558400657
  0.0241192522132255    0.0395734238211654    0.0010595031232695    0.0005318016192660
  0.0242398484742917    0.0421081448014556    0.0011064026342014    0.0005344606273623
  0.0243610477166631    0.0413916811165546    0.0010990680471736    0.0005371329304992
  0.0244828529552464    0.0398321370271176    0.0010534624605742    0.0005398185951517
  0.0246052672200227    0.0399762015614403    0.0010524020248140    0.0005425176881274
  0.0247282935561228    0.0383361391646417    0.0010354485028517    0.0005452302765681
  0.0248519350239034    0.0379554243686751    0.0010083608898400    0.0005479564279509
  0.0249761946990229    0.0365810967384820    0.0009938444759698    0.0005506962100906
  0.0251010756725180    0.0382895795141248    0.0010183644032920    0.0005534496911411
  0.0252265810508806    0.0381007264002452    0.0010140405003252    0.0005562169395968
  0.0253527139561350    0.0364292825381904    0.0009870728921764    0.0005589980242948
  0.0254794775259157    0.0359637742539658    0.0009686901499388    0.0005617930144163
  0.0256068749135453    0.0333977363350777    0.0009260355825081    0.0005646019794883
  0.0257349092881130    0.0329896588954659    0.0009300071469722    0.0005674249893858
  0.0258635838345535    0.0321895958998740    0.0009006649535279    0.0005702621143327
  0.0259929017537263    0.0297457515324645    0.0008447014947520    0.0005731134249044
  0.0261228662624949    0.0304695066762448    0.0008642227682204    0.0005759789920289
  0.0262534805938074    0.0296300940247988    0.0008472749963146    0.0005788588869890
  0.0263847479967764    0.0280080107579553    0.0008233180410373    0.0005817531814240
  0.0265166717367603    0.0274439262452902    0.0008145925087638    0.0005846619473311
  0.0266492550954441    0.0264939418299023    0.0007939377277494    0.0005875852570678
  0.0267825013709213    0.0256613108957913    0.0007735618916382    0.0005905231833531
  0.0269164138777759    0.0276163101897273    0.0008136585899082    0.0005934757992699
  0.0270509959471648    0.0253784585831126    0.0007645779441899    0.0005964431782662
  0.0271862509269006    0.0252259144958489    0.0007627204993525    0.0005994253941575
  0.0273221821815351    0.0240075435117910    0.0007503620497833    0.0006024225211283
  0.0274587930924428    0.0250633122597285    0.0007642566901336    0.0006054346337340
  0.0275960870579050    0.0240483700509533    0.0007517767331734    0.0006084618069026
  0.0277340674931945    0.0236910668176285    0.0007412573972451    0.0006115041159372
  0.0278727378306605    0.0223988334140715    0.0007159628494341    0.0006145616365168
  0.0278727378306605    0.0228661198759679    0.0077678529489774    0.0006110227453306
  0.0280121015198138    0.0219857945269641    0.0012589274977822    0.0006140778590572
  0.0280121015198138    0.0232835594399529    0.0007359470253984    0.0006176344446994
  0.0281521620274129    0.0235450834733917    0.0007333930170373    0.0006207226169229
  0.0281521620274129    0.0220693588688307    0.0012388869131906    0.0006171482483525
  0.0282929228375499    0.0201613736459282    0.0011007583802867    0.0006202339895943
  0.0282929228375499    0.0232324855721190    0.0007389459967694    0.0006238262300075
  0.0284343874517377    0.0237970850509883    0.0013043848539398    0.0006233351595422
  0.0284343874517377    0.0238397173304896    0.0007568775339856    0.0006269453611576
  0.0285765593889964    0.0229193486381524    0.0007499312839580    0.0006300800879634
  0.0285765593889964    0.0237354964463820    0.0012719057959843    0.0006264518353399
  0.0287194421859414    0.0251626440464710    0.0013375664220237    0.0006295840945166
  0.0287194421859414    0.0234043157757007    0.0007696093609993    0.0006332304884032
  0.0288630393968711    0.0230183972788477    0.0007517873765098    0.0006363966408452
  0.0288630393968711    0.0253284314426144    0.0013200520258036    0.0006327320149892
  0.0290073545938554    0.0228967539475330    0.0007280810054457    0.0006395786240494
  0.0290073545938554    0.0260403896370288    0.0013842886372552    0.0006358956750642
  0.0291523913668247    0.0261344526905706    0.0013430255074153    0.0006390751534395
  0.0291523913668247    0.0232887628179250    0.0007401820339093    0.0006427765171697
  0.0292981533236588    0.0217199067981977    0.0007070635000189    0.0006459903997555
  0.0292981533236588    0.0266473691432816    0.0013551974460356    0.0006422705292067
  0.0294446440902771    0.0258258111913070    0.0012730200791303    0.0006454818818527
  0.0294446440902771    0.0226331416301391    0.0007212206115119    0.0006492203517543
  0.0295918673107285    0.0272284737920686    0.0013193777975490    0.0006487092912620
  0.0297398266472821    0.0247189667786588    0.0011925258601207    0.0006519528377183
  0.0298885257805185    0.0258390166107901    0.0012542369758821    0.0006552126019069
  0.0300379684094211    0.0248800346306464    0.0011788296512579    0.0006584886649164
  0.0301881582514682    0.0243763318794833    0.0011672501330624    0.0006617811082410
  0.0303390990427256    0.0254905222134251    0.0011953981333411    0.0006650900137822
  0.0304907945379392    0.0230673491031147    0.0010793588866227    0.0006684154638511
  0.0306432485106289    0.0227112034525289    0.0010718961629955    0.0006717575411704
  0.0307964647531820    0.0205668906504721    0.0009361984464710    0.0006751163288762
  0.0309504470769479    0.0214031663604073    0.0009913737783507    0.0006784919105206
  0.0311051993123327    0.0181189463390300    0.0008127764372805    0.0006818843700732
  0.0312607253088943    0.0187889587811715    0.0008536234534312    0.0006852937919236
  0.0314170289354388    0.0192419384757886    0.0008863551008987    0.0006887202608832
  0.0315741140801160    0.0162708194157395    0.0007396948066967    0.0006921638621876
  0.0317319846505165    0.0148790996552105    0.0006741208846663    0.0006956246814985
  0.0318906445737691    0.0153121535191701    0.0006958778793587    0.0006991028049060
  0.0320500977966380    0.0154188899302415    0.0007111705670056    0.0007025983189306
  0.0322103482856212    0.0137904041380342    0.0006222291377229    0.0007061113105252
  0.0323714000270493    0.0140110759906678    0.0006268147385701    0.0007096418670779
  0.0325332570271845    0.0123455980626241    0.0005463760406420    0.0007131900764132
  0.0326959233123204    0.0128186323579182    0.0005664349526697    0.0007167560267953
  0.0328594029288820    0.0121729414331795    0.0005458980715963    0.0007203398069293
  0.0330236999435264    0.0117165147978283    0.0005062337036722    0.0007239415059639
  0.0331888184432441    0.0121504048393431    0.0005171768054472    0.0007275612134937
  0.0333547625354603    0.0127003098016421    0.0005344721922852    0.0007311990195612
  0.0335215363481376    0.0127743708789118    0.0005314950169103    0.0007348550146590
  0.0336891440298783    0.0128311326203055    0.0005376544283797    0.0007385292897323
  0.0338575897500276    0.0126396868367196    0.0005204802915202    0.0007422219361810
  0.0340268776987778    0.0133123374249064    0.0005406968407504    0.0007459330458619
  0.0341970120872717    0.0139079723640670    0.0005531858009199    0.0007496627110912
  0.0343679971477080    0.0137014158547477    0.0005311435978357    0.0007534110246467
  0.0345398371334466    0.0142254021058472    0.0005506604844191    0.0007571780797699
  0.0347125363191138    0.0138701714330085    0.0005286806804878    0.0007609639701687
  0.0348860990007094    0.0131343556204467    0.0005017088713190    0.0007647687900196
  0.0350605294957129    0.0134059277619412    0.0005130515533819    0.0007685926339697
  0.0352358321431915    0.0137398261292872    0.0005091195419777    0.0007724355971395
  0.0354120113039074    0.0130607499311262    0.0004794189475185    0.0007762977751252
  0.0355890713604269    0.0124369135589120    0.0004662544664286    0.0007801792640008
  0.0357670167172291    0.0120938298262345    0.0004402368641496    0.0007840801603208
  0.0359458518008152    0.0119640207939667    0.0004384846094070    0.0007880005611225
  0.0361255810598193    0.0116767926489097    0.0004266311330606    0.0007919405639281
  0.0363062089651184    0.0109975777871698    0.0003983289985752    0.0007959002667477
  0.0364877400099440    0.0101172034516910    0.0003623567793521    0.0007998797680814
  0.0366701787099937    0.0101996279993995    0.0003759434942269    0.0008038791669219
  0.0368535296035436    0.0095357776910474    0.0003483381294218    0.0008078985627565
  0.0370377972515614    0.0083888367613658    0.0003053339661397    0.0008119380555702
  0.0372229862378192    0.0086077629941263    0.0003170548537203    0.0008159977458481
  0.0374091011690083    0.0077781776534697    0.0002852256925238    0.0008200777345773
  0.0375961466748533    0.0081452544075500    0.0003008977721658    0.0008241781232502
  0.0377841274082275    0.0070243711151798    0.0002589383221203    0.0008282990138665
  0.0379730480452687    0.0072830791138722    0.0002664736690619    0.0008324405089358
  0.0381629132854950    0.0072199645881893    0.0002640363706163    0.0008366027114805
  0.0383537278519225    0.0075468178528734    0.0002769328589031    0.0008407857250379
  0.0385454964911821    0.0062242364233150    0.0002248013893722    0.0008449896536631
  0.0387382239736380    0.0072020011832296    0.0002572145846524    0.0008492146019314
  0.0389319150935062    0.0068014602128971    0.0002431389362612    0.0008534606749410
  0.0391265746689737    0.0064071154932207    0.0002298290235198    0.0008577279783158
  0.0393222075423186    0.0068693336339938    0.0002431985244028    0.0008620166182073
  0.0395188185800302    0.0067109807686557    0.0002334567523637    0.0008663267012984
  0.0397164126729303    0.0062001342495585    0.0002140590105534    0.0008706583348049
  0.0399149947362950    0.0063973411475216    0.0002169028644918    0.0008750116264789
  0.0401145697099764    0.0067242153471018    0.0002283503773930    0.0008793866846113
  0.0403151425585263    0.0062901437040053    0.0002136213608804    0.0008837836180343
  0.0405167182713189    0.0067830090188897    0.0002216658928735    0.0008882025361245
  0.0407193018626755    0.0064497335499666    0.0002143981280159    0.0008926435488051
  0.0409228983719889    0.0061920004828811    0.0002070577616964    0.0008971067665492
  0.0411275128638489    0.0060482507153697    0.0002014499349090    0.0009015923003819
  0.0413331504281681    0.0058420404551322    0.0001922445223360    0.0009061002618838
  0.0415398161803089    0.0056852598458192    0.0001909436065611    0.0009106307631932
  0.0417475152612105    0.0050543855781086    0.0001702555549275    0.0009151839170092
  0.0419562528375165    0.0050197146306880    0.0001688873398346    0.0009197598365942
  0.0421660341017041    0.0046981993373998    0.0001612309381136    0.0009243586357772
  0.0423768642722126    0.0045320640012711    0.0001545048241817    0.0009289804289561
  0.0425887485935737    0.0044135509447159    0.0001521709008861    0.0009336253311009
  0.0428016923365415    0.0044040714256868    0.0001514760049914    0.0009382934577564
  0.0430157007982242    0.0038597123126813    0.0001363510298174    0.0009429849250452
  0.0432307793022154    0.0036319439142217    0.0001310556748210    0.0009476998496704
  0.0434469331987264    0.0038898617141680    0.0001373753221040    0.0009524383489187
  0.0436641678647200    0.0036678678914428    0.0001312868087545    0.0009572005406633
  0.0438824887040437    0.0035134928421765    0.0001253029732101    0.0009619865433667
  0.0441019011475639    0.0031008311381079    0.0001139447189168    0.0009667964760835
  0.0443224106533017    0.0030737732567004    0.0001117917466242    0.0009716304584639
  0.0445440227065682    0.0029764182717230    0.0001068869896826    0.0009764886107562
  0.0447667428201010    0.0033873849405627    0.0001182859886011    0.0009813710538100
  0.0449905765342015    0.0029539555592555    0.0001075322316212    0.0009862779090791
  0.0452155294168725    0.0031157326817816    0.0001107895005476    0.0009912092986244
  0.0454416070639569    0.0031335113264145    0.0001101693355792    0.0009961653451176
  0.0456688150992767    0.0031375183158541    0.0001111764346115    0.0010011461718432
  0.0458971591747730    0.0029024824668234    0.0001033452096028    0.0010061519027024
  0.0461266449706469    0.0029669023259698    0.0001047984841993    0.0010111826622159
  0.0463572781955001    0.0026938977230082    0.0000967094135481    0.0010162385755270
  0.0465890645864776    0.0027017192973545    0.0000964540082701    0.0010213197684046
  0.0468220099094100    0.0026077868131677    0.0000918545443690    0.0010264263672466
  0.0470561199589570    0.0026274816391438    0.0000926903550201    0.0010315584990829
  0.0472914005587518    0.0023871502264590    0.0000856063244751    0.0010367162915783
  0.0475278575615456    0.0022689856729814    0.0000836698506811    0.0010418998730362
  0.0477654968493533    0.0022653609318655    0.0000832463706744    0.0010471093724013
  0.0480043243336001    0.0019868647480636    0.0000757890815499    0.0010523449192633
  0.0482443459552681    0.0020107446717415    0.0000767593144849    0.0010576066438597
  0.0484855676850444    0.0017813718981710    0.0000705303684310    0.0010628946770790
  0.0487279955234696    0.0019339809054923    0.0000732551621199    0.0010682091504644
  0.0489716355010870    0.0017129787189013    0.0000692754754132    0.0010735501962167
  0.0492164936785924    0.0016286750397213    0.0000673111604092    0.0010789179471978
  0.0494625761469853    0.0017180586642265    0.0000729694925099    0.0010843125369338
  0.0497098890277203    0.0015652072968152    0.0000645278563132    0.0010897340996184
  0.0499584384728589    0.0015260040333735    0.0000619833252862    0.0010951827701165
  0.0502082306652232    0.0015686083355072    0.0000623726925869    0.0011006586839671
  0.0504592718185493    0.0014838407382725    0.0000600888008234    0.0011061619773869
  0.0507115681776420    0.0014199069036479    0.0000575754281186    0.0011116927872739
  0.0509651260185302    0.0013922919765537    0.0000571406948776    0.0011172512512102
  0.0512199516486228    0.0013580331571380    0.0000557989782698    0.0011228375074663
  0.0514760514068660    0.0013494915093488    0.0000555680639524    0.0011284516950036
  0.0517334316639003    0.0014439320395590    0.0000580582721940    0.0011340939534786
  0.0519920988222198    0.0013934841508263    0.0000563847752683    0.0011397644232460
  0.0522520593163309    0.0013464910579084    0.0000539267828187    0.0011454632453623
  0.0525133196129125    0.0011401665524834    0.0000496042617409    0.0011511905615891
  0.0527758862109771    0.0011275317309261    0.0000497558547979    0.0011569465143970
  0.0530397656420320    0.0011494437574983    0.0000492273394298    0.0011627312469690
  0.0533049644702421    0.0011254786970532    0.0000485751841115    0.0011685449032038
  0.0535714892925933    0.0011162332304689    0.0000489502151276    0.0011743876277199
  0.0538393467390563    0.0009433125208169    0.0000460105795548    0.0011802595658585
  0.0541085434727516    0.0009762492434339    0.0000467861857543    0.0011861608636878
  0.0543790861901153    0.0009921249572642    0.0000444419212634    0.0011920916680062
  0.0546509816210659    0.0009930425518773    0.0000439082922623    0.0011980521263462
  0.0549242365291712    0.0010196618164474    0.0000440958338521    0.0012040423869780
  0.0551988577118171    0.0009293996325471    0.0000419485162426    0.0012100625989128
  0.0554748520003761    0.0009180445332862    0.0000407884943316    0.0012161129119074
  0.0557522262603780    0.0009861116212510    0.0000430230613105    0.0012221934764669
  0.0560309873916799    0.0009123405909050    0.0000408641395362    0.0012283044438493
  0.0563111423286383    0.0009488568068109    0.0000417496041777    0.0012344459660685
  0.0565926980402815    0.0010036873319761    0.0000423652335740    0.0012406181958989
  0.0568756615304829    0.0010219794643049    0.0000434425775744    0.0012468212868784
  0.0571600398381353    0.0009532613881381    0.0000416482661758    0.0012530553933128
  0.0574458400373259    0.0008942109754066    0.0000403087035786    0.0012593206702793
  0.0577330692375126    0.0008933098198169    0.0000397082526373    0.0012656172736307
  0.0580217345837001    0.0009484318442765    0.0000397516722528    0.0012719453599989
  0.0583118432566186    0.0009543710662281    0.0000408636926544    0.0012783050867989
  0.0586034024729017    0.0008489725107611    0.0000378519339916    0.0012846966122329
  0.0588964194852662    0.0007779453808215    0.0000359402192173    0.0012911200952940
  0.0591909015826925    0.0009115716524775    0.0000387272316484    0.0012975756957705
  0.0594868560906060    0.0008471037347092    0.0000376413389814    0.0013040635742493
  0.0597842903710590    0.0009421176839531    0.0000398269351652    0.0013105838921206
  0.0600832118229143    0.0007914198981124    0.0000356096040049    0.0013171368115812
  0.0603836278820289    0.0008260296910690    0.0000375265828525    0.0013237224956391
  0.0606855460214390    0.0008290548526681    0.0000361325291540    0.0013303411081173
  0.0609889737515462    0.0009309268482258    0.0000381848401150    0.0013369928136579
  0.0612939186203039    0.0009481138228619    0.0000390389690306    0.0013436777777262
  0.0616003882134054    0.0009018452299664    0.0000373798102603    0.0013503961666148
  0.0619083901544725    0.0009289776967550    0.0000383819848159    0.0013571481474479
  0.0622179321052448    0.0008725562115498    0.0000364820661896    0.0013639338881851
  0.0625290217657710    0.0008933640264052    0.0000373583704876    0.0013707535576260
  0.0628416668745999    0.0008925904251820    0.0000376703842580    0.0013776073254142
  0.0631558752089729    0.0008227079157510    0.0000354000140140    0.0013844953620412
  0.0634716545850177    0.0009199474862356    0.0000370194179478    0.0013914178388514
  0.0637890128579428    0.0007910506792458    0.0000348949124884    0.0013983749280457
  0.0641079579222325    0.0007923473548060    0.0000354090604749    0.0014053668026859
  0.0644284977118437    0.0008342715836535    0.0000358411312261    0.0014123936366994
  0.0647506402004029    0.0008279224253384    0.0000367150866172    0.0014194556048829
  0.0650743934014049    0.0009319935015115    0.0000388579531124    0.0014265528829073
  0.0653997653684119    0.0008699751241910    0.0000384768918386    0.0014336856473218
  0.0657267641952540    0.0009068302333410    0.0000390086779436    0.0014408540755584
  0.0660553980162302    0.0008678900576481    0.0000380510023997    0.0014480583459362
  0.0663856750063114    0.0008803742685280    0.0000378468049334    0.0014552986376659
  0.0667176033813429    0.0009057135676920    0.0000379792921832    0.0014625751308542
  0.0670511913982496    0.0008580814914364    0.0000362570397364    0.0014698880065085
  0.0673864473552409    0.0008982382665745    0.0000366209307133    0.0014772374465410
  0.0677233795920171    0.0008897957633375    0.0000362572766106    0.0014846236337737
  0.0680619964899772    0.0008972677364426    0.0000365057858947    0.0014920467519426
  0.0684023064724270    0.0009120705110839    0.0000370336532475    0.0014995069857023
  0.0687443180047892    0.0008408121139220    0.0000346781741909    0.0015070045206308
  0.0690880395948131    0.0008032801656532    0.0000340621811519    0.0015145395432340
  0.0694334797927871    0.0008866846516494    0.0000348952440506    0.0015221122409502
  0.0697806471917511    0.0008924504483847    0.0000356371061534    0.0015297228021549
  0.0701295504277098    0.0009101181429877    0.0000356599393625    0.0015373714161657
  0.0704801981798484    0.0009101852274109    0.0000362981664955    0.0015450582732465
  0.0708325991707476    0.0008693977199574    0.0000343041077455    0.0015527835646127
  0.0711867621666013    0.0008217784100471    0.0000335740246694    0.0015605474824358
  0.0715426959774343    0.0008512149670030    0.0000334278962429    0.0015683502198480
  0.0719004094573215    0.0008741659812616    0.0000342530539159    0.0015761919709472
  0.0722599115046081    0.0007532271123039    0.0000313900417930    0.0015840729308020
  0.0726212110621311    0.0007903241925770    0.0000315735606031    0.0015919932954560
  0.0729843171174418    0.0008141994671035    0.0000326458259190    0.0015999532619332
  0.0733492387030290    0.0008304836496885    0.0000329765634007    0.0016079530282429
  0.0737159848965441    0.0008516832522855    0.0000329950323869    0.0016159927933841
  0.0740845648210268    0.0008029729757079    0.0000322575201050    0.0016240727573510
  0.0744549876451319    0.0007193948632544    0.0000302684975091    0.0016321931211378
  0.0748272625833576    0.0007758529170491    0.0000309490963897    0.0016403540867435
  0.0752013988962744    0.0007307154444503    0.0000302050433189    0.0016485558571772
  0.0755774058907557    0.0007203009507524    0.0000292749776409    0.0016567986364631
  0.0759552929202095    0.0007412807566668    0.0000298275221513    0.0016650826296454
  0.0763350693848105    0.0007349550283892    0.0000298092173646    0.0016734080427936
  0.0767167447317346    0.0007273382702354    0.0000295977722880    0.0016817750830076
  0.0771003284553933    0.0006801529134546    0.0000288911824623    0.0016901839584226
  0.0774858300976702    0.0006995227945587    0.0000287816486092    0.0016986348782148
  0.0778732592481586    0.0006814111290480    0.0000282361948569    0.0017071280526058
  0.0782626255443993    0.0006719078079355    0.0000279225028356    0.0017156636928689
  0.0786539386721213    0.0006448648990506    0.0000274085971686    0.0017242420113332
  0.0790472083654819    0.0006479637117600    0.0000273430091231    0.0017328632213899
  0.0794424444073093    0.0006027443066345    0.0000268663384486    0.0017415275374968
  0.0798396566293459    0.0005984393695595    0.0000258318581570    0.0017502351751843
  0.0802388549124926    0.0005459939037940    0.0000251973030346    0.0017589863510602
  0.0806400491870551    0.0005424496898602    0.0000252360382369    0.0017677812828155
  0.0810432494329903    0.0005242996836445    0.0000246110475092    0.0017766201892296
  0.0814484656801553    0.0005296721023269    0.0000241273965560    0.0017855032901757
  0.0814484656801553    0.0004772409097131    0.0000621287092573    0.0017828930807975
  0.0818557080085560    0.0004986182914145    0.0000234886783285    0.0017944308066266
  0.0818557080085560    0.0005285621502796    0.0000301152647271    0.0017918075462015
  0.0822649865485988    0.0005150433641093    0.0000236646547716    0.0018034029606598
  0.0822649865485988    0.0005012063909048    0.0000282035808332    0.0018007665839325
  0.0826763114813418    0.0004990679416911    0.0000278113176501    0.0018097704168522
  0.0826763114813418    0.0004987817303205    0.0000237104940631    0.0018124199754631
  0.0830896930387485    0.0005017530477627    0.0000282414849575    0.0018188192689364
  0.0830896930387485    0.0004730141510872    0.0000234776685627    0.0018214820753404
  0.0835051415039422    0.0004689413659886    0.0000230523166630    0.0018305894857171
  0.0835051415039422    0.0004776567548863    0.0000274357727898    0.0018279133652811
  0.0839226672114619    0.0004611268293675    0.0000229548184716    0.0018397424331457
  0.0839226672114619    0.0004152127498618    0.0000234259403411    0.0018370529321075
  0.0843422805475192    0.0004641150029129    0.0000254629682811    0.0018462381967681
  0.0843422805475192    0.0004320326210116    0.0000219025163366    0.0018489411453114
  0.0847639919502568    0.0003767549672851    0.0000209644953055    0.0018554693877519
  0.0847639919502568    0.0004659142681107    0.0000228083606080    0.0018581858510379
  0.0851878119100081    0.0004189710146336    0.0000224162405158    0.0018674767802931
  0.0851878119100081    0.0004178732762050    0.0000228746341101    0.0018647467346907
  0.0856137509695581    0.0003884079578469    0.0000209059109201    0.0018740704683641
  0.0856137509695581    0.0004377922417355    0.0000222475602570    0.0018768141641946
  0.0860418197244059    0.0003911464106486    0.0000214310404090    0.0018834408207059
  0.0860418197244059    0.0003771632542907    0.0000210098438581    0.0018861982350156
  0.0864720288230279    0.0003732269703456    0.0000204048709748    0.0018928580248095
  0.0864720288230279    0.0003845239089982    0.0000210366713297    0.0018956292261906
  0.0869043889671431    0.0003393444394401    0.0000187111896656    0.0019023223149335
  0.0869043889671431    0.0003255219983421    0.0000193153571003    0.0019051073723216
  0.0873389109119788    0.0003006301985852    0.0000188315108392    0.0019146329091832
  0.0873389109119788    0.0003230532534523    0.0000179974654838    0.0019118339265082
  0.0877756054665386    0.0003032833381555    0.0000191846539630    0.0019242060737291
  0.0877756054665386    0.0003066042022335    0.0000167055021978    0.0019213930961407
  0.0882144834938713    0.0003116102157803    0.0000194834965092    0.0019338271040978
  0.0882144834938713    0.0003055534151227    0.0000167862852188    0.0019310000616214
  0.0886555559113407    0.0003109478485785    0.0000169277652385    0.0019406550619295
  0.0886555559113407    0.0003012993256410    0.0000188190156432    0.0019434962396183
  0.0890988336908974    0.0002564498833025    0.0000186403310695    0.0019532137208163
  0.0890988336908974    0.0002687398152060    0.0000149952165597    0.0019503583372392
  0.0895443278593518    0.0003069836936710    0.0000192888678581    0.0019629797894204
  0.0895443278593518    0.0002644547770274    0.0000147480551572    0.0019601101289254
  0.0899920494986486    0.0002749422348944    0.0000151319680724    0.0019699106795700
  0.0899920494986486    0.0002440070607864    0.0000177162269858    0.0019727946883675
  0.0904420097461418    0.0002320936419455    0.0000132712354540    0.0019797602329678
  0.0904420097461418    0.0002458022787329    0.0000175321200249    0.0019826586618094
  0.0908942197948725    0.0002304891451357    0.0000130566398648    0.0019896590341327
  0.0908942197948725    0.0002498123891677    0.0000180033517631    0.0019925719551184
  0.0913486908938469    0.0002734087735090    0.0000183213006126    0.0020025348148940
  0.0913486908938469    0.0002219279690586    0.0000123747248276    0.0019996073293034
  0.0918054343483161    0.0002626754096256    0.0000181100803142    0.0020125474889685
  0.0918054343483161    0.0002318163821765    0.0000127843860075    0.0020096053659499
  0.0922644615200577    0.0002411127104817    0.0000178999013587    0.0020226102264133
  0.0922644615200577    0.0002214893945222    0.0000125605814763    0.0020196533927796
  0.0927257838276579    0.0002149391047939    0.0000121672730795    0.0020297516597435
  0.0927257838276579    0.0001831886525776    0.0000162028453109    0.0020327232775454
  0.0931894127467962    0.0002155084190326    0.0000168158038556    0.0020428868939331
  0.0931894127467962    0.0002032507288978    0.0000115411968937    0.0020399004180422
  0.0936553598105302    0.0002009240706134    0.0000115333061696    0.0020500999201324
  0.0936553598105302    0.0002162921102742    0.0000171684574968    0.0020531013284028
  0.0941236366095829    0.0001714470381585    0.0000162097507183    0.0020633668350448
  0.0941236366095829    0.0001906786247819    0.0000104661116329    0.0020603504197331
  0.0945942547926308    0.0002126920360276    0.0000171131255871    0.0020736836692200
  0.0945942547926308    0.0001943250520795    0.0000108605020729    0.0020706521718318
  0.0950672260665939    0.0002100251420590    0.0000161655646017    0.0020840520875661
  0.0950672260665939    0.0001765849041696    0.0000102689585941    0.0020810054326909
  0.0955425621969268    0.0001799283011266    0.0000100668723441    0.0020914104598544
  0.0960202750079115    0.0001599181280871    0.0000095303140482    0.0021018675121537
  0.0965003763829510    0.0001781880479746    0.0000100605124110    0.0021123768497144
  0.0969828782648658    0.0001626879717633    0.0000092287317744    0.0021229387339630
  0.0974677926561901    0.0001325274499013    0.0000082889419681    0.0021335534276328
  0.0979551316194710    0.0001551684797108    0.0000091293003927    0.0021442211947710
  0.0984449072775684    0.0001324592831800    0.0000080270281006    0.0021549423007448
  0.0989371318139562    0.0001308845449779    0.0000080237400242    0.0021657170122486
  0.0994318174730260    0.0001394260588731    0.0000081031226414    0.0021765455973098
  0.0999289765603911    0.0001316821360279    0.0000076549824684    0.0021874283252963
  0.1004286214431930    0.0001474471035807    0.0000083232842668    0.0021983654669228
  0.1009307645504090    0.0001465113945272    0.0000082689679846    0.0022093572942574
  0.1014354183731610    0.0001353035353164    0.0000075813992703    0.0022204040807287
  0.1019425954650268    0.0001296997646828    0.0000075325896658    0.0022315061011324
  0.1024523084423520    0.0001344727358920    0.0000076467861529    0.0022426636316380
  0.1029645699845637    0.0001167526623640    0.0000070941508218    0.0022538769497962
  0.1034793928344865    0.0001270473394685    0.0000072554844813    0.0022651463345452
  0.1039967897986589    0.0001344061558742    0.0000073427519524    0.0022764720662179
  0.1045167737476522    0.0001324126746570    0.0000072699125243    0.0022878544265490
  0.1050393576163905    0.0001202105149125    0.0000067466424216    0.0022992936986818
  0.1055645544044724    0.0001321916534675    0.0000071219343224    0.0023107901671752
  0.1060923771764948    0.0001260420052802    0.0000066271109143    0.0023223441180110
  0.1066228390623772    0.0001162878699225    0.0000064118171945    0.0023339558386011
  0.1071559532576891    0.0001155566924467    0.0000066069023792    0.0023456256177941
  0.1076917330239775    0.0001312465532932    0.0000068207140773    0.0023573537458831
  0.1082301916890974    0.0001155474463027    0.0000062687729800    0.0023691405146125
  0.1087713426475429    0.0001254300097071    0.0000063385004416    0.0023809862171856
  0.1093151993607806    0.0001100828065395    0.0000059378049990    0.0023928911482715
  0.1098617753575845    0.0001231228003818    0.0000062195308049    0.0024048556040128
  0.1104110842343724    0.0001142351877370    0.0000061849866676    0.0024168798820329
  0.1109631396555442    0.0001127246166281    0.0000056861093138    0.0024289642814431
  0.1115179553538219    0.0001187082069018    0.0000057040206492    0.0024411091028503
  0.1120755451305910    0.0001157098838142    0.0000058660521613    0.0024533146483645
  0.1126359228562440    0.0001095648496172    0.0000054033277648    0.0024655812216064
  0.1131991024705252    0.0001132037585563    0.0000056349428210    0.0024779091277144
  0.1137650979828778    0.0001116621154324    0.0000056181885134    0.0024902986733530
  0.1143339234727922    0.0001103557364302    0.0000054339775076    0.0025027501667197
  0.1149055930901561    0.0001013214248406    0.0000051975343976    0.0025152639175533
  0.1154801210556069    0.0001019034121961    0.0000050462764386    0.0025278402371411
  0.1160575216608849    0.0001045992110344    0.0000051882682209    0.0025404794383268
  0.1166378092691893    0.0000890929602966    0.0000048813792751    0.0025531818355184
  0.1172209983155353    0.0000938337289828    0.0000049487465081    0.0025659477446960
  0.1178071033071129    0.0001021684856321    0.0000048636725156    0.0025787774834195
  0.1183961388236485    0.0000927896183995    0.0000046735447784    0.0025916713708366
  0.1189881195177667    0.0000936439189040    0.0000046709638045    0.0026046297276908
  0.1195830601153555    0.0000858407329418    0.0000044815295085    0.0026176528763292
  0.1201809754159323    0.0000841978098426    0.0000044066444070    0.0026307411407109
  0.1207818802930119    0.0000818865585561    0.0000042815000970    0.0026438948464144
  0.1213857896944770    0.0000710726523906    0.0000041080640860    0.0026571143206465
  0.1219927186429494    0.0000721127208479    0.0000039595628447    0.0026703998922497
  0.1226026822361641    0.0000713112697008    0.0000038675789548    0.0026837518917110
  0.1232156956473449    0.0000642017071296    0.0000036156684994    0.0026971706511695
  0.1238317741255816    0.0000663097517191    0.0000037891088211    0.0027106565044254
  0.1244509329962095    0.0000580455588665    0.0000035941361188    0.0027242097869475
  0.1250731876611905    0.0000602674375956    0.0000036196291564    0.0027378308358822
  0.1256985535994965    0.0000619842590134    0.0000033839668074    0.0027515199900617
  0.1263270463674940    0.0000523086228308    0.0000032929826469    0.0027652775900120
  0.1269586815993314    0.0000487660703935    0.0000032972860613    0.0027791039779620
  0.1275934750073280    0.0000506849462979    0.0000032549260420    0.0027929994978518
  0.1282314423823647    0.0000485086443231    0.0000031676341774    0.0028069644953411
  0.1288725995942765    0.0000416211208681    0.0000029950732448    0.0028209993178178
  0.1295169625922478    0.0000424350170335    0.0000030251199160    0.0028351043144069
  0.1301645474052091    0.0000417589032110    0.0000028700510170    0.0028492798359789
  0.1308153701422351    0.0000332907010354    0.0000028195550664    0.0028635262351588
  0.1314694469929463    0.0000342708570620    0.0000026663430072    0.0028778438663346
  0.1321267942279110    0.0000308352642769    0.0000025826298315    0.0028922330856663
  0.1327874281990505    0.0000350358400513    0.0000026726170171    0.0029066942510946
  0.1334513653400458    0.0000288771195687    0.0000025098001948    0.0029212277223501
  0.1341186221667460    0.0000277594701738    0.0000025102577090    0.0029358338609618
  0.1347892152775797    0.0000272524123210    0.0000024832193116    0.0029505130302666
  0.1354631613539676    0.0000211316939662    0.0000022173874545    0.0029652655954180
  0.1361404771607374    0.0000215370561046    0.0000022984756942    0.0029800919233951
  0.1368211795465411    0.0000168031891248    0.0000021297418198    0.0029949923830120
  0.1375052854442738    0.0000164878675788    0.0000021763202375    0.0030099673449271
  0.1381928118714951    0.0000186030824305    0.0000021786311019    0.0030250171816517
  0.1388837759308526    0.0000193444819140    0.0000021353867311    0.0030401422675600
  0.1395781948105068    0.0000144710788588    0.0000020053203125    0.0030553429788978
  0.1402760857845594    0.0000156162422462    0.0000020154527428    0.0030706196937923
  0.1409774662134821    0.0000177315308298    0.0000020825732094    0.0030859727922612
  0.1416823535445495    0.0000177688342238    0.0000020004194797    0.0031014026562226
  0.1423907653122723    0.0000171525169203    0.0000019865760140    0.0031169096695037
  0.1431027191388336    0.0000162971966563    0.0000019811685045    0.0031324942178512
  0.1438182327345278    0.0000134558855535    0.0000020881755983    0.0031481566889404
  0.1445373238982004    0.0000088376640789    0.0000020215854506    0.0031638974723851
  0.1452600105176914    0.0000160782881684    0.0000019490743658    0.0031797169597471
  0.1459863105702798    0.0000114360017594    0.0000018673801980    0.0031956155445458
  0.1467162421231312    0.0000125784640524    0.0000019121147693    0.0032115936222685
  0.1474498233337468    0.0000119017414583    0.0000018256369008    0.0032276515903799
  0.1481870724504156    0.0000109500016878    0.0000018535552497    0.0032437898483318
  0.1489280078126676    0.0000123493846390    0.0000017679120273    0.0032600087975734
  0.1496726478517310    0.0000115052315269    0.0000017666089868    0.0032763088415613
  0.1504210110909896    0.0000145352442876    0.0000018153541659    0.0032926903857691
  0.1511731161464445    0.0000122213409891    0.0000017691711631    0.0033091538376980
  0.1519289817271767    0.0000116275359683    0.0000017652083009    0.0033256996068864
  0.1526886266358126    0.0000128200367147    0.0000016793013364    0.0033423281049209
  0.1534520697689916    0.0000133476783386    0.0000017178948193    0.0033590397454455
  0.1542193301178366    0.0000135877918605    0.0000017431651343    0.0033758349441727
  0.1549904267684257    0.0000130850376613    0.0000017202102676    0.0033927141188936
  0.1557653789022678    0.0000093940078764    0.0000016946595650    0.0034096776894880
  0.1565442057967792    0.0000112430609078    0.0000017217633720    0.0034267260779355
  0.1573269268257630    0.0000081971355763    0.0000017077925997    0.0034438597083251
  0.1581135614598919    0.0000101444612637    0.0000016658841204    0.0034610790068668
  0.1589041292671913    0.0000095752279995    0.0000016029348750    0.0034783844019011
  0.1596986499135272    0.0000109347562666    0.0000015473487382    0.0034957763239106
  0.1604971431630948    0.0000081429126449    0.0000015713624932    0.0035132552055302
  0.1612996288789103    0.0000094099051691    0.0000015610340972    0.0035308214815578
  0.1621061270233048    0.0000075654287840    0.0000015241948793    0.0035484755889656
  0.1629166576584213    0.0000078488518792    0.0000015366324143    0.0035662179669104
  0.1637312409467134    0.0000077624703261    0.0000014768846838    0.0035840490567450
  0.1645498971514470    0.0000083850887903    0.0000015108613708    0.0036019693020287
  0.1653726466372042    0.0000055479022367    0.0000015344360333    0.0036199791485389
  0.1661995098703902    0.0000054271605126    0.0000014668028025    0.0036380790442815
  0.1670305074197421    0.0000044933870836    0.0000014265216777    0.0036562694395030
  0.1678656599568408    0.0000044594973126    0.0000014126607930    0.0036745507867005
  0.1687049882566250    0.0000058434773682    0.0000013957439049    0.0036929235406340
  0.1695485131979081    0.0000040523147548    0.0000013743557306    0.0037113881583371
  0.1703962557638976    0.0000042670401384    0.0000013937917873    0.0037299450991288
  0.1712482370427171    0.0000046447014219    0.0000013697744607    0.0037485948246245
  0.1721044782279307    0.0000015085312796    0.0000013539223284    0.0037673377987476
  0.1729650006190703    0.0000013368404452    0.0000013794447787    0.0037861744877413
  0.1738298256221656    0.0000026831524453    0.0000013413066351    0.0038051053601800
  0.1746989747502765    0.0000022728738551    0.0000013411804055    0.0038241308869809
  0.1755724696240278   -0.0000000401710889    0.0000013492517684    0.0038432515414158
  0.1764503319721480    0.0000020903048265    0.0000013070630757    0.0038624677991229
  0.1773325836320087    0.0000017623490777    0.0000013849604491    0.0038817801381185
  0.1782192465501687    0.0000009482371061    0.0000013562327760    0.0039011890388091
  0.1791103427829195    0.0000000339963721    0.0000013209354519    0.0039206949840032
  0.1800058944968341    0.0000007029903218    0.0000013201235565    0.0039402984589232
  0.1809059239693183   -0.0000009381777595    0.0000013285235085    0.0039599999512178
  0.1818104535891648    0.0000016861892132    0.0000013300084189    0.0039797999509739
  0.1827195058571106    0.0000015728238392    0.0000013068558554    0.0039996989507288
  0.1836331033863962   -0.0000016879697085    0.0000012842190872    0.0040196974454824
  0.1845512689033281    0.0000007912353044    0.0000012817054337    0.0040397959327098
  0.1854740252478447    0.0000011410270273    0.0000012998382806    0.0040599949123734
  0.1864013953740840    0.0000015567995872    0.0000013031267007    0.0040802948869352
  0.1873334023509544    0.0000022507121384    0.0000013718431980    0.0041006963613699
  0.1882700693627091   -0.0000008742316290    0.0000013245889791    0.0041211998431768
  0.1892114197095226    0.0000006678503127    0.0000013712682695    0.0041418058423926
  0.1901574768080702   -0.0000014524850839    0.0000014360914461    0.0041625148716046
  0.1911082641921105   -0.0000008547830095    0.0000014852042090    0.0041833274459626
  0.1920638055130711   -0.0000008649515482    0.0000014317394652    0.0042042440831924
  0.1930241245406364   -0.0000007686377985    0.0000013962780786    0.0042252653036084
  0.1939892451633396   -0.0000020346148585    0.0000014118599798    0.0042463916301264
  0.1949591913891562    0.0000023926889928    0.0000013541259489    0.0042676235882771
  0.1959339873461020   -0.0000016536959955    0.0000013774479409    0.0042889617062185
  0.1969136572828325   -0.0000001032081301    0.0000013246170264    0.0043104065147495
  0.1978982255692466   -0.0000006546294399    0.0000013444802428    0.0043319585473233
  0.1988877166970929    0.0000004746007139    0.0000013328099145    0.0043536183400599
  0.1998821552805783    0.0000005457134666    0.0000013132492244    0.0043753864317602
  0.2008815660569812    0.0000018464985930    0.0000013150786932    0.0043972633639190
  0.2018859738872660   -0.0000023354494572    0.0000013015695187    0.0044192496807386
  0.2028954037567023    0.0000009350035485    0.0000013106702910    0.0044413459291423
  0.2039098807754859    0.0000018750398799    0.0000012813076374    0.0044635526587880
  0.2049294301793633   -0.0000000010586203    0.0000012747519350    0.0044858704220819
  0.2059540773302601    0.0000034482532474    0.0000012530306918    0.0045082997741924
  0.2069838477169113    0.0000004557662233    0.0000013084338497    0.0045308412730633
  0.2080187669554959    0.0000031172332750    0.0000012913168499    0.0045534954794286
  0.2090588607902733    0.0000017760080463    0.0000012375026403    0.0045762629568258
  0.2101041550942246   -0.0000010548637694    0.0000012511604340    0.0045991442716099
  0.2111546758696958    0.0000024211828191    0.0000012686143745    0.0046221399929680
  0.2122104492490442    0.0000029016663541    0.0000012737896200    0.0046452506929328
  0.2132715014952894    0.0000010675986077    0.0000012841471554    0.0046684769463975
  0.2143378590027659    0.0000020561029716    0.0000012797476611    0.0046918193311294
  0.2154095482977796    0.0000011909634057    0.0000012783617856    0.0047152784277851
  0.2164865960392685    0.0000003088544287    0.0000012442344233    0.0047388548199240
  0.2175690290194648    0.0000010567206634    0.0000012368162864    0.0047625490940236
  0.2186568741645621    0.0000018414857260    0.0000012477654890    0.0047863618394938
  0.2197501585353849    0.0000014004080374    0.0000012234115038    0.0048102936486912
  0.2208489093280618   -0.0000000945743523    0.0000012445535260    0.0048343451169347
  0.2219531538747021    0.0000016334810601    0.0000012143443391    0.0048585168425193
  0.2230629196440756    0.0000010739728484    0.0000012265576677    0.0048828094267319
  0.2241782342422960    0.0000015514385807    0.0000012310435566    0.0049072234738656
  0.2252991254135074    0.0000012293034212    0.0000011921445495    0.0049317595912349
  0.2264256210405749    0.0000011693613479    0.0000012346668801    0.0049564183891911
  0.2275577491457778    0.0000011465680396    0.0000011847835434    0.0049812004811371
  0.2286955378915067    0.0000016708422838    0.0000011759980383    0.0050061064835427
  0.2298390155809641    0.0000024033868554    0.0000012223169788    0.0050311370159605
  0.2309882106588690    0.0000004456397093    0.0000012140558895    0.0050562927010403
  0.2321431517121633    0.0000009342778861    0.0000011919491063    0.0050815741645455
  0.2333038674707241    0.0000005380273801    0.0000011994564543    0.0051069820353682
  0.2344703868080777    0.0000013789016969    0.0000012300992190    0.0051325169455450
  0.2356427387421181    0.0000022610842141    0.0000011803537936    0.0051581795302728
  0.2368209524358286    0.0000000705447581    0.0000011804712847    0.0051839704279241
  0.2380050571980077   -0.0000005883004936    0.0000011788151978    0.0052098902800637
  0.2391950824839977    0.0000011677495613    0.0000011970677803    0.0052359397314641
  0.2403910578964177   -0.0000004628957998    0.0000012042788571    0.0052621194301214
  0.2415930131858998    0.0000003443428959    0.0000012037873715    0.0052884300272720
  0.2428009782518292   -0.0000002426129875    0.0000012019765868    0.0053148721774083
  0.2440149831430883    0.0000025884896256    0.0000011836625261    0.0053414465382954
  0.2452350580588037    0.0000011186858062    0.0000011964981571    0.0053681537709869
  0.2464612333490978    0.0000017297030568    0.0000012018142912    0.0053949945398418
  0.2476935395158432    0.0000016579580764    0.0000011790975796    0.0054219695125410
  0.2489320072134224    0.0000013494594892    0.0000011993728625    0.0054490793601037
  0.2501766672494895    0.0000004963873026    0.0000011649555400    0.0054763247569042
  0.2514275505857369    0.0000018428280764    0.0000011924612775    0.0055037063806887
  0.2526846883386655    0.0000000081242867    0.0000011813658611    0.0055312249125922
  0.2539481117803589    0.0000003493701084    0.0000011732930907    0.0055588810371551
  0.2552178523392606    0.0000013588354132    0.0000011609928823    0.0055866754423409
  0.2564939416009570    0.0000017149816621    0.0000012004886184    0.0056146088195526
  0.2577764113089617    0.0000014944250538    0.0000011886260502    0.0056426818636504
  0.2590652933655064    0.0000015105445717    0.0000011665917832    0.0056708952729686
  0.2603606198323339    0.0000027291806398    0.0000011649627713    0.0056992497493335
  0.2616624229314956    0.0000010555231023    0.0000011750639008    0.0057277459980801
  0.2629707350461531    0.0000010387007296    0.0000011493407950    0.0057563847280705
  0.2642855887213838    0.0000009957418473    0.0000011861510947    0.0057851666517109
  0.2656070166649907    0.0000022981809859    0.0000011981837783    0.0058140924849695
  0.2669350517483157    0.0000017638781661    0.0000011928489396    0.0058431629473943
  0.2682697270070572    0.0000019954484900    0.0000012128789630    0.0058723787621313
  0.2696110756420924    0.0000003919452700    0.0000012634569763    0.0059017406559419
  0.2709591310203028    0.0000022483538951    0.0000012724983218    0.0059312493592216
  0.2723139266754043   -0.0000002697686881    0.0000012541672305    0.0059609056060177
  0.2736754963087813    0.0000010935832013    0.0000012037292606    0.0059907101340478
  0.2750438737903252    0.0000012423382195    0.0000012025480688    0.0060206636847181
  0.2764190931592768   -0.0000026771550916    0.0000011988411076    0.0060507670031417
  0.2778011886250731    0.0000009427313509    0.0000012360319036    0.0060810208381574
