# Experiment IPTS-36897 Run 226606
# Reduction 2.9.0rc3
# Run title: sample2_full_Q_-50_uA-226606-1.
# Run start time: 2026-03-29T01:24:18.291123667
# Reduction time: Sat Mar 28 21:29:10 2026
# Q summing: False
# TOF weighted: False
# Bck in Q: False
# Theta offset: 0.0
# Stitching type: None
# DataRun   NormRun   TwoTheta(deg)  LambdaMin(A)   LambdaMax(A) Qmin(1/A)    Qmax(1/A)    SF_A         SF_B          SF
# 226606    226559    0.739512       2.74975        9.4987       0.0085       0.0294       4.0          0            1.0         
# 226607    226560    2.39951        2.74978        9.49867      0.0277       0.0956       25.0         0            1.0         
# 226608    226561    7.0002         2.74977        9.49868      0.0807       0.2789       196.0        0            1.0         
# Q [1/Angstrom]        R                     dR                    dQ [FWHM]            
  0.0085899187375132    1.0092894746004459    0.0698908646401355    0.0001888224797430
  0.0086328683312008    0.8695327385478625    0.0561302967709037    0.0001897665921418
  0.0086760326728568    0.9345370586148228    0.0616610315905925    0.0001907154251025
  0.0087194128362210    0.8568971142857765    0.0531754116236075    0.0001916690022280
  0.0087630099004021    0.9483029103995360    0.0612316703534828    0.0001926273472391
  0.0088068249499042    0.9422396182223478    0.0593440846505035    0.0001935904839753
  0.0088508590746537    0.9022472709415715    0.0555276904921502    0.0001945584363952
  0.0088951133700269    0.9329866490903639    0.0574986361159121    0.0001955312285772
  0.0089395889368771    0.9282134477993450    0.0566528395402811    0.0001965088847201
  0.0089842868815615    0.8848755088233398    0.0525438632199696    0.0001974914291437
  0.0090292083159693    0.9069196266313917    0.0533599836964259    0.0001984788862894
  0.0090743543575491    1.0101952067221041    0.0615578990109962    0.0001994712807208
  0.0091197261293369    0.9601641610895915    0.0568280738148776    0.0002004686371244
  0.0091653247599835    1.0760833955912881    0.0664616509939367    0.0002014709803100
  0.0092111513837835    0.8493686335775850    0.0460707002644292    0.0002024783352116
  0.0092572071407024    1.0346108048448974    0.0613542935720686    0.0002034907268877
  0.0093034931764059    1.0674517906955334    0.0636010091415224    0.0002045081805221
  0.0093500106422879    0.9963768859090255    0.0553381126737861    0.0002055307214247
  0.0093967606954993    0.9523934283193222    0.0521048950531846    0.0002065583750318
  0.0094437444989768    0.8814899727743621    0.0460639671122322    0.0002075911669070
  0.0094909632214717    0.9407717383017447    0.0505061655022220    0.0002086291227415
  0.0095384180375791    0.8550481404217470    0.0442810934151939    0.0002096722683552
  0.0095861101277670    0.8694811044269750    0.0438110899475569    0.0002107206296970
  0.0096340406784058    0.9369306617664503    0.0486600180815711    0.0002117742328455
  0.0096822108817978    0.8625990645091316    0.0424620330489234    0.0002128331040097
  0.0097306219362068    0.9023057586897542    0.0450181275504612    0.0002138972695298
  0.0097792750458879    0.9776601363511012    0.0501692470436958    0.0002149667558774
  0.0098281714211173    0.9211162915658601    0.0455471149275476    0.0002160415896568
  0.0098773122782229    0.9501918255243748    0.0468479865191051    0.0002171217976051
  0.0099266988396140    0.9560651098685299    0.0458046334633580    0.0002182074065931
  0.0099763323338121    1.0067840758555471    0.0500170585605737    0.0002192984436261
  0.0100262139954811    0.9163312031538217    0.0432642687802237    0.0002203949358442
  0.0100763450654585    0.8827149760178629    0.0406256680620990    0.0002214969105234
  0.0101267267907858    1.0365722798350034    0.0502587756635377    0.0002226043950760
  0.0101773604247398    0.8739231040389008    0.0394771913167989    0.0002237174170514
  0.0102282472268634    0.8385580805730155    0.0364977140383455    0.0002248360041367
  0.0102793884629978    0.8685512268013955    0.0380338553274225    0.0002259601841574
  0.0103307854053128    0.9138351334421189    0.0407265260850198    0.0002270899850781
  0.0103824393323393    0.9293800781410470    0.0407017165223669    0.0002282254350035
  0.0104343515290010    0.8939614989326384    0.0385585391718982    0.0002293665621786
  0.0104865232866460    0.9121414405373337    0.0385728174430292    0.0002305133949894
  0.0105389559030792    0.9112801039252011    0.0389036355462206    0.0002316659619644
  0.0105916506825946    0.8973858498527105    0.0370842095811463    0.0002328242917742
  0.0106446089360076    0.9696832185008859    0.0410500471951613    0.0002339884132331
  0.0106978319806876    0.8846393905111414    0.0353014964259788    0.0002351583552993
  0.0107513211405911    0.8733082918104029    0.0343254720954254    0.0002363341470758
  0.0108050777462940    0.8751580434282427    0.0345339382968495    0.0002375158178111
  0.0108591031350255    0.8433775161530614    0.0322882640003661    0.0002387033969002
  0.0109133986507006    0.9094886131445359    0.0356292256616091    0.0002398969138847
  0.0109679656439541    0.9771260074335623    0.0385946096043121    0.0002410963984541
  0.0110228054721739    0.9084963705398684    0.0349573838392495    0.0002423018804464
  0.0110779194995348    0.9171665052240082    0.0352227395677913    0.0002435133898486
  0.0111333090970324    0.9331287330778685    0.0350693836572492    0.0002447309567979
  0.0111889756425176    0.9157845032298667    0.0339243658206978    0.0002459546115818
  0.0112449205207302    0.9112661739187259    0.0334039247489262    0.0002471843846398
  0.0113011451233338    0.9567743107129802    0.0355637027322586    0.0002484203065630
  0.0113576508489505    0.9081778248544667    0.0323249444076057    0.0002496624080958
  0.0114144391031953    0.9058986249606376    0.0317821270634241    0.0002509107201362
  0.0114715112987112    0.8683087202911167    0.0301018388752178    0.0002521652737369
  0.0115288688552048    0.9203005843351145    0.0321480189807213    0.0002534261001056
  0.0115865131994808    0.8930827262968380    0.0304844970396428    0.0002546932306061
  0.0116444457654782    0.9040122418526816    0.0305657801290618    0.0002559666967592
  0.0117026679943056    0.8935111680836318    0.0298831660503285    0.0002572465302430
  0.0117611813342771    0.8773124304889209    0.0289285252370968    0.0002585327628942
  0.0118199872409485    0.9158153895473148    0.0306290578504076    0.0002598254267087
  0.0118790871771533    0.8851553860120376    0.0288919038627067    0.0002611245538422
  0.0119384826130390    0.8379945601446215    0.0264366714512913    0.0002624301766114
  0.0119981750261042    0.8406414865166724    0.0264685243084786    0.0002637423274945
  0.0120581659012347    0.8623687758005494    0.0268629402866862    0.0002650610391319
  0.0121184567307409    0.8915635995587026    0.0278925362519869    0.0002663863443276
  0.0121790490143946    0.9093509024819750    0.0284865186921455    0.0002677182760492
  0.0122399442594666    0.8689021902853370    0.0263633830304092    0.0002690568674295
  0.0123011439807639    0.8481664077221008    0.0253504756648814    0.0002704021517666
  0.0123626497006677    0.9175829541281534    0.0281779467576575    0.0002717541625255
  0.0124244629491711    0.8807308999126966    0.0262967306509883    0.0002731129333381
  0.0124865852639169    0.8494240836101176    0.0246210982321652    0.0002744784980048
  0.0125490181902365    0.8209661524361097    0.0232933980969018    0.0002758508904948
  0.0126117632811877    0.9083538034140139    0.0266857220449895    0.0002772301449473
  0.0126748220975936    0.8957270522937834    0.0262311341856335    0.0002786162956720
  0.0127381962080816    0.9011713799055249    0.0260615263015042    0.0002800093771504
  0.0128018871891220    0.9040961429630575    0.0263149929235471    0.0002814094240361
  0.0128658966250676    0.8501557678174744    0.0237886357899977    0.0002828164711563
  0.0129302261081930    0.8668320427018373    0.0241535119739493    0.0002842305535121
  0.0129948772387339    0.8685496886940550    0.0241741237850488    0.0002856517062796
  0.0130598516249276    0.8286177219302016    0.0223669515852566    0.0002870799648110
  0.0131251508830522    0.8772344773717420    0.0240354464353081    0.0002885153646351
  0.0131907766374675    0.8662466877932521    0.0234957643888975    0.0002899579414583
  0.0132567305206548    0.8233087130106473    0.0218555435176246    0.0002914077311656
  0.0133230141732581    0.8155417946316078    0.0215267666709104    0.0002928647698214
  0.0133896292441244    0.8209951569175064    0.0216352019407300    0.0002943290936705
  0.0134565773903450    0.8266752503374475    0.0216067642809355    0.0002958007391389
  0.0135238602772967    0.8244069282678738    0.0215422642473679    0.0002972797428345
  0.0135914795786832    0.8075022184277333    0.0209140423714929    0.0002987661415487
  0.0136594369765766    0.8067928332532164    0.0206994031861661    0.0003002599722565
  0.0137277341614595    0.7320373381441138    0.0182587947015112    0.0003017612721177
  0.0137963728322668    0.7586369193589093    0.0190938833329512    0.0003032700784783
  0.0138653546964281    0.7339693958746446    0.0182879189575701    0.0003047864288707
  0.0139346814699103    0.7204193567287167    0.0177913319105105    0.0003063103610151
  0.0140043548772598    0.6822566370700395    0.0167383126298291    0.0003078419128202
  0.0140743766516461    0.6691331446632575    0.0161335468889280    0.0003093811223843
  0.0141447485349043    0.6242371290971841    0.0148668548434663    0.0003109280279962
  0.0142154722775789    0.6142471018983637    0.0145925355686790    0.0003124826681362
  0.0142865496389668    0.5990348768238849    0.0141470363144010    0.0003140450814768
  0.0143579823871616    0.5860755831086714    0.0139497944926631    0.0003156153068842
  0.0144297722990974    0.5654714897223668    0.0133488798227007    0.0003171933834186
  0.0145019211605929    0.5613035049063390    0.0131069121219565    0.0003187793503357
  0.0145744307663958    0.5442330766537827    0.0128862587545807    0.0003203732470874
  0.0146473029202278    0.5056972878854874    0.0117263020928520    0.0003219751133229
  0.0147205394348290    0.4960905313954190    0.0116169029890144    0.0003235849888895
  0.0147941421320031    0.4663584708091645    0.0108219058065670    0.0003252029138339
  0.0148681128426631    0.4495739910303928    0.0104644469274431    0.0003268289284031
  0.0149424534068764    0.4437162796565978    0.0103751327795240    0.0003284630730451
  0.0150171656739108    0.3907020932034597    0.0089380059319277    0.0003301053884103
  0.0150922515022804    0.3802531152692848    0.0089323731925988    0.0003317559153524
  0.0151677127597918    0.3871200177904461    0.0093106610859404    0.0003334146949291
  0.0152435513235907    0.3525870351628284    0.0085912488792489    0.0003350817684038
  0.0153197690802087    0.3248904937774234    0.0075576659412209    0.0003367571772458
  0.0153963679256097    0.3023511613942361    0.0068581240145720    0.0003384409631320
  0.0154733497652378    0.2928083656081141    0.0066754633715234    0.0003401331679477
  0.0155507165140639    0.2793185886485743    0.0064700933691214    0.0003418338337874
  0.0156284700966343    0.2572370885940387    0.0059241118348567    0.0003435430029564
  0.0157066124471174    0.2372493429773252    0.0054639016027604    0.0003452607179712
  0.0157851455093530    0.2259663974824868    0.0052155599502643    0.0003469870215610
  0.0158640712368998    0.2015717755253474    0.0047174175144881    0.0003487219566688
  0.0159433915930843    0.1875100297929813    0.0045145265708382    0.0003504655664522
  0.0160231085510497    0.1819444304963070    0.0043118258189129    0.0003522178942844
  0.0161032240938049    0.1789105611120597    0.0042683828824045    0.0003539789837558
  0.0161837402142740    0.1720605060995693    0.0040445997689285    0.0003557488786746
  0.0162646589153453    0.1691117361089034    0.0040206454619438    0.0003575276230680
  0.0163459822099221    0.1651223003368916    0.0039905983100075    0.0003593152611833
  0.0164277121209717    0.1489964204291691    0.0035979108449370    0.0003611118374892
  0.0165098506815765    0.1371079463639344    0.0033802874125039    0.0003629173966767
  0.0165923999349844    0.1355289856003984    0.0034385963734044    0.0003647319836601
  0.0166753619346593    0.1244666636106462    0.0032086632623113    0.0003665556435784
  0.0167587387443326    0.1215889860948927    0.0029736568788740    0.0003683884217963
  0.0168425324380543    0.1173608473967696    0.0028523818218137    0.0003702303639052
  0.0169267451002446    0.1097175659250878    0.0026712001111033    0.0003720815157248
  0.0170113788257458    0.1088821151851180    0.0026481262006701    0.0003739419233034
  0.0170964357198745    0.1069140729048915    0.0026034973205279    0.0003758116329199
  0.0171819178984739    0.1089810472196648    0.0026465425116693    0.0003776906910845
  0.0172678274879662    0.1090171422977060    0.0026604935469602    0.0003795791445399
  0.0173541666254061    0.1014480061697667    0.0024954696375454    0.0003814770402626
  0.0174409374585331    0.0985921626992714    0.0024493197268259    0.0003833844254640
  0.0175281421458258    0.1005380013409652    0.0024920750365511    0.0003853013475913
  0.0176157828565549    0.0971658838096241    0.0024218724720207    0.0003872278543292
  0.0177038617708377    0.0975123383771058    0.0024490062319559    0.0003891639936009
  0.0177923810796918    0.0909445878899197    0.0022388099887986    0.0003911098135689
  0.0178813429850903    0.0963168267076525    0.0023427691490797    0.0003930653626367
  0.0179707497000158    0.0959888117686454    0.0023482964471140    0.0003950306894499
  0.0180606034485158    0.0919524061471773    0.0022559731121837    0.0003970058428972
  0.0181509064657584    0.0957799205684304    0.0023392289130962    0.0003989908721116
  0.0182416609980872    0.0900146119401392    0.0021735312608500    0.0004009858264722
  0.0183328693030776    0.0885593132833393    0.0021551411460026    0.0004029907556046
  0.0184245336495930    0.0904501227677034    0.0022176581575657    0.0004050057093826
  0.0185166563178410    0.0892992895112758    0.0021647778520063    0.0004070307379295
  0.0186092395994302    0.0907320301512801    0.0022182280598650    0.0004090658916191
  0.0187022857974273    0.0851958764422023    0.0020745998821258    0.0004111112210772
  0.0187957972264145    0.0876130712374393    0.0021132181216446    0.0004131667771826
  0.0188897762125465    0.0834648897681984    0.0020400290169840    0.0004152326110685
  0.0189842250936093    0.0829001272361691    0.0020246793862602    0.0004173087741239
  0.0190791462190773    0.0801573729043114    0.0019783735999357    0.0004193953179945
  0.0191745419501727    0.0782492076696125    0.0019429067164340    0.0004214922945845
  0.0192704146599236    0.0745929000516737    0.0018386054618841    0.0004235997560574
  0.0193667667332232    0.0741268289043960    0.0018503485888090    0.0004257177548377
  0.0194636005668893    0.0714845265289361    0.0018059779132315    0.0004278463436119
  0.0195609185697237    0.0727289253955643    0.0018083771577855    0.0004299855753299
  0.0196587231625724    0.0668376879179897    0.0017159071330342    0.0004321355032066
  0.0197570167783852    0.0643854012152416    0.0016589193653502    0.0004342961807226
  0.0198558018622771    0.0621966206811968    0.0016414648845875    0.0004364676616262
  0.0199550808715885    0.0617021112769919    0.0016235110784768    0.0004386499999344
  0.0200548562759465    0.0602907742817642    0.0016471960566892    0.0004408432499340
  0.0201551305573262    0.0563508514960784    0.0016003447893752    0.0004430474661837
  0.0202559062101128    0.0545892579148322    0.0015781793529449    0.0004452627035146
  0.0203571857411634    0.0494128458793561    0.0014521939993889    0.0004474890170322
  0.0204589716698692    0.0507626768719706    0.0014630579847371    0.0004497264621174
  0.0205612665282185    0.0502463936157947    0.0014538745330709    0.0004519750944279
  0.0206640728608596    0.0488070431599538    0.0014056524479528    0.0004542349699001
  0.0207673932251639    0.0474912126948903    0.0013687782902660    0.0004565061447496
  0.0208712301912897    0.0459258403165786    0.0013241636878732    0.0004587886754733
  0.0209755863422462    0.0457755923822591    0.0013460104233366    0.0004610826188507
  0.0210804642739574    0.0436461508392011    0.0012845090169804    0.0004633880319449
  0.0211858665953272    0.0429089363588083    0.0012511664697326    0.0004657049721047
  0.0212917959283038    0.0388995482916293    0.0011752712676943    0.0004680334969652
  0.0213982549079454    0.0399345894830895    0.0011859807992005    0.0004703736644500
  0.0215052461824851    0.0375632675906819    0.0011322714745236    0.0004727255327723
  0.0216127724133975    0.0378395443628183    0.0011253902163531    0.0004750891604361
  0.0217208362754645    0.0365277624595917    0.0010800474146312    0.0004774646062383
  0.0218294404568418    0.0359338701527526    0.0010738337052257    0.0004798519292695
  0.0219385876591260    0.0348756890355704    0.0010561362434325    0.0004822511889158
  0.0220482805974216    0.0333677222476103    0.0010153069756887    0.0004846624448604
  0.0221585220004087    0.0352442874154475    0.0010542952867159    0.0004870857570847
  0.0222693146104108    0.0350736703614754    0.0010348234041851    0.0004895211858702
  0.0223806611834628    0.0345070599384804    0.0010341981640686    0.0004919687917995
  0.0224925644893802    0.0338311780541523    0.0010238784853358    0.0004944286357585
  0.0226050273118271    0.0347318492182336    0.0010376286921399    0.0004969007789373
  0.0227180524483862    0.0325509491398518    0.0009873142642857    0.0004993852828320
  0.0228316427106281    0.0338896030991496    0.0010118811574792    0.0005018822092461
  0.0229458009241813    0.0338409473875700    0.0010024263975768    0.0005043916202924
  0.0230605299288022    0.0329788093128466    0.0009902339464332    0.0005069135783938
  0.0231758325784462    0.0324623792952095    0.0009791060665259    0.0005094481462858
  0.0232917117413384    0.0322138633473693    0.0009519116519770    0.0005119953870172
  0.0234081703000451    0.0328376854616144    0.0009695604786418    0.0005145553639523
  0.0235252111515453    0.0306108573703802    0.0009239175265182    0.0005171281407721
  0.0236428372073030    0.0324361001214065    0.0009542711536230    0.0005197137814759
  0.0237610513933395    0.0324834850381401    0.0009578067436976    0.0005223123503833
  0.0238798566503062    0.0308393277968295    0.0009174992369946    0.0005249239121352
  0.0239992559335578    0.0311607083332078    0.0009227394595949    0.0005275485316959
  0.0241192522132255    0.0294013456652203    0.0008884926224709    0.0005301862743544
  0.0242398484742917    0.0300939750281621    0.0008982224260555    0.0005328372057262
  0.0243610477166631    0.0289165073026365    0.0008811762493691    0.0005355013917548
  0.0244828529552464    0.0277194456725905    0.0008430396616286    0.0005381788987136
  0.0246052672200227    0.0271222499098531    0.0008388199927898    0.0005408697932071
  0.0247282935561228    0.0277409369068831    0.0008425399410395    0.0005435741421732
  0.0248519350239034    0.0252028772562666    0.0007930978949655    0.0005462920128840
  0.0249761946990229    0.0250903486821971    0.0007926574027157    0.0005490234729485
  0.0251010756725180    0.0255636903900491    0.0008005938663145    0.0005517685903132
  0.0252265810508806    0.0248393278000036    0.0007844973528642    0.0005545274332648
  0.0253527139561350    0.0236995257080941    0.0007629493653533    0.0005573000704311
  0.0254794775259157    0.0232852539226384    0.0007459448928273    0.0005600865707832
  0.0256068749135453    0.0226736285407319    0.0007416726315238    0.0005628870036372
  0.0257349092881130    0.0217301469505994    0.0007225769414541    0.0005657014386553
  0.0258635838345535    0.0207094223636206    0.0006902094624182    0.0005685299458486
  0.0259929017537263    0.0206405459346977    0.0006858189601885    0.0005713725955779
  0.0261228662624949    0.0202205932011603    0.0006820827174714    0.0005742294585558
  0.0262534805938074    0.0193379375070838    0.0006600125422414    0.0005771006058485
  0.0263847479967764    0.0192148792854411    0.0006650981339152    0.0005799861088778
  0.0265166717367603    0.0187735733339896    0.0006509595949914    0.0005828860394222
  0.0266492550954441    0.0169121942942176    0.0006142898952119    0.0005858004696193
  0.0267825013709213    0.0173677539965249    0.0006182291249348    0.0005887294719674
  0.0269164138777759    0.0171944039180384    0.0006179611770344    0.0005916731193272
  0.0270509959471648    0.0169913605023163    0.0006088341932708    0.0005946314849238
  0.0271862509269006    0.0174208916614575    0.0006195793810241    0.0005976046423485
  0.0273221821815351    0.0159514806592003    0.0005908264277444    0.0006005926655602
  0.0274587930924428    0.0158390179722624    0.0005900577344199    0.0006035956288880
  0.0275960870579050    0.0154388579674099    0.0005846463425596    0.0006066136070324
  0.0277340674931945    0.0163316235520871    0.0005995773614454    0.0006096466750676
  0.0278727378306605    0.0153277720907808    0.0005798626595160    0.0006126949084429
  0.0278727378306605    0.0065776994667764    0.0026016356047416    0.0006115442337286
  0.0280121015198138    0.0133668361027004    0.0008280317732925    0.0006146019548972
  0.0280121015198138    0.0148972635725614    0.0005727792441877    0.0006157583829852
  0.0281521620274129    0.0147749301061066    0.0005596883230965    0.0006188371749001
  0.0281521620274129    0.0142184475083222    0.0008595529070921    0.0006176749646717
  0.0282929228375499    0.0132431392518514    0.0007746955297836    0.0006207633394951
  0.0282929228375499    0.0150723877712989    0.0005814592402908    0.0006219313607746
  0.0284343874517377    0.0138980690395767    0.0008310154219685    0.0006238671561925
  0.0284343874517377    0.0150545656210511    0.0005886942447320    0.0006250410175785
  0.0285765593889964    0.0150655832041387    0.0005911847417466    0.0006281662226664
  0.0285765593889964    0.0147339769263538    0.0008506765008656    0.0006269864919735
  0.0287194421859414    0.0157459381203100    0.0008984676180985    0.0006301214244334
  0.0287194421859414    0.0147665969140724    0.0005917681473450    0.0006313070537797
  0.0288630393968711    0.0139098519840934    0.0005631142322738    0.0006344635890486
  0.0288630393968711    0.0159134089677688    0.0008847367511788    0.0006332720315555
  0.0290073545938554    0.0167731398414361    0.0009487346074808    0.0006364383917133
  0.0290073545938554    0.0136258607266257    0.0005430331838618    0.0006376359069938
  0.0291523913668247    0.0142019710517766    0.0005598913956144    0.0006408240865288
  0.0291523913668247    0.0151655720878534    0.0008485966918607    0.0006396205836719
  0.0292981533236588    0.0161977214944855    0.0008851966405529    0.0006428186865902
  0.0292981533236588    0.0132032994935179    0.0005346802390652    0.0006440282069614
  0.0294446440902771    0.0161146146387346    0.0008496990344512    0.0006460327800232
  0.0295918673107285    0.0162009706396410    0.0008419572241432    0.0006492629439233
  0.0297398266472821    0.0150211342727188    0.0007821504877439    0.0006525092586429
  0.0298885257805185    0.0148909615144238    0.0007893038390105    0.0006557718049361
  0.0300379684094211    0.0149129235528838    0.0007588608328124    0.0006590506639608
  0.0301881582514682    0.0149915228874560    0.0007755277274223    0.0006623459172806
  0.0303390990427256    0.0142242987171471    0.0007284843717765    0.0006656576468670
  0.0304907945379392    0.0131287212459206    0.0006751044612199    0.0006689859351014
  0.0306432485106289    0.0127362217101523    0.0006583644483256    0.0006723308647769
  0.0307964647531820    0.0117599464460991    0.0005905653792449    0.0006756925191007
  0.0309504470769479    0.0107030610988211    0.0005654431898938    0.0006790709816962
  0.0311051993123327    0.0094974965257764    0.0004814177480683    0.0006824663366047
  0.0312607253088943    0.0093537403492303    0.0004887819333823    0.0006858786682877
  0.0314170289354388    0.0088399380382225    0.0004756184942397    0.0006893080616292
  0.0315741140801160    0.0082900518161440    0.0004328335326388    0.0006927546019373
  0.0317319846505165    0.0081478092791919    0.0004223743419725    0.0006962183749470
  0.0318906445737691    0.0073313478229458    0.0003967665166140    0.0006996994668218
  0.0320500977966380    0.0070950764510022    0.0003889475171132    0.0007031979641559
  0.0322103482856212    0.0063653050248255    0.0003454948459394    0.0007067139539766
  0.0323714000270493    0.0065558611854494    0.0003507883589893    0.0007102475237465
  0.0325332570271845    0.0058823939725979    0.0003139656970205    0.0007137987613653
  0.0326959233123204    0.0056356417534730    0.0003092303956773    0.0007173677551721
  0.0328594029288820    0.0058293802161972    0.0003143198931836    0.0007209545939479
  0.0330236999435264    0.0055545176175989    0.0002914074641768    0.0007245593669177
  0.0331888184432441    0.0059341414099307    0.0003021499923374    0.0007281821637523
  0.0333547625354603    0.0062675491119056    0.0003122334221329    0.0007318230745710
  0.0335215363481376    0.0060034444107427    0.0003009022868201    0.0007354821899439
  0.0336891440298783    0.0065780311561814    0.0003237252525917    0.0007391596008936
  0.0338575897500276    0.0066060549225866    0.0003183683349095    0.0007428553988981
  0.0340268776987778    0.0067182120609087    0.0003222634025376    0.0007465696758926
  0.0341970120872717    0.0065114316051477    0.0003115815528847    0.0007503025242720
  0.0343679971477080    0.0065690499955234    0.0003039122307457    0.0007540540368934
  0.0345398371334466    0.0067918659776506    0.0003140265459711    0.0007578243070779
  0.0347125363191138    0.0072135518724440    0.0003195873213969    0.0007616134286132
  0.0348860990007094    0.0069990797324699    0.0003080667861698    0.0007654214957563
  0.0350605294957129    0.0069257478050545    0.0003102942556770    0.0007692486032351
  0.0352358321431915    0.0065641950444802    0.0002883566519545    0.0007730948462513
  0.0354120113039074    0.0067624064774942    0.0002910429718642    0.0007769603204825
  0.0355890713604269    0.0067337264295256    0.0002921270982293    0.0007808451220849
  0.0357670167172291    0.0055983149822681    0.0002485276119451    0.0007847493476954
  0.0359458518008152    0.0056569014114532    0.0002507089013463    0.0007886730944338
  0.0361255810598193    0.0056037343730780    0.0002479838375893    0.0007926164599060
  0.0363062089651184    0.0050701679391513    0.0002254414594290    0.0007965795422055
  0.0364877400099440    0.0046534095218089    0.0002069948346227    0.0008005624399166
  0.0366701787099937    0.0048668057094672    0.0002199616050676    0.0008045652521162
  0.0368535296035436    0.0044330353637288    0.0002017722259137    0.0008085880783767
  0.0370377972515614    0.0036863050257840    0.0001730371054658    0.0008126310187686
  0.0372229862378192    0.0036292246365502    0.0001741064759474    0.0008166941738625
  0.0374091011690083    0.0034246539265731    0.0001632582065612    0.0008207776447318
  0.0375961466748533    0.0034693225132214    0.0001670927074146    0.0008248815329554
  0.0377841274082275    0.0032144939764775    0.0001529727681874    0.0008290059406202
  0.0379730480452687    0.0029659647028687    0.0001465960427468    0.0008331509703233
  0.0381629132854950    0.0028164411459047    0.0001414850800927    0.0008373167251749
  0.0383537278519225    0.0030661611676050    0.0001513559384249    0.0008415033088008
  0.0385454964911821    0.0027600941875710    0.0001312549969139    0.0008457108253448
  0.0387382239736380    0.0028910965913630    0.0001407574297097    0.0008499393794715
  0.0389319150935062    0.0026658337000058    0.0001313507707057    0.0008541890763689
  0.0391265746689737    0.0025255300219674    0.0001247214063425    0.0008584600217507
  0.0393222075423186    0.0029415032916738    0.0001378780624982    0.0008627523218595
  0.0395188185800302    0.0028867935586104    0.0001322963728548    0.0008670660834688
  0.0397164126729303    0.0026601597425953    0.0001222535934669    0.0008714014138861
  0.0399149947362950    0.0027473179829109    0.0001243112955626    0.0008757584209556
  0.0401145697099764    0.0028920328690380    0.0001314450451438    0.0008801372130603
  0.0403151425585263    0.0026968979698912    0.0001217687925747    0.0008845378991256
  0.0405167182713189    0.0026359093789029    0.0001188034280722    0.0008889605886213
  0.0407193018626755    0.0028087807391663    0.0001242570621337    0.0008934053915644
  0.0409228983719889    0.0024577517706822    0.0001132446907405    0.0008978724185222
  0.0411275128638489    0.0026753548883516    0.0001176431851647    0.0009023617806148
  0.0413331504281681    0.0023628294589519    0.0001083675563244    0.0009068735895179
  0.0415398161803089    0.0024396102144254    0.0001098362428584    0.0009114079574655
  0.0417475152612105    0.0021813241668754    0.0000997548012918    0.0009159649972528
  0.0419562528375165    0.0021968945410857    0.0001003716222160    0.0009205448222391
  0.0421660341017041    0.0019205720878185    0.0000924079413589    0.0009251475463502
  0.0423768642722126    0.0018269840227648    0.0000887927324698    0.0009297732840820
  0.0425887485935737    0.0016890353526058    0.0000852231438169    0.0009344221505024
  0.0428016923365415    0.0016509013579598    0.0000833822113914    0.0009390942612549
  0.0430157007982242    0.0014969049219419    0.0000770659661751    0.0009437897325612
  0.0432307793022154    0.0015545343626819    0.0000784090905716    0.0009485086812240
  0.0434469331987264    0.0012853689057875    0.0000717743800018    0.0009532512246301
  0.0436641678647200    0.0013861361028875    0.0000740091162815    0.0009580174807533
  0.0438824887040437    0.0012228406783050    0.0000675669743656    0.0009628075681570
  0.0441019011475639    0.0012121339658929    0.0000665199654219    0.0009676216059978
  0.0443224106533017    0.0010798475232126    0.0000613256695540    0.0009724597140278
  0.0445440227065682    0.0010716891430383    0.0000597747713768    0.0009773220125980
  0.0447667428201010    0.0010781390974871    0.0000610683428511    0.0009822086226609
  0.0449905765342015    0.0009664542136368    0.0000583172814911    0.0009871196657742
  0.0452155294168725    0.0010643827203159    0.0000594855504825    0.0009920552641031
  0.0454416070639569    0.0011374713554159    0.0000608188474102    0.0009970155404236
  0.0456688150992767    0.0011628784392550    0.0000634656366398    0.0010020006181257
  0.0458971591747730    0.0010282491891090    0.0000575391921881    0.0010070106212164
  0.0461266449706469    0.0010224475260990    0.0000567658280829    0.0010120456743225
  0.0463572781955001    0.0009780218943240    0.0000552174519559    0.0010171059026941
  0.0465890645864776    0.0009699671471086    0.0000544066406517    0.0010221914322075
  0.0468220099094100    0.0008398331577724    0.0000492696882914    0.0010273023893686
  0.0470561199589570    0.0008517845509459    0.0000503564895944    0.0010324389013154
  0.0472914005587518    0.0008353319663706    0.0000482974526079    0.0010376010958220
  0.0475278575615456    0.0007575755634604    0.0000462781428191    0.0010427891013011
  0.0477654968493533    0.0008275370992468    0.0000480270286479    0.0010480030468076
  0.0480043243336001    0.0007315021716094    0.0000437626808469    0.0010532430620417
  0.0482443459552681    0.0006578834613070    0.0000422950017205    0.0010585092773519
  0.0484855676850444    0.0006184585928055    0.0000403458601583    0.0010638018237386
  0.0487279955234696    0.0005432542922337    0.0000382400361921    0.0010691208328573
  0.0489716355010870    0.0005082972938539    0.0000369027713030    0.0010744664370216
  0.0492164936785924    0.0005100050169513    0.0000367623444897    0.0010798387692067
  0.0494625761469853    0.0005050026773494    0.0000379731430969    0.0010852379630527
  0.0497098890277203    0.0004186029224206    0.0000338306130277    0.0010906641528680
  0.0499584384728589    0.0004414322888436    0.0000330454590891    0.0010961174736323
  0.0502082306652232    0.0004474931180750    0.0000326682983666    0.0011015980610005
  0.0504592718185493    0.0003587770649923    0.0000299721494933    0.0011071060513055
  0.0507115681776420    0.0003610158208734    0.0000291606517946    0.0011126415815620
  0.0509651260185302    0.0003526808937914    0.0000286226576159    0.0011182047894698
  0.0512199516486228    0.0003479915701703    0.0000282265510186    0.0011237958134172
  0.0514760514068660    0.0003227355849142    0.0000273008805125    0.0011294147924843
  0.0517334316639003    0.0003283425787981    0.0000279001162324    0.0011350618664467
  0.0519920988222198    0.0003553571156875    0.0000275611680545    0.0011407371757789
  0.0522520593163309    0.0003272634477504    0.0000265058972083    0.0011464408616578
  0.0525133196129125    0.0002968723415400    0.0000263402395975    0.0011521730659661
  0.0527758862109771    0.0003169009207315    0.0000263598458405    0.0011579339312959
  0.0530397656420320    0.0002738654215264    0.0000250402222741    0.0011637236009524
  0.0533049644702421    0.0002328595409034    0.0000230629559299    0.0011695422189572
  0.0535714892925933    0.0002300344739856    0.0000235211750725    0.0011753899300520
  0.0538393467390563    0.0002545278453390    0.0000240766341203    0.0011812668797022
  0.0541085434727516    0.0001709721498872    0.0000226360013885    0.0011871732141007
  0.0543790861901153    0.0001659755649770    0.0000194546216684    0.0011931090801713
  0.0546509816210659    0.0001719381207748    0.0000198095978240    0.0011990746255721
  0.0549242365291712    0.0001613191992423    0.0000195944281857    0.0012050699987000
  0.0551988577118171    0.0001790251087885    0.0000196591843782    0.0012110953486935
  0.0554748520003761    0.0001398957180577    0.0000178767152654    0.0012171508254369
  0.0557522262603780    0.0001446934062504    0.0000172949102903    0.0012232365795641
  0.0560309873916799    0.0001440697094280    0.0000179203337910    0.0012293527624619
  0.0563111423286383    0.0001528443423648    0.0000183365266713    0.0012354995262742
  0.0565926980402815    0.0001299216783807    0.0000172599457985    0.0012416770239056
  0.0568756615304829    0.0001311790539839    0.0000179689605753    0.0012478854090251
  0.0571600398381353    0.0000887333579761    0.0000156775407271    0.0012541248360703
  0.0574458400373259    0.0000791197836480    0.0000149673211644    0.0012603954602506
  0.0577330692375126    0.0000913877138959    0.0000147874788196    0.0012666974375519
  0.0580217345837001    0.0001181384621775    0.0000153502902233    0.0012730309247396
  0.0583118432566186    0.0000767698626904    0.0000149958909100    0.0012793960793633
  0.0586034024729017    0.0001080529440806    0.0000151644542047    0.0012857930597602
  0.0588964194852662    0.0000700254503283    0.0000130581598513    0.0012922220250590
  0.0591909015826925    0.0000819613112608    0.0000137633139351    0.0012986831351842
  0.0594868560906060    0.0000671508492098    0.0000139066155549    0.0013051765508602
  0.0597842903710590    0.0000597572458375    0.0000134714095546    0.0013117024336145
  0.0600832118229143    0.0000334269873378    0.0000120438214398    0.0013182609457825
  0.0603836278820289    0.0000523578568560    0.0000129745888987    0.0013248522505115
  0.0606855460214390    0.0000621735871934    0.0000126669312573    0.0013314765117640
  0.0609889737515462    0.0000525543567060    0.0000137472205015    0.0013381338943228
  0.0612939186203039    0.0000409651691652    0.0000135611311001    0.0013448245637944
  0.0616003882134054    0.0000727454961338    0.0000137764860884    0.0013515486866134
  0.0619083901544725    0.0000710213389978    0.0000133517140899    0.0013583064300465
  0.0622179321052448    0.0000375696963239    0.0000127420463359    0.0013650979621967
  0.0625290217657710    0.0000575788270552    0.0000122728690959    0.0013719234520077
  0.0628416668745999    0.0000498422877241    0.0000136745465850    0.0013787830692677
  0.0631558752089729    0.0000592292991182    0.0000128393282218    0.0013856769846141
  0.0634716545850177    0.0000446122485914    0.0000115383318596    0.0013926053695371
  0.0637890128579428    0.0000411084281127    0.0000116394558451    0.0013995683963848
  0.0641079579222325    0.0000530531819281    0.0000122193097681    0.0014065662383668
  0.0644284977118437    0.0000787920352022    0.0000128726248100    0.0014135990695586
  0.0647506402004029    0.0000367769744012    0.0000129582435050    0.0014206670649064
  0.0650743934014049    0.0000542511094968    0.0000128284352513    0.0014277704002309
  0.0653997653684119    0.0000542742428381    0.0000133128534060    0.0014349092522321
  0.0657267641952540    0.0000558724736023    0.0000136027082485    0.0014420837984932
  0.0660553980162302    0.0000670663400552    0.0000138374733620    0.0014492942174857
  0.0663856750063114    0.0000474453998795    0.0000125082869599    0.0014565406885731
  0.0667176033813429    0.0000295049096034    0.0000116230565152    0.0014638233920160
  0.0670511913982496    0.0000489660631826    0.0000127269651153    0.0014711425089761
  0.0673864473552409    0.0000452275405855    0.0000123525674566    0.0014784982215209
  0.0677233795920171    0.0000543007572374    0.0000114778913716    0.0014858907126286
  0.0680619964899772    0.0000402593634309    0.0000120709108004    0.0014933201661917
  0.0684023064724270    0.0000792529037614    0.0000131585455144    0.0015007867670227
  0.0687443180047892    0.0000535030869548    0.0000125255713918    0.0015082907008578
  0.0690880395948131    0.0000548244686130    0.0000124104637613    0.0015158321543621
  0.0694334797927871    0.0000824991434942    0.0000134245577215    0.0015234113151339
  0.0697806471917511    0.0000492468751858    0.0000120229239825    0.0015310283717095
  0.0701295504277098    0.0000617048775174    0.0000123433722645    0.0015386835135681
  0.0704801981798484    0.0000663508094337    0.0000125856327600    0.0015463769311359
  0.0708325991707476    0.0000695335249166    0.0000119922411076    0.0015541088157916
  0.0711867621666013    0.0000595173255795    0.0000124893724132    0.0015618793598706
  0.0715426959774343    0.0000666652868751    0.0000113830717901    0.0015696887566699
  0.0719004094573215    0.0000781443210891    0.0000125428325917    0.0015775372004533
  0.0722599115046081    0.0000428867482109    0.0000112809796097    0.0015854248864555
  0.0726212110621311    0.0000585379595514    0.0000114634432282    0.0015933520108878
  0.0729843171174418    0.0000779476245612    0.0000124467572647    0.0016013187709422
  0.0733492387030290    0.0000910326196174    0.0000130117376563    0.0016093253647970
  0.0737159848965441    0.0000932375203092    0.0000130627002500    0.0016173719916209
  0.0740845648210268    0.0000841081670100    0.0000130643658268    0.0016254588515790
  0.0744549876451319    0.0000743027718821    0.0000121365391544    0.0016335861458369
  0.0748272625833576    0.0000811249952708    0.0000121386092369    0.0016417540765661
  0.0752013988962744    0.0000929404307050    0.0000125288014018    0.0016499628469490
  0.0755774058907557    0.0000843984062447    0.0000118150910056    0.0016582126611837
  0.0759552929202095    0.0000745372656586    0.0000117811909166    0.0016665037244896
  0.0763350693848105    0.0000804476969696    0.0000117319825978    0.0016748362431121
  0.0767167447317346    0.0000833565984965    0.0000120068208422    0.0016832104243276
  0.0771003284553933    0.0000858801820626    0.0000123686361985    0.0016916264764493
  0.0774858300976702    0.0000808741764719    0.0000120343697823    0.0017000846088315
  0.0778732592481586    0.0000922069088188    0.0000121187423831    0.0017085850318757
  0.0782626255443993    0.0000713345317236    0.0000114705526876    0.0017171279570350
  0.0786539386721213    0.0001000414449151    0.0000122033071474    0.0017257135968202
  0.0790472083654819    0.0000818022542808    0.0000120050563659    0.0017343421648043
  0.0794424444073093    0.0000648607603081    0.0000107810551570    0.0017430138756283
  0.0798396566293459    0.0000751239678433    0.0000114226666124    0.0017517289450065
  0.0802388549124926    0.0000932109967579    0.0000122249324169    0.0017604875897315
  0.0806400491870551    0.0000719965064858    0.0000116918626816    0.0017692900276802
  0.0810432494329903    0.0000795280331986    0.0000112220672832    0.0017781364778186
  0.0814484656801553    0.0000571037980496    0.0000108392277013    0.0017870271602077
  0.0814484656801553    0.0000693621448441    0.0000181601077087    0.0017829898448786
  0.0818557080085560    0.0000854224171193    0.0000087937778468    0.0017919047941030
  0.0818557080085560    0.0000948433163875    0.0000120317779171    0.0017959622960087
  0.0822649865485988    0.0000920471210867    0.0000116963548237    0.0018049421074888
  0.0822649865485988    0.0000699121126715    0.0000077818586768    0.0018008643180735
  0.0826763114813418    0.0000898374037202    0.0000088520742773    0.0018098686396639
  0.0826763114813418    0.0000499827742709    0.0000112738589082    0.0018139668180262
  0.0830896930387485    0.0000759540115471    0.0000116315947397    0.0018230366521163
  0.0830896930387485    0.0000868687009856    0.0000091828050052    0.0018189179828622
  0.0835051415039422    0.0000887998363620    0.0000090968308347    0.0018280125727765
  0.0835051415039422    0.0000705707008253    0.0000118365560336    0.0018321518353769
  0.0839226672114619    0.0000669865228603    0.0000108580233619    0.0018413125945538
  0.0839226672114619    0.0000772726767652    0.0000081208960927    0.0018371526356404
  0.0843422805475192    0.0000741631221482    0.0000083497631626    0.0018463383988186
  0.0843422805475192    0.0000801240249152    0.0000114779668363    0.0018505191575266
  0.0847639919502568    0.0000935553439987    0.0000113348386267    0.0018597717533142
  0.0847639919502568    0.0000804373669033    0.0000079433371733    0.0018555700908127
  0.0851878119100081    0.0000762180861481    0.0000078815629203    0.0018648479412667
  0.0851878119100081    0.0000714075322270    0.0000115217327125    0.0018690706120808
  0.0856137509695581    0.0000720173466089    0.0000076845058308    0.0018741721809731
  0.0856137509695581    0.0000775621459343    0.0000114692234767    0.0018784159651412
  0.0860418197244059    0.0000808933257678    0.0000110636816836    0.0018878080449669
  0.0860418197244059    0.0000766602913390    0.0000078577293371    0.0018835430418779
  0.0864720288230279    0.0000880213645530    0.0000117417702267    0.0018972470851917
  0.0864720288230279    0.0000643165527230    0.0000075858047277    0.0018929607570873
  0.0869043889671431    0.0000635131925844    0.0000108894617476    0.0019067333206177
  0.0869043889671431    0.0000703246099043    0.0000073278617970    0.0019024255608728
  0.0873389109119788    0.0000656301654933    0.0000074936782081    0.0019119376886771
  0.0873389109119788    0.0000627277713212    0.0000106268649991    0.0019162669872208
  0.0877756054665386    0.0000693088481144    0.0000107709143654    0.0019258483221569
  0.0877756054665386    0.0000645592501627    0.0000072469664680    0.0019214973771205
  0.0882144834938713    0.0000787774383052    0.0000074147350802    0.0019311048640061
  0.0882144834938713    0.0000803379797302    0.0000112415691768    0.0019354775637676
  0.0886555559113407    0.0000667639927110    0.0000109090400456    0.0019451549515865
  0.0886555559113407    0.0000574145462220    0.0000070842392466    0.0019407603883262
  0.0890988336908974    0.0000620581128037    0.0000068605053385    0.0019504641902678
  0.0890988336908974    0.0000674233065454    0.0000112265462568    0.0019548807263444
  0.0895443278593518    0.0000720926341564    0.0000107266999065    0.0019646551299761
  0.0895443278593518    0.0000613428307345    0.0000070242697888    0.0019602165112191
  0.0899920494986486    0.0000579997111546    0.0000067890259791    0.0019700175937752
  0.0899920494986486    0.0000448755535965    0.0000098647095671    0.0019744784056260
  0.0904420097461418    0.0000580857099548    0.0000102188454215    0.0019843507976541
  0.0904420097461418    0.0000554500012461    0.0000066839153025    0.0019798676817441
  0.0908942197948725    0.0000594370614189    0.0000066812150498    0.0019897670201528
  0.0908942197948725    0.0000545327469123    0.0000103936967927    0.0019942725516424
  0.0913486908938469    0.0000567348174063    0.0000064093827176    0.0019997158552536
  0.0913486908938469    0.0000650154332580    0.0000107994876608    0.0020042439144006
  0.0918054343483161    0.0000510825416000    0.0000064856028126    0.0020097144345298
  0.0918054343483161    0.0000673366954120    0.0000107734483706    0.0020142651339726
  0.0922644615200577    0.0000438439602164    0.0000063667349995    0.0020197630067025
  0.0922644615200577    0.0000618180785709    0.0000104758281598    0.0020243364596425
  0.0927257838276579    0.0000688639579632    0.0000115568424704    0.0020344581419407
  0.0927257838276579    0.0000534685592937    0.0000060947752086    0.0020298618217360
  0.0931894127467962    0.0000474678042990    0.0000059433658732    0.0020400111308447
  0.0931894127467962    0.0000650671203769    0.0000114093218484    0.0020446304326504
  0.0936553598105302    0.0000447079622739    0.0000101093388628    0.0020548535848137
  0.0936553598105302    0.0000566512257164    0.0000061592268832    0.0020502111864989
  0.0941236366095829    0.0000504264623835    0.0000057154497026    0.0020604622424314
  0.0941236366095829    0.0000445706024453    0.0000102715433899    0.0020651278527377
  0.0945942547926308    0.0000457352832187    0.0000056958083749    0.0020707645536436
  0.0945942547926308    0.0000474022052222    0.0000107605924487    0.0020754534920014
  0.0950672260665939    0.0000431765599625    0.0000054042201241    0.0020811183764118
  0.0950672260665939    0.0000352653535685    0.0000099509071871    0.0020858307594614
  0.0955425621969268    0.0000388861187109    0.0000051843965542    0.0020915239682938
  0.0960202750079115    0.0000434141566578    0.0000052761361587    0.0021019815881353
  0.0965003763829510    0.0000357330349219    0.0000049864010581    0.0021124914960760
  0.0969828782648658    0.0000378579377908    0.0000050001898717    0.0021230539535564
  0.0974677926561901    0.0000311427717775    0.0000048057576285    0.0021336692233241
  0.0979551316194710    0.0000376034688455    0.0000049361241066    0.0021443375694408
  0.0984449072775684    0.0000383973352697    0.0000048437320568    0.0021550592572880
  0.0989371318139562    0.0000211215196377    0.0000044820599760    0.0021658345535744
  0.0994318174730260    0.0000323368758285    0.0000044775912850    0.0021766637263423
  0.0999289765603911    0.0000225178045865    0.0000042894278673    0.0021875470449740
  0.1004286214431930    0.0000191391470349    0.0000041716483182    0.0021984847801989
  0.1009307645504090    0.0000230674715139    0.0000042278671054    0.0022094772040999
  0.1014354183731610    0.0000269628054904    0.0000040297218273    0.0022205245901204
  0.1019425954650268    0.0000247787769915    0.0000039596235653    0.0022316272130710
  0.1024523084423520    0.0000210049337157    0.0000040111966287    0.0022427853491363
  0.1029645699845637    0.0000157951970809    0.0000037099940280    0.0022539992758820
  0.1034793928344865    0.0000176018606268    0.0000038654494921    0.0022652692722614
  0.1039967897986589    0.0000210869591974    0.0000036607333305    0.0022765956186227
  0.1045167737476522    0.0000078524655151    0.0000035419839926    0.0022879785967158
  0.1050393576163905    0.0000122630470269    0.0000033734843336    0.0022994184896994
  0.1055645544044724    0.0000074268609630    0.0000034620907700    0.0023109155821479
  0.1060923771764948    0.0000104231437204    0.0000030983846981    0.0023224701600586
  0.1066228390623772    0.0000003750737133    0.0000030928305501    0.0023340825108589
  0.1071559532576891    0.0000030319694013    0.0000032611402324    0.0023457529234132
  0.1076917330239775    0.0000113995565337    0.0000032475966381    0.0023574816880303
  0.1082301916890974    0.0000052736666595    0.0000031668281912    0.0023692690964704
  0.1087713426475429    0.0000088138719572    0.0000029653045987    0.0023811154419528
  0.1093151993607806    0.0000049993919898    0.0000029564616261    0.0023930210191626
  0.1098617753575845    0.0000041327576332    0.0000027687244217    0.0024049861242584
  0.1104110842343724    0.0000076644219479    0.0000030326555991    0.0024170110548797
  0.1109631396555442    0.0000029038907183    0.0000027257681668    0.0024290961101541
  0.1115179553538219   -0.0000004922603579    0.0000026252568354    0.0024412415907048
  0.1120755451305910    0.0000016378479118    0.0000026121724419    0.0024534477986584
  0.1126359228562440    0.0000056427995968    0.0000024967230573    0.0024657150376516
  0.1131991024705252    0.0000050315597899    0.0000027979773265    0.0024780436128399
  0.1137650979828778    0.0000025692823156    0.0000025666402623    0.0024904338309041
  0.1143339234727922    0.0000092195520976    0.0000026028339077    0.0025028860000586
  0.1149055930901561    0.0000028565051642    0.0000024658084528    0.0025154004300589
  0.1154801210556069    0.0000019341091435    0.0000023948178789    0.0025279774322092
  0.1160575216608849    0.0000005123371302    0.0000025370903684    0.0025406173193703
  0.1166378092691893    0.0000031145554456    0.0000024967960245    0.0025533204059671
  0.1172209983155353    0.0000021744308097    0.0000024336124706    0.0025660870079969
  0.1178071033071129    0.0000024406703449    0.0000024980594830    0.0025789174430369
  0.1183961388236485   -0.0000004300485097    0.0000024118571935    0.0025918120302521
  0.1189881195177667    0.0000059410781017    0.0000023550332750    0.0026047710904034
  0.1195830601153555    0.0000010452933177    0.0000023185995456    0.0026177949458554
  0.1201809754159323    0.0000004160670223    0.0000023956942433    0.0026308839205847
  0.1207818802930119   -0.0000000495159035    0.0000023907800875    0.0026440383401876
  0.1213857896944770    0.0000029340943616    0.0000023255933848    0.0026572585318885
  0.1219927186429494    0.0000096177224330    0.0000023302406617    0.0026705448245480
  0.1226026822361641    0.0000049194399925    0.0000022403422328    0.0026838975486707
  0.1232156956473449    0.0000040111787209    0.0000021906069295    0.0026973170364141
  0.1238317741255816    0.0000024746672025    0.0000022707546009    0.0027108036215961
  0.1244509329962095    0.0000067388091182    0.0000022480204664    0.0027243576397041
  0.1250731876611905    0.0000072469549171    0.0000022147771617    0.0027379794279026
  0.1256985535994965   -0.0000002466234641    0.0000020128291960    0.0027516693250421
  0.1263270463674940    0.0000057564593587    0.0000021230849863    0.0027654276716674
  0.1269586815993314    0.0000014232827770    0.0000021965465427    0.0027792548100257
  0.1275934750073280    0.0000033182531921    0.0000021259368303    0.0027931510840758
  0.1282314423823647    0.0000031129708306    0.0000021305171153    0.0028071168394962
  0.1288725995942765    0.0000068032588237    0.0000021232127352    0.0028211524236937
  0.1295169625922478    0.0000094950980632    0.0000021665391144    0.0028352581858121
  0.1301645474052091    0.0000047509273075    0.0000020350399928    0.0028494344767412
  0.1308153701422351    0.0000078538740898    0.0000021580334715    0.0028636816491249
  0.1314694469929463    0.0000059937481681    0.0000020573750605    0.0028780000573705
  0.1321267942279110    0.0000044705121674    0.0000020284939562    0.0028923900576574
  0.1327874281990505    0.0000068978469627    0.0000019802137375    0.0029068520079457
  0.1334513653400458    0.0000044544015017    0.0000019745160512    0.0029213862679854
  0.1341186221667460    0.0000034329383640    0.0000019722137099    0.0029359931993253
  0.1347892152775797    0.0000060784283055    0.0000019679337946    0.0029506731653220
  0.1354631613539676    0.0000044927786909    0.0000017993929244    0.0029654265311486
  0.1361404771607374    0.0000058289813704    0.0000018938984294    0.0029802536638043
  0.1368211795465411    0.0000016207309302    0.0000017726841696    0.0029951549321233
  0.1375052854442738    0.0000027332770818    0.0000018611088033    0.0030101307067839
  0.1381928118714951    0.0000083079397933    0.0000019491353755    0.0030251813603179
  0.1388837759308526    0.0000031581416573    0.0000018735669056    0.0030403072671195
  0.1395781948105068    0.0000042969040369    0.0000018278571459    0.0030555088034551
  0.1402760857845594    0.0000048205870411    0.0000017149417061    0.0030707863474723
  0.1409774662134821    0.0000064244149152    0.0000017898343521    0.0030861402792097
  0.1416823535445495    0.0000028206509533    0.0000017227092860    0.0031015709806057
  0.1423907653122723    0.0000011081653458    0.0000017081558472    0.0031170788355088
  0.1431027191388336   -0.0000011647259776    0.0000017183195495    0.0031326642296863
  0.1438182327345278    0.0000028040147563    0.0000018063536599    0.0031483275508347
  0.1445373238982004    0.0000002671303746    0.0000017847729402    0.0031640691885889
  0.1452600105176914    0.0000046996229221    0.0000016622028250    0.0031798895345319
  0.1459863105702798    0.0000013523257871    0.0000016558609191    0.0031957889822045
  0.1467162421231312    0.0000034099860179    0.0000016643874724    0.0032117679271155
  0.1474498233337468    0.0000037336948739    0.0000015519503329    0.0032278267667511
  0.1481870724504156    0.0000001692144131    0.0000016100237988    0.0032439659005849
  0.1489280078126676    0.0000017892818294    0.0000015434520443    0.0032601857300878
  0.1496726478517310    0.0000009271236409    0.0000015236427504    0.0032764866587382
  0.1504210110909896    0.0000005836745902    0.0000015537044927    0.0032928690920319
  0.1511731161464445    0.0000010218861719    0.0000015468128074    0.0033093334374921
  0.1519289817271767    0.0000001922713882    0.0000015349248750    0.0033258801046795
  0.1526886266358126   -0.0000002581754640    0.0000015241151640    0.0033425095052029
  0.1534520697689916    0.0000024206746950    0.0000015481971875    0.0033592220527290
  0.1542193301178366    0.0000022880522603    0.0000014610262593    0.0033760181629926
  0.1549904267684257    0.0000009425633568    0.0000015067777058    0.0033928982538076
  0.1557653789022678   -0.0000013419870282    0.0000014921632797    0.0034098627450766
  0.1565442057967792   -0.0000011318933352    0.0000015342991127    0.0034269120588020
  0.1573269268257630   -0.0000003965854441    0.0000015326426886    0.0034440466190960
  0.1581135614598919   -0.0000018093947855    0.0000015052638172    0.0034612668521915
  0.1589041292671913    0.0000012517143841    0.0000014204134667    0.0034785731864524
  0.1596986499135272    0.0000007277507658    0.0000013751979973    0.0034959660523847
  0.1604971431630948    0.0000002701178717    0.0000014192775167    0.0035134458826466
  0.1612996288789103    0.0000003212475314    0.0000014064737143    0.0035310131120598
  0.1621061270233048    0.0000019745681001    0.0000013646034184    0.0035486681776201
  0.1629166576584213   -0.0000001927727843    0.0000014349583579    0.0035664115185082
  0.1637312409467134    0.0000020615756274    0.0000013816783038    0.0035842435761008
  0.1645498971514470   -0.0000001155681416    0.0000014116056549    0.0036021647939813
  0.1653726466372042    0.0000021603160250    0.0000014384331315    0.0036201756179512
  0.1661995098703902   -0.0000019949897220    0.0000014326328154    0.0036382764960410
  0.1670305074197421   -0.0000016644316373    0.0000013712663356    0.0036564678785212
  0.1678656599568408    0.0000018753023015    0.0000013734974197    0.0036747502179138
  0.1687049882566250   -0.0000009356294769    0.0000013098156755    0.0036931239690033
  0.1695485131979081    0.0000036679191350    0.0000013594549245    0.0037115895888483
  0.1703962557638976   -0.0000000367866889    0.0000013543113549    0.0037301475367926
  0.1712482370427171    0.0000029198014040    0.0000013288021381    0.0037487982744766
  0.1721044782279307    0.0000032729633995    0.0000013833986532    0.0037675422658489
  0.1729650006190703    0.0000004351593349    0.0000013991706411    0.0037863799771782
  0.1738298256221656    0.0000020624145056    0.0000013606264338    0.0038053118770641
  0.1746989747502765   -0.0000017340265844    0.0000013784834264    0.0038243384364494
  0.1755724696240278    0.0000013428707641    0.0000013213111070    0.0038434601286316
  0.1764503319721480    0.0000014145553146    0.0000013564223730    0.0038626774292748
  0.1773325836320087   -0.0000008825946652    0.0000013788329079    0.0038819908164212
  0.1782192465501687    0.0000015985846508    0.0000013962604481    0.0039014007705033
  0.1791103427829195   -0.0000028463291873    0.0000013914940944    0.0039209077743558
  0.1800058944968341    0.0000003918334623    0.0000013373373614    0.0039405123132276
  0.1809059239693183    0.0000005558138363    0.0000013776320606    0.0039602148747937
  0.1818104535891648    0.0000008663500652    0.0000013344454766    0.0039800159491677
  0.1827195058571106    0.0000016694692461    0.0000013571849666    0.0039999160289135
  0.1836331033863962    0.0000023054536494    0.0000013523641937    0.0040199156090581
  0.1845512689033281    0.0000002890529105    0.0000013303610552    0.0040400151871034
  0.1854740252478447    0.0000008454240943    0.0000013277862610    0.0040602152630389
  0.1864013953740840    0.0000013567841720    0.0000013272970313    0.0040805163393541
  0.1873334023509544    0.0000007509950567    0.0000013565215593    0.0041009189210508
  0.1882700693627091    0.0000017283339319    0.0000013810044771    0.0041214235156561
  0.1892114197095226    0.0000001375900876    0.0000013953630553    0.0041420306332344
  0.1901574768080702   -0.0000015204251156    0.0000014569488747    0.0041627407864006
  0.1911082641921105   -0.0000009176163400    0.0000015065359463    0.0041835544903326
  0.1920638055130711    0.0000033847035259    0.0000014984896898    0.0042044722627842
  0.1930241245406364    0.0000011568518631    0.0000014673258064    0.0042254946240981
  0.1939892451633396   -0.0000012283051801    0.0000014200622769    0.0042466220972186
  0.1949591913891562    0.0000021279678701    0.0000014164972765    0.0042678552077047
  0.1959339873461020   -0.0000014641599616    0.0000013986894853    0.0042891944837432
  0.1969136572828325    0.0000020110356382    0.0000013769454657    0.0043106404561620
  0.1978982255692466    0.0000010489514291    0.0000013745653824    0.0043321936584428
  0.1988877166970929   -0.0000004163501216    0.0000013567548113    0.0043538546267350
  0.1998821552805783    0.0000007936052026    0.0000013418009887    0.0043756238998687
  0.2008815660569812    0.0000002853293946    0.0000012970032423    0.0043975020193680
  0.2018859738872660    0.0000001199151966    0.0000013483977130    0.0044194895294648
  0.2028954037567023   -0.0000012111087555    0.0000013315661212    0.0044415869771122
  0.2039098807754859    0.0000001164611075    0.0000013126529396    0.0044637949119977
  0.2049294301793633   -0.0000017340752157    0.0000013386253073    0.0044861138865577
  0.2059540773302601    0.0000004848727655    0.0000013005444656    0.0045085444559905
  0.2069838477169113    0.0000002146459510    0.0000013055303356    0.0045310871782705
  0.2080187669554959    0.0000023770061717    0.0000013092878423    0.0045537426141618
  0.2090588607902733   -0.0000019769643260    0.0000012724650628    0.0045765113272326
  0.2101041550942246    0.0000017499679905    0.0000012822370091    0.0045993938838688
  0.2111546758696958   -0.0000008543781542    0.0000012897171533    0.0046223908532881
  0.2122104492490442    0.0000004855289842    0.0000012756075720    0.0046455028075546
  0.2132715014952894   -0.0000001160109581    0.0000012672644275    0.0046687303215923
  0.2143378590027659    0.0000006298870841    0.0000012846503441    0.0046920739732003
  0.2154095482977796   -0.0000009668192133    0.0000012821534329    0.0047155343430663
  0.2164865960392685   -0.0000004224634472    0.0000012406441003    0.0047391120147816
  0.2175690290194648    0.0000023588112467    0.0000012613653171    0.0047628075748555
  0.2186568741645621    0.0000006322466210    0.0000012550493542    0.0047866216127298
  0.2197501585353849   -0.0000016599336973    0.0000012524959459    0.0048105547207935
  0.2208489093280618   -0.0000018191449504    0.0000012755083383    0.0048346074943974
  0.2219531538747021    0.0000012386926371    0.0000012373901696    0.0048587805318694
  0.2230629196440756    0.0000016416250943    0.0000012324941306    0.0048830744345288
  0.2241782342422960    0.0000005837520885    0.0000012341685986    0.0049074898067014
  0.2252991254135074    0.0000010835110628    0.0000012376246226    0.0049320272557349
  0.2264256210405749    0.0000013654584692    0.0000012577839562    0.0049566873920136
  0.2275577491457778   -0.0000004523759590    0.0000012204317900    0.0049814708289736
  0.2286955378915067   -0.0000004596325940    0.0000012067371266    0.0050063781831185
  0.2298390155809641   -0.0000018075626838    0.0000012327619471    0.0050314100740341
  0.2309882106588690    0.0000010737957984    0.0000012142748698    0.0050565671244043
  0.2321431517121633    0.0000002230767486    0.0000012115839618    0.0050818499600263
  0.2333038674707241    0.0000008563654256    0.0000012327670936    0.0051072592098264
  0.2344703868080777    0.0000012822749500    0.0000012177846022    0.0051327955058756
  0.2356427387421181    0.0000004259090064    0.0000012010724507    0.0051584594834049
  0.2368209524358286   -0.0000026674413300    0.0000011854673390    0.0051842517808220
  0.2380050571980077    0.0000021103070577    0.0000011907204095    0.0052101730397261
  0.2391950824839977    0.0000016260152865    0.0000012072957650    0.0052362239049247
  0.2403910578964177   -0.0000013443809367    0.0000012137639734    0.0052624050244493
  0.2415930131858998   -0.0000019134294909    0.0000012308964808    0.0052887170495716
  0.2428009782518292    0.0000005500841406    0.0000011900273370    0.0053151606348194
  0.2440149831430883    0.0000009861717139    0.0000011937319282    0.0053417364379935
  0.2452350580588037    0.0000013426438485    0.0000011862802404    0.0053684451201835
  0.2464612333490978   -0.0000000357099547    0.0000012264318976    0.0053952873457844
  0.2476935395158432   -0.0000006113695184    0.0000011974757878    0.0054222637825133
  0.2489320072134224   -0.0000016726903059    0.0000012225651249    0.0054493751014259
  0.2501766672494895    0.0000008605851295    0.0000011865299371    0.0054766219769330
  0.2514275505857369   -0.0000008371054717    0.0000012141733501    0.0055040050868177
  0.2526846883386655    0.0000011808719979    0.0000012078982125    0.0055315251122518
  0.2539481117803589   -0.0000016856354296    0.0000011991195659    0.0055591827378130
  0.2552178523392606    0.0000000904156005    0.0000011736685056    0.0055869786515021
  0.2564939416009570   -0.0000004075301729    0.0000011955090182    0.0056149135447596
  0.2577764113089617   -0.0000005270253255    0.0000011919379517    0.0056429881124834
  0.2590652933655064    0.0000016497283423    0.0000011620694201    0.0056712030530458
  0.2603606198323339    0.0000013093742565    0.0000011543470889    0.0056995590683111
  0.2616624229314956    0.0000015296403865    0.0000011927247925    0.0057280568636526
  0.2629707350461531    0.0000012711670164    0.0000012055587598    0.0057566971479709
  0.2642855887213838   -0.0000009821217560    0.0000012126751446    0.0057854806337107
  0.2656070166649907   -0.0000007388825852    0.0000012429951994    0.0058144080368793
  0.2669350517483157    0.0000007861289145    0.0000012229108933    0.0058434800770637
  0.2682697270070572   -0.0000006598986585    0.0000012108893445    0.0058726974774490
  0.2696110756420924    0.0000002947305569    0.0000012560587053    0.0059020609648362
  0.2709591310203028    0.0000008861350719    0.0000012527613416    0.0059315712696604
  0.2723139266754043    0.0000014389623734    0.0000012853236580    0.0059612291260087
  0.2736754963087813   -0.0000006375969993    0.0000012535350330    0.0059910352716388
  0.2750438737903252    0.0000010452198477    0.0000012411279487    0.0060209904479970
  0.2764190931592768   -0.0000002448536680    0.0000012270005390    0.0060510954002369
  0.2778011886250731   -0.0000004558697568    0.0000012007543203    0.0060813508772381
