2.810177359318865101e-02 1.994024740107117402e-02 2.663484470458877835e-03 7.367226755486193076e-04
2.838279132912053734e-02 1.812120993274576181e-02 2.488035843379882411e-03 7.440899023041054258e-04
2.866661924241174081e-02 2.101886945498411888e-02 2.867259304857128297e-03 7.515308013271464931e-04
2.895328543483586051e-02 1.388255563113217211e-02 2.129262771793963629e-03 7.590461093404179960e-04
2.924281828918421852e-02 1.667467558442982736e-02 2.227243500609798251e-03 7.666365704338221499e-04
2.953524647207605991e-02 1.757077766020615286e-02 2.230480062163495668e-03 7.743029361381603042e-04
2.983059893679682051e-02 1.395379146913364524e-02 1.915823299734073591e-03 7.820459654995419538e-04
3.012890492616479218e-02 1.016002011188299123e-02 1.605701400245397766e-03 7.898664251545374059e-04
3.043019397542644222e-02 1.106131935551436796e-02 1.666783853305109538e-03 7.977650894060828819e-04
3.073449591518070609e-02 1.072412876499056165e-02 1.625865968130680217e-03 8.057427403001436944e-04
3.104184087433251027e-02 9.256709902363951040e-03 1.462856894742077963e-03 8.138001677031450392e-04
3.135225928307583398e-02 9.181408901793785757e-03 1.460383060665001011e-03 8.219381693801764734e-04
3.166578187590659427e-02 8.935411715125763168e-03 1.346416071390838139e-03 8.301575510739783205e-04
3.198243969466565972e-02 7.265039034465467851e-03 1.235996976778459822e-03 8.384591265847180256e-04
3.230226409161231216e-02 1.097604948665183155e-02 1.453078992759988374e-03 8.468437178505651333e-04
3.262528673252844402e-02 8.661481771479731182e-03 1.249540411726043172e-03 8.553121550290709602e-04
3.295153959985372416e-02 8.678499249960272208e-03 1.259211090692618877e-03 8.638652765793616373e-04
3.328105499585226612e-02 7.102080216387066450e-03 1.152546251163163137e-03 8.725039293451553610e-04
3.361386554581079211e-02 7.125418877143957844e-03 1.061590787300933708e-03 8.812289686386070003e-04
3.395000420126889629e-02 8.855418453932015557e-03 1.188802145047858578e-03 8.900412583249929597e-04
3.428950424328158775e-02 8.168003203567373097e-03 1.100683444722285994e-03 8.989416709082429131e-04
3.463239928571439780e-02 8.733293436114038591e-03 1.161928734459100098e-03 9.079310876173252382e-04
3.497872327857154406e-02 9.525770276910544218e-03 1.129722339008887907e-03 9.170103984934985112e-04
3.532851051135725562e-02 8.838822843335057688e-03 1.071103358331329568e-03 9.261805024784333998e-04
3.568179561647083498e-02 1.137078499524806982e-02 1.184604950721724346e-03 9.354423075032179636e-04
3.603861357263554027e-02 1.064988710945246816e-02 1.138558824026355849e-03 9.447967305782500489e-04
3.639899970836189824e-02 7.876622079895338399e-03 9.856889494246694975e-04 9.542446978840326069e-04
3.676298970544551736e-02 1.067908288804112968e-02 1.125245545219129371e-03 9.637871448628729113e-04
3.713061960249997018e-02 7.227230886785637395e-03 9.356209587367703834e-04 9.734250163115016133e-04
3.750192579852497377e-02 7.327677218689783618e-03 8.895592657422093236e-04 9.831592664746166207e-04
3.787694505651022225e-02 8.484808994574771432e-03 9.539349046751882015e-04 9.929908591393627523e-04
3.825571450707532239e-02 7.239779369914003081e-03 8.297082404143804255e-04 1.002920767730756382e-03
3.863827165214607506e-02 7.653659258969261123e-03 8.343267575529883648e-04 1.012949975408063965e-03
3.902465436866753290e-02 7.685635286102231872e-03 8.232325991593716615e-04 1.023079475162144529e-03
3.941490091235420878e-02 7.210635924996922769e-03 7.860260813523640804e-04 1.033310269913765992e-03
3.980904992147775434e-02 5.566534930311811680e-03 6.744154462734735112e-04 1.043643372612903771e-03
4.020714042069253868e-02 6.082258044400210180e-03 6.925115924420517264e-04 1.054079806339032954e-03
4.060921182489946046e-02 5.826262032806511434e-03 6.633631656297143010e-04 1.064620604402423138e-03
4.101530394314845812e-02 5.481465617070649388e-03 6.323736476514744270e-04 1.075266810446447435e-03
4.142545698257994735e-02 4.725520193664821574e-03 5.768079219224023875e-04 1.086019478550912139e-03
4.183971155240574780e-02 5.457298977149869015e-03 6.198653078543044830e-04 1.096879673336421165e-03
4.225810866792979736e-02 3.790486934642137151e-03 5.016249710597989707e-04 1.107848470069785216e-03
4.268068975460909131e-02 4.565303287715353001e-03 5.515585093041255188e-04 1.118926954770483066e-03
4.310749665215518611e-02 3.690467251507666049e-03 4.800390601795649745e-04 1.130116224318187959e-03
4.353857161867674685e-02 3.458484418658110300e-03 4.772060923637661965e-04 1.141417386561369976e-03
4.397395733486350600e-02 2.716092420107146799e-03 3.958284774350212380e-04 1.152831560426983461e-03
4.441369690821214689e-02 2.924024466964621812e-03 4.012788916585442300e-04 1.164359876031253625e-03
4.485783387729427168e-02 2.884856114496120363e-03 4.058216631564430651e-04 1.176003474791566207e-03
4.530641221606721003e-02 3.560404286869817483e-03 4.282030239849095375e-04 1.187763509539481671e-03
4.575947633822788352e-02 3.547402558199052799e-03 4.235629346032343708e-04 1.199641144634876547e-03
4.621707110161016319e-02 3.687956580874372520e-03 4.253988429185524031e-04 1.211637556081225338e-03
4.667924181262626815e-02 3.965882665237114094e-03 4.348362604222686246e-04 1.223753931642037772e-03
4.714603423075253152e-02 2.845519631811464171e-03 3.580990246169575759e-04 1.235991470958458082e-03
4.761749457306005406e-02 3.523959058607488339e-03 3.960097947105583292e-04 1.248351385668042615e-03
4.809366951879065488e-02 3.329485545724884202e-03 3.789710863480585056e-04 1.260834899524723111e-03
4.857460621397855643e-02 3.448325572658758435e-03 3.826768844010212012e-04 1.273443248519970199e-03
4.906035227611834498e-02 4.140171857082604323e-03 4.290087196672479238e-04 1.286177681005169901e-03
4.955095579887952573e-02 3.369336615733599209e-03 3.860355771416108285e-04 1.299039457815221593e-03
5.004646535686832487e-02 3.335520299023081708e-03 3.702227063851452221e-04 1.312029852393373913e-03
5.054693001043701617e-02 3.702120255571933125e-03 3.848512431617852141e-04 1.325150150917307713e-03
5.105239931054138258e-02 2.796847010575076280e-03 3.183205688135939656e-04 1.338401652426480810e-03
5.156292330364679183e-02 2.858248796358388386e-03 3.152401159621807188e-04 1.351785668950745371e-03
5.207855253668326745e-02 2.947848481292664451e-03 3.257370120170285824e-04 1.365303525640253115e-03
5.259933806205009665e-02 2.285570607024002467e-03 2.822802130520760231e-04 1.378956560896655486e-03
5.312533144267059942e-02 2.279933603281446546e-03 2.852001024971532821e-04 1.392746126505622212e-03
5.365658475709730868e-02 2.467449320670221744e-03 2.884672480530520991e-04 1.406673587770678477e-03
5.419315060466827622e-02 2.281917083253723853e-03 2.805803613709208721e-04 1.420740323648385199e-03
5.473508211071495544e-02 2.384145771455222027e-03 2.845812334423389236e-04 1.434947726884868921e-03
5.528243293182211193e-02 1.419787676550892394e-03 2.046920528621802343e-04 1.449297204153717801e-03
5.583525726114033083e-02 1.757077532718817744e-03 2.418479998539812160e-04 1.463790176195254754e-03
5.639360983375173858e-02 1.765000823416654164e-03 2.326569877692846635e-04 1.478428077957207477e-03
5.695754593208925132e-02 1.595732439208588866e-03 2.149206852464676778e-04 1.493212358736779486e-03
5.752712139141014092e-02 1.612269477781470362e-03 2.151954243653172213e-04 1.508144482324147093e-03
5.810239260532423788e-02 1.526291128381450368e-03 2.055546199689724989e-04 1.523225927147388607e-03
5.868341653137748581e-02 1.493738973795350443e-03 2.113427440942019955e-04 1.538458186418862478e-03
5.927025069669127066e-02 1.882647499633367544e-03 2.407588232419076283e-04 1.553842768283051484e-03
5.986295320365817713e-02 1.969370391443641191e-03 2.327873886967109728e-04 1.569381195965881878e-03
6.046158273569476188e-02 1.809564581087713805e-03 2.245872972788152760e-04 1.585075007925540675e-03
6.106619856305171151e-02 1.893436245778558607e-03 2.228517541892073540e-04 1.600925758004796088e-03
6.167686054868222467e-02 1.935022527222778023e-03 2.216716388320535535e-04 1.616935015584844079e-03
6.229362915416905566e-02 1.760326260498910412e-03 2.116206446005478080e-04 1.633104365740692746e-03
6.291656544571075371e-02 1.665305912254020542e-03 2.088585204541834920e-04 1.649435409398099716e-03
6.354573110016785431e-02 1.762705318346356699e-03 2.089362801692424946e-04 1.665929763492080560e-03
6.418118841116952911e-02 1.408452196332581627e-03 1.863336866342366169e-04 1.682589061127001424e-03
6.482300029528123564e-02 1.226168983008303149e-03 1.749709255130389154e-04 1.699414951738271746e-03
6.547123029823403995e-02 1.448682598692738362e-03 1.987915610096436354e-04 1.716409101255654155e-03
6.612594260121637535e-02 7.549257424402538476e-04 1.425280632902054890e-04 1.733573192268210656e-03
6.678720202722854271e-02 9.330264839157822229e-04 1.647691781141953160e-04 1.750908924190892673e-03
6.745507404750082647e-02 1.257357403118322106e-03 1.842976563022584576e-04 1.768418013432801646e-03
6.812962478797583710e-02 9.355174003930463765e-04 1.603386372631065916e-04 1.786102193567129688e-03
6.881092103585559339e-02 1.157901646088246514e-03 1.669588028049990560e-04 1.803963215502800942e-03
6.949903024621414960e-02 9.367825769903269807e-04 1.560754229073401278e-04 1.822002847657828994e-03
7.019402054867629470e-02 1.034529849655308094e-03 1.585780556844343164e-04 1.840222876134407293e-03
7.089596075416305931e-02 1.146290050622791878e-03 1.587897413379709376e-04 1.858625104895751407e-03
7.160492036170468255e-02 1.336619888757056059e-03 1.695635898763600948e-04 1.877211355944708761e-03
7.232096956532173271e-02 1.074336908579995699e-03 1.584725872146050898e-04 1.895983469504155996e-03
7.304417926097495073e-02 9.355762427037913383e-04 1.537191996609742195e-04 1.914943304199197630e-03
7.377462105358470468e-02 8.418027420424211088e-04 1.462301794184917697e-04 1.934092737241189641e-03
7.451236726412055478e-02 8.703993468302702319e-04 1.341621487797930719e-04 1.953433664613601645e-03
7.525749093676176171e-02 8.363929319756336408e-04 1.304846604218753287e-04 1.972968001259737831e-03
7.601006584612937655e-02 7.980534768292294866e-04 1.319519892175258972e-04 1.992697681272334858e-03
7.677016650459067559e-02 6.259233163763247869e-04 1.241987952170133924e-04 2.012624658085058419e-03
7.753786816963659234e-02 8.785860410345223449e-04 1.362854571174507579e-04 2.032750904665909294e-03
7.831324685133295160e-02 5.593912866776639325e-04 1.115051046504206641e-04 2.053078413712568391e-03
7.909637931984628278e-02 6.661017233913744690e-04 1.426192999551450570e-04 2.073609197849693789e-03
7.988734311304473978e-02 6.425783123187311929e-04 1.100941636386055481e-04 2.094345289828190588e-03
8.068621654417518219e-02 4.777487079900720663e-04 1.003310655647991398e-04 2.115288742726472663e-03
8.149307870961694511e-02 7.869668283570086919e-04 1.213129019034055357e-04 2.136441630153737559e-03
8.230800949671310263e-02 5.196943080545872798e-04 1.056750150247341902e-04 2.157806046455274483e-03
8.313108959168023782e-02 5.480033061465317684e-04 9.995286292402262378e-05 2.179384106919827514e-03
8.396240048759703867e-02 4.836245288239210578e-04 9.941719624246380782e-05 2.201177947989025729e-03
8.480202449247301044e-02 5.118529964695093691e-04 9.663445495837538616e-05 2.223189727468915817e-03
8.565004473739774860e-02 6.544810851991797939e-04 1.089725608185337154e-04 2.245421624743605422e-03
8.650654518477171595e-02 6.549873100894334013e-04 1.130176420727238248e-04 2.267875840991041055e-03
8.737161063661944005e-02 4.183300172325734559e-04 9.195107679745564359e-05 2.290554599400951817e-03
8.824532674298563029e-02 3.681576465341685747e-04 9.826689069394338905e-05 2.313460145394961084e-03
8.912778001041549159e-02 4.358642115372667069e-04 1.007038655597840721e-04 2.336594746848910838e-03
9.001905781051965094e-02 4.042461628378249622e-04 8.421811872047965382e-05 2.359960694317399937e-03
9.091924838862484870e-02 4.894328567310138626e-04 9.858562722844490178e-05 2.383560301260574058e-03
9.182844087251110232e-02 3.063828529552543953e-04 8.335664051297380197e-05 2.407395904273179881e-03
9.274672528123620308e-02 3.787726171217367264e-04 9.721503541864992971e-05 2.431469863315911719e-03
9.367419253404857260e-02 2.552322789558274436e-04 7.722794646645354832e-05 2.455784561949070962e-03
9.461093445938906221e-02 2.119432274169134260e-04 8.395087773022873005e-05 2.480342407568561763e-03
9.555704380398294395e-02 3.260580950070209689e-04 7.679319027444777668e-05 2.505145831644247246e-03
9.651261424202278727e-02 2.209309603597029088e-04 6.372960077865067689e-05 2.530197289960690096e-03
9.747774038444301237e-02 3.386912051053453734e-04 7.977136227218427572e-05 2.555499262860296602e-03
9.845251778828745248e-02 2.368520550184684476e-04 6.564256359348089129e-05 2.581054255488900162e-03
9.943704296617031368e-02 1.993428316188506364e-04 6.006073462510174186e-05 2.606864798043788574e-03
1.004314133958320171e-01 2.014312954972342288e-04 6.069182248127159883e-05 2.632933446024226295e-03
