2.810177359318865101e-02 1.945417106634111243e-02 2.711419904534231873e-03 7.367226755486193076e-04
2.838279132912053734e-02 1.676424006587990539e-02 2.393826201149718350e-03 7.440899023041054258e-04
2.866661924241174081e-02 1.889418277915430600e-02 2.501504236874064948e-03 7.515308013271464931e-04
2.895328543483586051e-02 1.614565872607027705e-02 2.216782533045184855e-03 7.590461093404179960e-04
2.924281828918421852e-02 1.400372973421201532e-02 2.041729804288661652e-03 7.666365704338221499e-04
2.953524647207605991e-02 1.247751186361398083e-02 1.880198461224732477e-03 7.743029361381603042e-04
2.983059893679682051e-02 1.765092122709913461e-02 2.155420521535023840e-03 7.820459654995419538e-04
3.012890492616479218e-02 1.296226227100024352e-02 1.814247945333396367e-03 7.898664251545374059e-04
3.043019397542644222e-02 1.131991248235744360e-02 1.686691162816503480e-03 7.977650894060828819e-04
3.073449591518070609e-02 1.036255041354812272e-02 1.544035330038816397e-03 8.057427403001436944e-04
3.104184087433251027e-02 8.938267844875537327e-03 1.499204424688906946e-03 8.138001677031450392e-04
3.135225928307583398e-02 1.040576737098599519e-02 1.570146728992283768e-03 8.219381693801764734e-04
3.166578187590659427e-02 9.753941285473332820e-03 1.407182229827498490e-03 8.301575510739783205e-04
3.198243969466565972e-02 1.082716794334519401e-02 1.446134407157141947e-03 8.384591265847180256e-04
3.230226409161231216e-02 1.117573483559521422e-02 1.466703836950414112e-03 8.468437178505651333e-04
3.262528673252844402e-02 1.011150985603577468e-02 1.350518474104912435e-03 8.553121550290709602e-04
3.295153959985372416e-02 7.036443450549636526e-03 1.098323697621893203e-03 8.638652765793616373e-04
3.328105499585226612e-02 7.064507901741777854e-03 1.089485475954142914e-03 8.725039293451553610e-04
3.361386554581079211e-02 6.971502804577040489e-03 1.050396573246767645e-03 8.812289686386070003e-04
3.395000420126889629e-02 9.224000454771364224e-03 1.180309944483977184e-03 8.900412583249929597e-04
3.428950424328158775e-02 9.785531520636712652e-03 1.277729369355533372e-03 8.989416709082429131e-04
3.463239928571439780e-02 8.064329858796362438e-03 1.086684327487741873e-03 9.079310876173252382e-04
3.497872327857154406e-02 8.457782007742942199e-03 1.064848959380731508e-03 9.170103984934985112e-04
3.532851051135725562e-02 8.454263121836577341e-03 1.047876715386110479e-03 9.261805024784333998e-04
3.568179561647083498e-02 1.071016528158823776e-02 1.172142950683970931e-03 9.354423075032179636e-04
3.603861357263554027e-02 1.018618418465084413e-02 1.114769473649061425e-03 9.447967305782500489e-04
3.639899970836189824e-02 9.307857312443426276e-03 1.057317144874482745e-03 9.542446978840326069e-04
3.676298970544551736e-02 7.442357951910045719e-03 9.084713306097440049e-04 9.637871448628729113e-04
3.713061960249997018e-02 9.152081829185658782e-03 1.013735522032950922e-03 9.734250163115016133e-04
3.750192579852497377e-02 8.332024793077538044e-03 9.887506209735148419e-04 9.831592664746166207e-04
3.787694505651022225e-02 8.470295554961699072e-03 9.179100371744626985e-04 9.929908591393627523e-04
3.825571450707532239e-02 7.873458575593687142e-03 8.829620780116407067e-04 1.002920767730756382e-03
3.863827165214607506e-02 7.622053254708455010e-03 8.494394463328964334e-04 1.012949975408063965e-03
3.902465436866753290e-02 8.185549858231739445e-03 8.651361019720470906e-04 1.023079475162144529e-03
3.941490091235420878e-02 8.160073779516583553e-03 8.364411732781373322e-04 1.033310269913765992e-03
3.980904992147775434e-02 6.634925646607248498e-03 7.365313840106410071e-04 1.043643372612903771e-03
4.020714042069253868e-02 5.785761159908000412e-03 7.059683929750255275e-04 1.054079806339032954e-03
4.060921182489946046e-02 4.769976541051794069e-03 6.004164929373285347e-04 1.064620604402423138e-03
4.101530394314845812e-02 5.411846989171172594e-03 6.285449402148887785e-04 1.075266810446447435e-03
4.142545698257994735e-02 4.206272587497558897e-03 5.595032643104684089e-04 1.086019478550912139e-03
4.183971155240574780e-02 4.403846344926236334e-03 5.457502943889981075e-04 1.096879673336421165e-03
4.225810866792979736e-02 4.897499237388063670e-03 5.832444142515209049e-04 1.107848470069785216e-03
4.268068975460909131e-02 5.333831847352275835e-03 5.944467495065451461e-04 1.118926954770483066e-03
4.310749665215518611e-02 4.012010104369228419e-03 5.490484041631495679e-04 1.130116224318187959e-03
4.353857161867674685e-02 3.087236064777622649e-03 4.525618225442202148e-04 1.141417386561369976e-03
4.397395733486350600e-02 2.833461531295169544e-03 4.044190368174445382e-04 1.152831560426983461e-03
4.441369690821214689e-02 3.124627625283236260e-03 4.270865201137289107e-04 1.164359876031253625e-03
4.485783387729427168e-02 2.854378148138872560e-03 3.917096618395594075e-04 1.176003474791566207e-03
4.530641221606721003e-02 2.684904278929271283e-03 3.719654764530777092e-04 1.187763509539481671e-03
4.575947633822788352e-02 2.832132089227747378e-03 4.053329689515755519e-04 1.199641144634876547e-03
4.621707110161016319e-02 3.149043383718297829e-03 3.932157339964085564e-04 1.211637556081225338e-03
4.667924181262626815e-02 3.872802105510637829e-03 4.298398130422266994e-04 1.223753931642037772e-03
4.714603423075253152e-02 3.642765986309903174e-03 4.136614013858345182e-04 1.235991470958458082e-03
4.761749457306005406e-02 3.776137433752756959e-03 4.181286775078403898e-04 1.248351385668042615e-03
4.809366951879065488e-02 3.331629244272106029e-03 3.792136899498336914e-04 1.260834899524723111e-03
4.857460621397855643e-02 3.024531159953194361e-03 3.585050618326558682e-04 1.273443248519970199e-03
4.906035227611834498e-02 3.366023547549023155e-03 3.821985826549120996e-04 1.286177681005169901e-03
4.955095579887952573e-02 2.910107502723722345e-03 3.679553474442653037e-04 1.299039457815221593e-03
5.004646535686832487e-02 3.368265601352830440e-03 3.585928858438435082e-04 1.312029852393373913e-03
5.054693001043701617e-02 3.376133667430254639e-03 3.534538633406904880e-04 1.325150150917307713e-03
5.105239931054138258e-02 3.198436282380610028e-03 3.405158759566833835e-04 1.338401652426480810e-03
5.156292330364679183e-02 2.750201672157737316e-03 3.249577271896630449e-04 1.351785668950745371e-03
5.207855253668326745e-02 3.214765964527206872e-03 3.311596117923261960e-04 1.365303525640253115e-03
5.259933806205009665e-02 2.100336855464907636e-03 2.642909342043565381e-04 1.378956560896655486e-03
5.312533144267059942e-02 2.493666555670014193e-03 2.947918540239088600e-04 1.392746126505622212e-03
5.365658475709730868e-02 2.340466995518121745e-03 2.943664602478189758e-04 1.406673587770678477e-03
5.419315060466827622e-02 1.660631862578567470e-03 2.394319960607648389e-04 1.420740323648385199e-03
5.473508211071495544e-02 1.941078895062357942e-03 2.462343453949294688e-04 1.434947726884868921e-03
5.528243293182211193e-02 1.635277767983918298e-03 2.291176874729002305e-04 1.449297204153717801e-03
5.583525726114033083e-02 1.938857062782450673e-03 2.383767434670777468e-04 1.463790176195254754e-03
5.639360983375173858e-02 1.836072033410172857e-03 2.310513828693043156e-04 1.478428077957207477e-03
5.695754593208925132e-02 1.538684034632840014e-03 2.111110997559589918e-04 1.493212358736779486e-03
5.752712139141014092e-02 1.954671695702530146e-03 2.508913796583469636e-04 1.508144482324147093e-03
5.810239260532423788e-02 2.082642650335790862e-03 2.401895439397400925e-04 1.523225927147388607e-03
5.868341653137748581e-02 1.653119217326102413e-03 2.131492351086846249e-04 1.538458186418862478e-03
5.927025069669127066e-02 1.669280842065669129e-03 2.255580285393607865e-04 1.553842768283051484e-03
5.986295320365817713e-02 1.954774102236846861e-03 2.269423600169602235e-04 1.569381195965881878e-03
6.046158273569476188e-02 2.065654877181046217e-03 2.321004044957899483e-04 1.585075007925540675e-03
6.106619856305171151e-02 1.320986093965807046e-03 1.982707267853849509e-04 1.600925758004796088e-03
6.167686054868222467e-02 1.917149476039943512e-03 2.276640750968525993e-04 1.616935015584844079e-03
6.229362915416905566e-02 1.506183572256511406e-03 1.958116678354896269e-04 1.633104365740692746e-03
6.291656544571075371e-02 1.526395115991739052e-03 1.951575259928272580e-04 1.649435409398099716e-03
6.354573110016785431e-02 1.589941666092362788e-03 1.984964576478165257e-04 1.665929763492080560e-03
6.418118841116952911e-02 1.384648712145180325e-03 1.848112007608404908e-04 1.682589061127001424e-03
6.482300029528123564e-02 1.076706821645319247e-03 1.640127546600150354e-04 1.699414951738271746e-03
6.547123029823403995e-02 1.176119255846774098e-03 1.791740731874534283e-04 1.716409101255654155e-03
6.612594260121637535e-02 9.172781104300117014e-04 1.571581640219345591e-04 1.733573192268210656e-03
6.678720202722854271e-02 1.000577968326189955e-03 1.764340935631797445e-04 1.750908924190892673e-03
6.745507404750082647e-02 1.166839344454003542e-03 1.718703677942921121e-04 1.768418013432801646e-03
6.812962478797583710e-02 9.361127115306873544e-04 1.604406794871276445e-04 1.786102193567129688e-03
6.881092103585559339e-02 9.413932322511898553e-04 1.505903652211055621e-04 1.803963215502800942e-03
6.949903024621414960e-02 1.164445519508584869e-03 1.645084275611727505e-04 1.822002847657828994e-03
7.019402054867629470e-02 1.239510647817418073e-03 1.726494171823897688e-04 1.840222876134407293e-03
7.089596075416305931e-02 1.058791099117612454e-03 1.526576193260993284e-04 1.858625104895751407e-03
7.160492036170468255e-02 6.471639341222155299e-04 1.180249866627924095e-04 1.877211355944708761e-03
7.232096956532173271e-02 6.920789791521915610e-04 1.513308692547288281e-04 1.895983469504155996e-03
7.304417926097495073e-02 8.593136226345699912e-04 1.431582524578585468e-04 1.914943304199197630e-03
7.377462105358470468e-02 8.793302662079074961e-04 1.415802351210513005e-04 1.934092737241189641e-03
7.451236726412055478e-02 1.119799166778134803e-03 1.522225393130918324e-04 1.953433664613601645e-03
7.525749093676176171e-02 8.900009799092978595e-04 1.397361426042381021e-04 1.972968001259737831e-03
7.601006584612937655e-02 6.624404282318715467e-04 1.290238521698487933e-04 1.992697681272334858e-03
7.677016650459067559e-02 8.504974360243322800e-04 1.361898402039103185e-04 2.012624658085058419e-03
7.753786816963659234e-02 6.307779024087854011e-04 1.113940372546864754e-04 2.032750904665909294e-03
7.831324685133295160e-02 5.549639187408860006e-04 1.029513361182734431e-04 2.053078413712568391e-03
7.909637931984628278e-02 6.407800533361311668e-04 1.158270918727404681e-04 2.073609197849693789e-03
7.988734311304473978e-02 6.618983529884694657e-04 1.117725295955921522e-04 2.094345289828190588e-03
8.068621654417518219e-02 6.321140491978153361e-04 1.209354331914999983e-04 2.115288742726472663e-03
8.149307870961694511e-02 3.468606096345828831e-04 9.933558471066405223e-05 2.136441630153737559e-03
8.230800949671310263e-02 6.185075834979900707e-04 1.118012711018807675e-04 2.157806046455274483e-03
8.313108959168023782e-02 5.666284712296340998e-04 1.016695754059850445e-04 2.179384106919827514e-03
8.396240048759703867e-02 5.639813028561250184e-04 1.011923736576818793e-04 2.201177947989025729e-03
8.480202449247301044e-02 5.597380600717836475e-04 1.064910447905684514e-04 2.223189727468915817e-03
8.565004473739774860e-02 6.003221270735799872e-04 1.043996270581749576e-04 2.245421624743605422e-03
8.650654518477171595e-02 2.721951425313201122e-04 8.375924952736771723e-05 2.267875840991041055e-03
8.737161063661944005e-02 4.789052128025758637e-04 9.207801424311231329e-05 2.290554599400951817e-03
8.824532674298563029e-02 4.356943487426242763e-04 9.356501295438566818e-05 2.313460145394961084e-03
8.912778001041549159e-02 3.159167405990650004e-04 7.439669578792897878e-05 2.336594746848910838e-03
9.001905781051965094e-02 3.200859802057472538e-04 8.771879827354450525e-05 2.359960694317399937e-03
9.091924838862484870e-02 3.903726813133817923e-04 8.315697075231775169e-05 2.383560301260574058e-03
9.182844087251110232e-02 4.087704773046953654e-04 8.516341922252824428e-05 2.407395904273179881e-03
9.274672528123620308e-02 2.673735234641996155e-04 8.185819590002467829e-05 2.431469863315911719e-03
9.367419253404857260e-02 2.741723627992381242e-04 7.952236479139419660e-05 2.455784561949070962e-03
9.461093445938906221e-02 1.905108579399113786e-04 6.709970374052461094e-05 2.480342407568561763e-03
9.555704380398294395e-02 9.878598024568217514e-05 7.463861956562978369e-05 2.505145831644247246e-03
9.651261424202278727e-02 3.362141230311242865e-04 8.840568385508874535e-05 2.530197289960690096e-03
9.747774038444301237e-02 2.833652875717653321e-04 1.029512861491413666e-04 2.555499262860296602e-03
9.845251778828745248e-02 3.463865976047814836e-04 7.940825635550067966e-05 2.581054255488900162e-03
9.943704296617031368e-02 2.511504964169718255e-04 8.503621792914836382e-05 2.606864798043788574e-03
1.004314133958320171e-01 1.282668101807382883e-04 4.844645659330166381e-05 2.632933446024226295e-03
