2.810177359318865101e-02 1.496255598155857985e-02 2.307769797185470727e-03 7.367256649485903622e-04
2.838279132912053734e-02 2.001154378884233836e-02 2.822182607962487981e-03 7.440929215980761910e-04
2.866661924241174081e-02 1.300861846836448912e-02 2.199042126592960084e-03 7.515338508140569865e-04
2.895328543483586051e-02 1.376749511035864869e-02 2.193757250030453111e-03 7.590491893221975976e-04
2.924281828918421852e-02 1.276537967217039257e-02 2.126992648367689257e-03 7.666396812154195259e-04
2.953524647207605991e-02 1.169043478219024615e-02 1.922569750409469863e-03 7.743060780275736561e-04
2.983059893679682051e-02 1.185859164316047966e-02 1.766963147043173945e-03 7.820491388078494848e-04
3.012890492616479218e-02 1.168976577103565152e-02 1.722770576843358440e-03 7.898696301959280035e-04
3.043019397542644222e-02 1.257059437483827764e-02 1.776927404776472950e-03 7.977683264978873432e-04
3.073449591518070609e-02 9.497591382286315123e-03 1.561927994748653304e-03 8.057460097628661678e-04
3.104184087433251027e-02 9.947978162413185013e-03 1.516282305957346570e-03 8.138034698604947915e-04
3.135225928307583398e-02 9.157198394147431780e-03 1.584050661340351230e-03 8.219415045590997655e-04
3.166578187590659427e-02 9.552579039972459649e-03 1.392716630599627643e-03 8.301609196046907165e-04
3.198243969466565972e-02 7.848540032826083201e-03 1.281090617404135983e-03 8.384625288007376779e-04
3.230226409161231216e-02 8.643451766813399148e-03 1.402602075362865009e-03 8.468471540887448747e-04
3.262528673252844402e-02 9.201815235159324646e-03 1.287854444638462069e-03 8.553156256296325652e-04
3.295153959985372416e-02 9.609396836496168423e-03 1.283425295856997468e-03 8.638687818859287814e-04
3.328105499585226612e-02 9.084159076984373374e-03 1.235528056046138710e-03 8.725074697047882069e-04
3.361386554581079211e-02 1.014630905106438802e-02 1.267567845350289595e-03 8.812325444018362418e-04
3.395000420126889629e-02 8.456539320112647223e-03 1.129381180523580290e-03 8.900448698458545164e-04
3.428950424328158775e-02 9.751802116987463506e-03 1.233696867668075247e-03 8.989453185443130583e-04
3.463239928571439780e-02 1.025975066140362435e-02 1.225471218519286762e-03 9.079347717297560523e-04
3.497872327857154406e-02 6.815908945597498603e-03 1.046158025125390641e-03 9.170141194470536605e-04
3.532851051135725562e-02 7.936305335785534196e-03 1.015417286351115575e-03 9.261842606415241321e-04
3.568179561647083498e-02 9.274214703517035668e-03 1.070097767127247898e-03 9.354461032479395371e-04
3.603861357263554027e-02 6.702214552697434435e-03 8.870505548008619486e-04 9.448005642804188121e-04
3.639899970836189824e-02 9.152363552705801431e-03 1.058012713509162012e-03 9.542485699232230783e-04
3.676298970544551736e-02 8.052123266307701158e-03 1.005653600488220362e-03 9.637910556224552928e-04
3.713061960249997018e-02 7.679677880938098715e-03 9.106405463774456697e-04 9.734289661786798458e-04
3.750192579852497377e-02 8.075761836817641967e-03 9.232707524609582491e-04 9.831632558404666562e-04
3.787694505651022225e-02 8.429194504539926427e-03 9.336193856899828881e-04 9.929948883988712598e-04
3.825571450707532239e-02 7.149134093906456960e-03 8.247662832917905225e-04 1.002924837282860105e-03
3.863827165214607506e-02 7.438635063996159799e-03 8.394929396329462714e-04 1.012954085655688643e-03
3.902465436866753290e-02 7.388905910372081838e-03 8.234476889399486473e-04 1.023083626512245447e-03
3.941490091235420878e-02 6.205058950657565096e-03 7.532381099424976384e-04 1.033314462777367880e-03
3.980904992147775434e-02 6.321896035033956231e-03 7.494792842304122621e-04 1.043647607405141569e-03
4.020714042069253868e-02 6.716586177776573928e-03 7.278578717926140586e-04 1.054084083479193230e-03
4.060921182489946046e-02 5.496030911752888305e-03 6.591917118038431332e-04 1.064624924313985069e-03
4.101530394314845812e-02 5.191677966940502070e-03 6.155819914984786163e-04 1.075271173557125091e-03
4.142545698257994735e-02 3.983862310050985227e-03 5.813762453128438080e-04 1.086023885292696336e-03
4.183971155240574780e-02 4.741373610565124616e-03 5.662048897604733634e-04 1.096884124145623479e-03
4.225810866792979736e-02 4.457168805003233411e-03 5.440556613643215923e-04 1.107852965387079404e-03
4.268068975460909131e-02 3.461495862199402782e-03 4.899367684358527705e-04 1.118931495040950165e-03
4.310749665215518611e-02 3.629293379474415448e-03 4.761354701479043666e-04 1.130120809991359658e-03
4.353857161867674685e-02 4.168774019307416867e-03 5.088464105902480803e-04 1.141422018091273497e-03
4.397395733486350600e-02 3.691278135596897953e-03 4.901869741027564502e-04 1.152836238272186018e-03
4.441369690821214689e-02 3.367676020458261824e-03 4.307927451813143779e-04 1.164364600654907954e-03
4.485783387729427168e-02 3.640161088085943318e-03 4.531799513234630451e-04 1.176008246661457190e-03
4.530641221606721003e-02 3.973734207098369303e-03 4.524071016048728379e-04 1.187768329128071655e-03
4.575947633822788352e-02 3.206628541733847013e-03 4.178286836880883192e-04 1.199646012419352398e-03
4.621707110161016319e-02 3.720552598182227510e-03 4.368472133497278316e-04 1.211642472543545930e-03
4.667924181262626815e-02 4.446259245389505739e-03 4.605509679312077328e-04 1.223758897268981474e-03
4.714603423075253152e-02 3.641975957806135172e-03 4.135702980903164139e-04 1.235996486241671332e-03
4.761749457306005406e-02 3.831395375082714480e-03 4.322371532002961198e-04 1.248356451104088057e-03
4.809366951879065488e-02 3.460390972760933690e-03 3.864152708884013702e-04 1.260840015615128816e-03
4.857460621397855643e-02 3.663526183810235110e-03 3.945629241454411563e-04 1.273448415771279976e-03
4.906035227611834498e-02 3.674020746681299320e-03 3.911738036670481429e-04 1.286182899928992951e-03
4.955095579887952573e-02 3.470511319535876400e-03 4.037397429566728186e-04 1.299044728928282818e-03
5.004646535686832487e-02 3.254902729433233922e-03 3.525862994149913375e-04 1.312035176217565737e-03
5.054693001043701617e-02 3.026945364929491209e-03 3.414727695488966111e-04 1.325155527979741477e-03
5.105239931054138258e-02 3.631983155607810144e-03 3.627315482235980086e-04 1.338407083259538811e-03
5.156292330364679183e-02 2.276208703095267821e-03 2.916235532248630247e-04 1.351791154092134208e-03
5.207855253668326745e-02 2.702021545089699703e-03 3.036179760048041067e-04 1.365309065633055728e-03
5.259933806205009665e-02 2.332420544892676098e-03 2.784331851057932918e-04 1.378962156289386233e-03
5.312533144267059942e-02 2.306401231893136661e-03 2.773268627771969565e-04 1.392751777852279998e-03
5.365658475709730868e-02 2.158166628673104451e-03 2.904277848393680317e-04 1.406679295630802913e-03
5.419315060466827622e-02 2.075490036947255298e-03 2.676544040860681368e-04 1.420746088587110812e-03
5.473508211071495544e-02 1.939833627300187237e-03 2.460763732445973048e-04 1.434953549472981968e-03
5.528243293182211193e-02 1.517378278739120109e-03 2.214288308547966331e-04 1.449303084967711779e-03
5.583525726114033083e-02 1.819948413185267953e-03 2.308624402412170974e-04 1.463796115817388947e-03
5.639360983375173858e-02 1.951861113262872436e-03 2.381774950384466568e-04 1.478434076975562901e-03
5.695754593208925132e-02 1.713419023113285037e-03 2.228113300988641011e-04 1.493218417745318521e-03
5.752712139141014092e-02 1.555596432418077926e-03 2.114420907113152761e-04 1.508150601922771594e-03
5.810239260532423788e-02 2.109250580743743473e-03 2.416536041763211811e-04 1.523232107941999104e-03
5.868341653137748581e-02 1.873265637557456958e-03 2.268817118033543618e-04 1.538464429021419323e-03
5.927025069669127066e-02 1.959885653703647822e-03 2.349829121177205262e-04 1.553849073311633832e-03
5.986295320365817713e-02 1.776724967764330620e-03 2.239836394034823094e-04 1.569387564044749921e-03
6.046158273569476188e-02 1.653591823405448471e-03 2.154038287836951531e-04 1.585081439685197442e-03
6.106619856305171151e-02 2.050968346965349916e-03 2.319227184366980110e-04 1.600932254082049460e-03
6.167686054868222467e-02 1.860671438089699222e-03 2.174894253403647536e-04 1.616941576622869890e-03
6.229362915416905566e-02 1.327311925220283923e-03 1.838038796328823638e-04 1.633110992389098749e-03
6.291656544571075371e-02 1.625496621690873623e-03 2.013284353540045768e-04 1.649442102312989990e-03
6.354573110016785431e-02 1.223099454180094419e-03 1.823760857566033601e-04 1.665936523336119688e-03
6.418118841116952911e-02 1.656684956554681232e-03 2.021557016341205459e-04 1.682595888569480853e-03
6.482300029528123564e-02 1.417765646527942812e-03 1.937449182499704798e-04 1.699421847455175917e-03
6.547123029823403995e-02 1.401564098196308615e-03 2.045561812624742122e-04 1.716416065929727511e-03
6.612594260121637535e-02 1.267822452023909235e-03 1.847499011277659422e-04 1.733580226589024643e-03
6.678720202722854271e-02 9.836927239060639858e-04 1.724194299821051957e-04 1.750916028854914916e-03
6.745507404750082647e-02 1.039088184069058033e-03 1.621172804581827258e-04 1.768425189143464030e-03
6.812962478797583710e-02 1.017949658803894014e-03 1.639133290608742936e-04 1.786109441034898840e-03
6.881092103585559339e-02 9.177713741428362385e-04 1.487308803449356699e-04 1.803970535445247828e-03
6.949903024621414960e-02 9.217103279905867943e-04 1.524002124811172732e-04 1.822010240799700267e-03
7.019402054867629470e-02 1.148147015707740633e-03 1.665047297379001427e-04 1.840230343207697279e-03
7.089596075416305931e-02 1.042429045939900203e-03 1.590148926402485752e-04 1.858632646639774314e-03
7.160492036170468255e-02 9.185045854123276635e-04 1.460099323155801836e-04 1.877218973106171973e-03
7.232096956532173271e-02 1.069472745327048040e-03 1.510798179077412721e-04 1.895991162837233580e-03
7.304417926097495073e-02 1.093016879388593668e-03 1.622908811154117996e-04 1.914951074465606013e-03
7.377462105358470468e-02 8.664190606699706748e-04 1.351657033403002781e-04 1.934100585210262206e-03
7.451236726412055478e-02 6.557318417356515581e-04 1.225634715489035608e-04 1.953441591062365056e-03
7.525749093676176171e-02 9.388581114265628436e-04 1.382805161320163417e-04 1.972976006972988576e-03
7.601006584612937655e-02 9.993051363301184466e-04 1.464663410482185189e-04 1.992705767042718401e-03
7.677016650459067559e-02 5.897663980887248849e-04 1.075655379228240052e-04 2.012632824713145741e-03
7.753786816963659234e-02 8.206284477671486671e-04 1.321380676323503640e-04 2.032759152960277559e-03
7.831324685133295160e-02 6.692151571645030056e-04 1.130051231376092059e-04 2.053086744489879874e-03
7.909637931984628278e-02 5.075671405185129504e-04 1.043415371670779044e-04 2.073617611934778712e-03
7.988734311304473978e-02 4.157625686594621514e-04 8.855469007981453262e-05 2.094353788054126482e-03
8.068621654417518219e-02 6.532320232919154980e-04 1.103086726002240804e-04 2.115297325934667634e-03
8.149307870961694511e-02 6.752926462765904830e-04 1.124387367874325614e-04 2.136450299194014423e-03
8.230800949671310263e-02 4.897385663517638595e-04 1.006766033033097989e-04 2.157814802185954468e-03
8.313108959168023782e-02 5.957882829703518845e-04 1.094856597945090531e-04 2.179392950207813956e-03
8.396240048759703867e-02 5.748138463541899385e-04 1.074458817000093072e-04 2.201186879709892113e-03
8.480202449247301044e-02 4.861837465626619005e-04 9.994368986189178879e-05 2.223198748506991212e-03
8.565004473739774860e-02 5.274209089653438725e-04 9.784302813621935217e-05 2.245430735992061215e-03
8.650654518477171595e-02 4.587046433458014821e-04 9.633200697079867916e-05 2.267885043351981593e-03
8.737161063661944005e-02 5.320327617578802896e-04 9.704405016991738894e-05 2.290563893785501574e-03
8.824532674298563029e-02 5.711019782740142789e-04 1.077083517052172020e-04 2.313469532723356602e-03
8.912778001041549159e-02 5.089055697526254302e-04 9.441793386507961407e-05 2.336604228050590069e-03
9.001905781051965094e-02 2.989374291488211760e-04 7.244016952782175733e-05 2.359970270331096347e-03
9.091924838862484870e-02 4.435441820875550296e-04 8.863310383155005069e-05 2.383569973034407267e-03
9.182844087251110232e-02 1.881548351550099284e-04 6.626584071707088759e-05 2.407405672764751509e-03
9.274672528123620308e-02 3.756447363814862891e-04 8.393266555428443665e-05 2.431479729492398625e-03
9.367419253404857260e-02 3.304597557975131857e-04 8.589504422668208026e-05 2.455794526787322823e-03
9.461093445938906221e-02 3.743496500547195292e-04 9.665021715876880926e-05 2.480352472055196052e-03
9.555704380398294395e-02 2.283361932488419950e-04 7.234102041302240503e-05 2.505155996775748108e-03
9.651261424202278727e-02 2.689605262067327010e-04 7.801268951763803874e-05 2.530207556743505927e-03
9.747774038444301237e-02 2.986452853901140451e-04 9.228132446653735754e-05 2.555509632310940665e-03
9.845251778828745248e-02 2.048214869348564731e-04 7.291390256295338275e-05 2.581064728634050332e-03
9.943704296617031368e-02 3.630549669321235322e-04 8.112295173837891671e-05 2.606875375920390554e-03
1.004314133958320171e-01 2.424788837065270004e-04 7.772320560437464545e-05 2.632944129679594663e-03
