2.810177359318865101e-02 2.136162868073013255e-02 2.756595228464439346e-03 7.367256649485903622e-04
2.838279132912053734e-02 1.811873267458726997e-02 2.487695873215750846e-03 7.440929215980761910e-04
2.866661924241174081e-02 1.411001395977033376e-02 2.244482972145892333e-03 7.515338508140569865e-04
2.895328543483586051e-02 1.248046663151857610e-02 1.948236553543158684e-03 7.590491893221975976e-04
2.924281828918421852e-02 1.476701215434403532e-02 2.165648441963102452e-03 7.666396812154195259e-04
2.953524647207605991e-02 1.642715673491188660e-02 2.156013707858807620e-03 7.743060780275736561e-04
2.983059893679682051e-02 1.200915638517448952e-02 1.841912331256487104e-03 7.820491388078494848e-04
3.012890492616479218e-02 1.412049257831351004e-02 1.949192508301013024e-03 7.898696301959280035e-04
3.043019397542644222e-02 1.091699092939848320e-02 1.862186284010397281e-03 7.977683264978873432e-04
3.073449591518070609e-02 1.340334629266791422e-02 1.826421038963886535e-03 8.057460097628661678e-04
3.104184087433251027e-02 8.461949670837855611e-03 1.460770722133750057e-03 8.138034698604947915e-04
3.135225928307583398e-02 1.250334560234283611e-02 1.640907013864794772e-03 8.219415045590997655e-04
3.166578187590659427e-02 1.259337599727606595e-02 1.598591638676567263e-03 8.301609196046907165e-04
3.198243969466565972e-02 1.101197923990944114e-02 1.457860932284050365e-03 8.384625288007376779e-04
3.230226409161231216e-02 8.705445730231324217e-03 1.387073962936931316e-03 8.468471540887448747e-04
3.262528673252844402e-02 9.664834233252620962e-03 1.360170333541453743e-03 8.553156256296325652e-04
3.295153959985372416e-02 7.202501479074350545e-03 1.110778837404932488e-03 8.638687818859287814e-04
3.328105499585226612e-02 8.574112169193435357e-03 1.199964488755843718e-03 8.725074697047882069e-04
3.361386554581079211e-02 8.555583081937248938e-03 1.163604685910902886e-03 8.812325444018362418e-04
3.395000420126889629e-02 8.843575009768149184e-03 1.187212925126134543e-03 8.900448698458545164e-04
3.428950424328158775e-02 8.334350430362777451e-03 1.234038253496654892e-03 8.989453185443130583e-04
3.463239928571439780e-02 7.030826495244571483e-03 1.014147897568391972e-03 9.079347717297560523e-04
3.497872327857154406e-02 7.991590898735020237e-03 1.063211861561727447e-03 9.170141194470536605e-04
3.532851051135725562e-02 8.321377472631350317e-03 1.039433269816536498e-03 9.261842606415241321e-04
3.568179561647083498e-02 9.095388951707184672e-03 1.083310141571349567e-03 9.354461032479395371e-04
3.603861357263554027e-02 6.844896170552535256e-03 9.324460269869495367e-04 9.448005642804188121e-04
3.639899970836189824e-02 1.015648739161755312e-02 1.081827242245193355e-03 9.542485699232230783e-04
3.676298970544551736e-02 9.545498518066668908e-03 1.028460142731721545e-03 9.637910556224552928e-04
3.713061960249997018e-02 8.782841512684986043e-03 1.001964522945575234e-03 9.734289661786798458e-04
3.750192579852497377e-02 6.514364363822305534e-03 8.418657708012039151e-04 9.831632558404666562e-04
3.787694505651022225e-02 5.974400005137579101e-03 7.706018148806615276e-04 9.929948883988712598e-04
3.825571450707532239e-02 6.249216112697169451e-03 7.903634609332054308e-04 1.002924837282860105e-03
3.863827165214607506e-02 6.103865847373228862e-03 7.450310328980179172e-04 1.012954085655688643e-03
3.902465436866753290e-02 5.962187787333745811e-03 7.749990172648252686e-04 1.023083626512245447e-03
3.941490091235420878e-02 6.475804067374933692e-03 7.997488339595573096e-04 1.033314462777367880e-03
3.980904992147775434e-02 5.585481326598125927e-03 6.988784605417204272e-04 1.043647607405141569e-03
4.020714042069253868e-02 6.905827501315420398e-03 7.849513523927392159e-04 1.054084083479193230e-03
4.060921182489946046e-02 4.887336815407720449e-03 6.231220916080297979e-04 1.064624924313985069e-03
4.101530394314845812e-02 5.334586939031127698e-03 6.238009717872094973e-04 1.075271173557125091e-03
4.142545698257994735e-02 4.372798412593061936e-03 5.548585521912358575e-04 1.086023885292696336e-03
4.183971155240574780e-02 4.129176437563050056e-03 5.282224440222087159e-04 1.096884124145623479e-03
4.225810866792979736e-02 4.587341574715440157e-03 5.517698254311417545e-04 1.107852965387079404e-03
4.268068975460909131e-02 4.221328598415795101e-03 5.440447445753441268e-04 1.118931495040950165e-03
4.310749665215518611e-02 4.455594910580441131e-03 5.449149648744757487e-04 1.130120809991359658e-03
4.353857161867674685e-02 3.768190374430610903e-03 4.968557638039920992e-04 1.141422018091273497e-03
4.397395733486350600e-02 3.847855142114736064e-03 4.828147823941277049e-04 1.152836238272186018e-03
4.441369690821214689e-02 3.729689678225418543e-03 4.643403725403643777e-04 1.164364600654907954e-03
4.485783387729427168e-02 4.036090393991705570e-03 4.656086903377491012e-04 1.176008246661457190e-03
4.530641221606721003e-02 4.022835599824747810e-03 4.550506734398842364e-04 1.187768329128071655e-03
4.575947633822788352e-02 3.050101477907670843e-03 4.140482466907111298e-04 1.199646012419352398e-03
4.621707110161016319e-02 3.964119632752135733e-03 4.501822644965111533e-04 1.211642472543545930e-03
4.667924181262626815e-02 3.946582554397102573e-03 4.424992487412573615e-04 1.223758897268981474e-03
4.714603423075253152e-02 3.973832502605401801e-03 4.231364184209585890e-04 1.235996486241671332e-03
4.761749457306005406e-02 2.943652744444727812e-03 3.619128529589911848e-04 1.248356451104088057e-03
4.809366951879065488e-02 3.760824005936732727e-03 4.027140812710285696e-04 1.260840015615128816e-03
4.857460621397855643e-02 4.299810529375458663e-03 4.273216524878790316e-04 1.273448415771279976e-03
4.906035227611834498e-02 3.554883169803991182e-03 3.995406114586210812e-04 1.286182899928992951e-03
4.955095579887952573e-02 3.102676172598997986e-03 3.704047564568053032e-04 1.299044728928282818e-03
5.004646535686832487e-02 2.755359635491446985e-03 3.243016674066147124e-04 1.312035176217565737e-03
5.054693001043701617e-02 2.863785839200819281e-03 3.353886525644567845e-04 1.325155527979741477e-03
5.105239931054138258e-02 3.194142077354817071e-03 3.400588974030997638e-04 1.338407083259538811e-03
5.156292330364679183e-02 2.740190326987477012e-03 3.152156724905888063e-04 1.351791154092134208e-03
5.207855253668326745e-02 2.734498848212312157e-03 3.053413082409643718e-04 1.365309065633055728e-03
5.259933806205009665e-02 3.116810527123029927e-03 3.274874969480092769e-04 1.378962156289386233e-03
5.312533144267059942e-02 2.371758915027325897e-03 2.811404862747399658e-04 1.392751777852279998e-03
5.365658475709730868e-02 2.589488854569643814e-03 3.019503150245286469e-04 1.406679295630802913e-03
5.419315060466827622e-02 2.039617935155528181e-03 2.652479834185560918e-04 1.420746088587110812e-03
5.473508211071495544e-02 1.625941421782854624e-03 2.252183304126148685e-04 1.434953549472981968e-03
5.528243293182211193e-02 1.893685556849760299e-03 2.364371041311490022e-04 1.449303084967711779e-03
5.583525726114033083e-02 1.789478657865644067e-03 2.288498419729051241e-04 1.463796115817388947e-03
5.639360983375173858e-02 1.422214784957490053e-03 2.195903156004600486e-04 1.478434076975562901e-03
5.695754593208925132e-02 1.787810097363648747e-03 2.336481385373975739e-04 1.493218417745318521e-03
5.752712139141014092e-02 1.502805509915660980e-03 2.207265551229589402e-04 1.508150601922771594e-03
5.810239260532423788e-02 1.743224908343910537e-03 2.334607100555897421e-04 1.523232107941999104e-03
5.868341653137748581e-02 1.592647827184176176e-03 2.234179848441010790e-04 1.538464429021419323e-03
5.927025069669127066e-02 1.377262694732813136e-03 2.188031673321825870e-04 1.553849073311633832e-03
5.986295320365817713e-02 1.335998108271416488e-03 1.936978979164106574e-04 1.569387564044749921e-03
6.046158273569476188e-02 1.776658282490255767e-03 2.151697142623381579e-04 1.585081439685197442e-03
6.106619856305171151e-02 1.802668057121822355e-03 2.226223848238547049e-04 1.600932254082049460e-03
6.167686054868222467e-02 1.620060338457380384e-03 2.081668472412434698e-04 1.616941576622869890e-03
6.229362915416905566e-02 1.556005008151140198e-03 1.989469493336872930e-04 1.633110992389098749e-03
6.291656544571075371e-02 1.764343519401716763e-03 2.146179910948448196e-04 1.649442102312989990e-03
6.354573110016785431e-02 1.513958982875536746e-03 1.936029707521864744e-04 1.665936523336119688e-03
6.418118841116952911e-02 1.680365967570428797e-03 2.035314757443003320e-04 1.682595888569480853e-03
6.482300029528123564e-02 1.126477288674569786e-03 1.677378237958981660e-04 1.699421847455175917e-03
6.547123029823403995e-02 1.393864130019557054e-03 1.949808158952773989e-04 1.716416065929727511e-03
6.612594260121637535e-02 1.246804989525705527e-03 1.924479447755222429e-04 1.733580226589024643e-03
6.678720202722854271e-02 1.183814867200736615e-03 1.743706677498595560e-04 1.750916028854914916e-03
6.745507404750082647e-02 1.281580672469703232e-03 1.858661923886106566e-04 1.768425189143464030e-03
6.812962478797583710e-02 1.198274148312724338e-03 1.710118993580916544e-04 1.786109441034898840e-03
6.881092103585559339e-02 1.139255327036594245e-03 1.770562990356252891e-04 1.803970535445247828e-03
6.949903024621414960e-02 1.051392448114141231e-03 1.674356724824949138e-04 1.822010240799700267e-03
7.019402054867629470e-02 6.712167801942754827e-04 1.300499157769702621e-04 1.840230343207697279e-03
7.089596075416305931e-02 9.006722047347439546e-04 1.542061113087884875e-04 1.858632646639774314e-03
7.160492036170468255e-02 1.004118849389882022e-03 1.521356298982349912e-04 1.877218973106171973e-03
7.232096956532173271e-02 8.251141272653147703e-04 1.383141213570588193e-04 1.895991162837233580e-03
7.304417926097495073e-02 9.941918162214619017e-04 1.506323875258333534e-04 1.914951074465606013e-03
7.377462105358470468e-02 8.869957910896400987e-04 1.367183793645716588e-04 1.934100585210262206e-03
7.451236726412055478e-02 7.465663657180704590e-04 1.242949375162307715e-04 1.953441591062365056e-03
7.525749093676176171e-02 9.994534553703043715e-04 1.426283670296265302e-04 1.972976006972988576e-03
7.601006584612937655e-02 7.651151899237661896e-04 1.239889205434843548e-04 1.992705767042718401e-03
7.677016650459067559e-02 6.846853989020201207e-04 1.287325364070044807e-04 2.012632824713145741e-03
7.753786816963659234e-02 6.742302703831567828e-04 1.259826414876360015e-04 2.032759152960277559e-03
7.831324685133295160e-02 4.939545741570158842e-04 1.113461497174729443e-04 2.053086744489879874e-03
7.909637931984628278e-02 6.645717394874633196e-04 1.249572251914870700e-04 2.073617611934778712e-03
7.988734311304473978e-02 5.665923316952621710e-04 1.033446105211964153e-04 2.094353788054126482e-03
8.068621654417518219e-02 5.521008757326835567e-04 1.069785163235230987e-04 2.115297325934667634e-03
8.149307870961694511e-02 3.580552949514422575e-04 1.060823090623374545e-04 2.136450299194014423e-03
8.230800949671310263e-02 5.998291090698392803e-04 1.102287125110358921e-04 2.157814802185954468e-03
8.313108959168023782e-02 4.246476432983343628e-04 9.665835549872771348e-05 2.179392950207813956e-03
8.396240048759703867e-02 5.044641994128570362e-04 1.179568542293014374e-04 2.201186879709892113e-03
8.480202449247301044e-02 4.566525619056080259e-04 9.123923871857035444e-05 2.223198748506991212e-03
8.565004473739774860e-02 3.380656906674381411e-04 8.508923455529307360e-05 2.245430735992061215e-03
8.650654518477171595e-02 4.700535906769459475e-04 9.970466548102462220e-05 2.267885043351981593e-03
8.737161063661944005e-02 3.766232067699226108e-04 9.039531986034874257e-05 2.290563893785501574e-03
8.824532674298563029e-02 5.840164908087544515e-04 1.015701793757833020e-04 2.313469532723356602e-03
8.912778001041549159e-02 5.015678402104026268e-04 9.905687849608456113e-05 2.336604228050590069e-03
9.001905781051965094e-02 3.795888797435710538e-04 8.772122918589306490e-05 2.359970270331096347e-03
9.091924838862484870e-02 3.874154179400332251e-04 9.706771566317710064e-05 2.383569973034407267e-03
9.182844087251110232e-02 2.660871117630834093e-04 6.864640156350254932e-05 2.407405672764751509e-03
9.274672528123620308e-02 4.880315343870199221e-04 9.563787481175166361e-05 2.431479729492398625e-03
9.367419253404857260e-02 3.377595406274175381e-04 7.954945991068999649e-05 2.455794526787322823e-03
9.461093445938906221e-02 2.556898449547067589e-04 7.828031471224739456e-05 2.480352472055196052e-03
9.555704380398294395e-02 2.535475812370407739e-04 6.771103149894765866e-05 2.505155996775748108e-03
9.651261424202278727e-02 3.129809730009861261e-04 7.585199250407958951e-05 2.530207556743505927e-03
9.747774038444301237e-02 1.741776216643153993e-04 7.056073528081362710e-05 2.555509632310940665e-03
9.845251778828745248e-02 2.410833494614090112e-04 7.727167401458540899e-05 2.581064728634050332e-03
9.943704296617031368e-02 1.741569639135194959e-04 6.526171346733708738e-05 2.606875375920390554e-03
1.004314133958320171e-01 3.109109136483024843e-04 7.535476039779320399e-05 2.632944129679594663e-03
