2.810177359318865101e-02 2.159227442949615203e-02 2.848344709430755076e-03 7.367166968214608827e-04
2.838279132912053734e-02 2.278536676495041338e-02 2.860325837124635603e-03 7.440838637896754048e-04
2.866661924241174081e-02 1.874033226428003032e-02 2.562722804079061931e-03 7.515247024275721046e-04
2.895328543483586051e-02 1.978977718020851970e-02 2.453523327010649450e-03 7.590399494518479612e-04
2.924281828918421852e-02 1.848980065151460683e-02 2.347150186917815531e-03 7.666303489463664007e-04
2.953524647207605991e-02 1.393182917646134354e-02 2.078989822168917853e-03 7.742966524358300268e-04
2.983059893679682051e-02 1.508677998374915834e-02 2.075089359223990411e-03 7.820396189601883314e-04
3.012890492616479218e-02 1.345134807791300430e-02 1.846837668709566064e-03 7.898600151497903610e-04
3.043019397542644222e-02 1.308963542837478580e-02 1.814366474867386064e-03 7.977586153012883015e-04
3.073449591518070609e-02 9.662335753627911139e-03 1.490235353232927627e-03 8.057362014543010880e-04
3.104184087433251027e-02 1.023693519760554560e-02 1.619583260010039067e-03 8.137935634688441130e-04
3.135225928307583398e-02 8.750904717055661697e-03 1.428314120002854414e-03 8.219314991035325119e-04
3.166578187590659427e-02 7.379622118229496250e-03 1.520656515798140315e-03 8.301508140945678934e-04
3.198243969466565972e-02 1.112282442567662927e-02 1.506965067900455741e-03 8.384523222355135018e-04
3.230226409161231216e-02 6.660873350381540069e-03 1.185490520682357021e-03 8.468368454578685447e-04
3.262528673252844402e-02 6.180683936273597030e-03 1.127283258506347812e-03 8.553052139124474318e-04
3.295153959985372416e-02 8.381205268029250782e-03 1.294893357797121010e-03 8.638582660515718411e-04
3.328105499585226612e-02 1.076471616941588466e-02 1.344861861506743261e-03 8.724968487120876451e-04
3.361386554581079211e-02 7.606935060211372779e-03 1.097340052404356496e-03 8.812218171992086506e-04
3.395000420126889629e-02 7.548618195164147858e-03 1.066900457627005701e-03 8.900340353712005940e-04
3.428950424328158775e-02 8.023864216491276638e-03 1.091228974236496891e-03 8.989343757249126585e-04
3.463239928571439780e-02 5.690295982455411024e-03 1.003716177851931516e-03 9.079237194821617157e-04
3.497872327857154406e-02 6.903194134651807583e-03 1.064081583116330103e-03 9.170029566769833870e-04
3.532851051135725562e-02 7.048848175666081427e-03 9.978543741265436060e-04 9.261729862437530691e-04
3.568179561647083498e-02 9.477727156929058316e-03 1.105577590099418930e-03 9.354347161061908004e-04
3.603861357263554027e-02 8.041854181083359435e-03 1.049898326839356424e-03 9.447890632672525718e-04
3.639899970836189824e-02 7.425455571991571371e-03 9.596784315070599515e-04 9.542369538999252113e-04
3.676298970544551736e-02 9.313132132789633463e-03 1.015299970183311615e-03 9.637793234389244092e-04
3.713061960249997018e-02 1.026612989419327902e-02 1.097661629659753149e-03 9.734171166733136642e-04
3.750192579852497377e-02 8.166644343973145787e-03 9.276194659299121350e-04 9.831512878400469699e-04
3.787694505651022225e-02 9.585765560428985768e-03 1.000304421467037306e-03 9.929828007184473854e-04
3.825571450707532239e-02 7.802453121141252404e-03 9.036409285026446043e-04 1.002912628725631788e-03
3.863827165214607506e-02 8.800827990446817226e-03 9.100521685144770650e-04 1.012941755012887989e-03
3.902465436866753290e-02 6.433090041857172058e-03 7.941367240772323911e-04 1.023071172563016790e-03
3.941490091235420878e-02 6.255644831421013942e-03 7.722334714487792033e-04 1.033301884288647006e-03
3.980904992147775434e-02 7.795501236656212675e-03 8.179224721401779806e-04 1.043634903131533632e-03
4.020714042069253868e-02 5.530342696720909855e-03 6.604064093386512917e-04 1.054071252162849153e-03
4.060921182489946046e-02 4.653094412085349331e-03 6.375065291276098148e-04 1.064611964684477512e-03
4.101530394314845812e-02 5.237173106875592926e-03 6.327105663692089970e-04 1.075258084331322250e-03
4.142545698257994735e-02 5.078458941798391982e-03 5.979767176705098886e-04 1.086010665174635742e-03
4.183971155240574780e-02 4.739844914600089242e-03 5.660221205858029627e-04 1.096870771826382110e-03
4.225810866792979736e-02 3.789405222959976033e-03 5.014820760828281147e-04 1.107839479544645749e-03
4.268068975460909131e-02 3.859855971480645638e-03 5.337922092628926600e-04 1.118917874340091953e-03
4.310749665215518611e-02 3.141684126993780999e-03 4.635291476655691305e-04 1.130107053083493100e-03
4.353857161867674685e-02 4.417980332259607151e-03 5.238544227046817254e-04 1.141408123614328198e-03
4.397395733486350600e-02 2.194375006891313186e-03 3.556566956859889437e-04 1.152822204850471183e-03
4.441369690821214689e-02 3.785608478416822419e-03 4.676914562947246117e-04 1.164350426898976215e-03
4.485783387729427168e-02 3.177416589337378559e-03 4.132747929916070454e-04 1.175993931167966045e-03
4.530641221606721003e-02 3.508977312532766523e-03 4.251107992301420024e-04 1.187753870479645556e-03
4.575947633822788352e-02 2.990115306300574968e-03 3.888824986369496641e-04 1.199631409184442020e-03
4.621707110161016319e-02 4.289159401202416629e-03 4.761859312630983831e-04 1.211627723276286579e-03
4.667924181262626815e-02 3.595483303286445883e-03 4.270610985119416151e-04 1.223744000509049534e-03
4.714603423075253152e-02 3.217334542663556098e-03 3.933761269938983304e-04 1.235981440514139851e-03
4.761749457306005406e-02 3.835238765885254884e-03 4.130776444199073315e-04 1.248341254919281247e-03
4.809366951879065488e-02 3.418460926458884337e-03 3.841406360676724824e-04 1.260824667468474171e-03
4.857460621397855643e-02 4.045444982292194236e-03 4.145442289881703653e-04 1.273432914143158646e-03
4.906035227611834498e-02 4.672272725037738064e-03 4.409499924014831439e-04 1.286167243284590343e-03
4.955095579887952573e-02 3.468244148869318016e-03 4.034737646063178804e-04 1.299028915717436155e-03
5.004646535686832487e-02 3.468757291952485455e-03 3.706412745225745446e-04 1.312019204874610755e-03
5.054693001043701617e-02 4.582639690438193060e-03 4.172199087505316169e-04 1.325139396923356947e-03
5.105239931054138258e-02 2.795406620181743046e-03 3.181566677107508880e-04 1.338390790892590417e-03
5.156292330364679183e-02 2.679369963958659010e-03 3.210733059369287384e-04 1.351774698801516249e-03
5.207855253668326745e-02 2.427782317234447335e-03 2.877612262987275715e-04 1.365292445789531529e-03
5.259933806205009665e-02 2.064467246863346123e-03 2.618641329892394654e-04 1.378945370247426812e-03
5.312533144267059942e-02 1.937180772302998398e-03 2.540610016097778279e-04 1.392734823949901219e-03
5.365658475709730868e-02 2.164751327511091079e-03 2.702894924132151293e-04 1.406662172189400255e-03
5.419315060466827622e-02 2.118197867171521705e-03 2.807806775070344749e-04 1.420728793911294136e-03
5.473508211071495544e-02 2.253345177528957594e-03 2.652546184190522735e-04 1.434936081850407032e-03
5.528243293182211193e-02 1.456920123925093064e-03 2.172579469609167149e-04 1.449285442668911102e-03
5.583525726114033083e-02 1.673757388403875361e-03 2.214344508398906829e-04 1.463778297095600289e-03
5.639360983375173858e-02 1.834906566738704441e-03 2.309046442119550588e-04 1.478416080066556441e-03
5.695754593208925132e-02 1.591386322320639552e-03 2.300625113137212696e-04 1.493200240867221867e-03
5.752712139141014092e-02 1.809491130943642742e-03 2.423473669642184141e-04 1.508132243275893923e-03
5.810239260532423788e-02 2.027498931908892042e-03 2.570258021189251270e-04 1.523213565708652706e-03
5.868341653137748581e-02 1.576277142296815450e-03 2.166344432598023707e-04 1.538445701365739405e-03
5.927025069669127066e-02 1.943123560985622047e-03 2.287094001987352435e-04 1.553830158379397022e-03
5.986295320365817713e-02 1.795910305713657685e-03 2.175031568816128652e-04 1.569368459963190821e-03
6.046158273569476188e-02 2.168372542235914597e-03 2.376985518702516185e-04 1.585062144562822796e-03
6.106619856305171151e-02 1.551429748655067846e-03 2.017147739481562686e-04 1.600912766008451239e-03
6.167686054868222467e-02 1.757304690560419292e-03 2.112772125855424347e-04 1.616921893668535554e-03
6.229362915416905566e-02 1.429648914103512011e-03 1.907735612425814464e-04 1.633091112605221081e-03
6.291656544571075371e-02 1.435067836222262165e-03 2.071817511717312832e-04 1.649422023731273671e-03
6.354573110016785431e-02 1.961172764422565787e-03 2.203768138403920966e-04 1.665916243968586143e-03
6.418118841116952911e-02 1.655820462332895397e-03 2.020488624784846010e-04 1.682575406408272009e-03
6.482300029528123564e-02 1.101613782074135472e-03 1.658878921371595633e-04 1.699401160472354929e-03
6.547123029823403995e-02 1.006528634640025451e-03 1.870820001145315215e-04 1.716395172077078181e-03
6.612594260121637535e-02 1.273640264774709681e-03 1.943043796259460911e-04 1.733559123797848893e-03
6.678720202722854271e-02 9.335132140486750163e-04 1.648558725344374083e-04 1.750894715035827441e-03
6.745507404750082647e-02 1.190194435365166982e-03 1.734354680534694315e-04 1.768403662186185648e-03
6.812962478797583710e-02 7.596999218085357178e-04 1.656746090078418097e-04 1.786087698808047674e-03
6.881092103585559339e-02 9.897148781109195263e-04 1.544102210727547550e-04 1.803948575796128105e-03
6.949903024621414960e-02 1.092956360564702406e-03 1.592605822036130005e-04 1.821988061554089379e-03
7.019402054867629470e-02 9.437790059120980185e-04 1.519613521609582086e-04 1.840207942169630245e-03
7.089596075416305931e-02 1.071995861135622728e-03 1.588258665643468891e-04 1.858610021591326723e-03
7.160492036170468255e-02 1.034405575788221966e-03 1.491386045968471632e-04 1.877196121807239671e-03
7.232096956532173271e-02 8.308509988460591970e-04 1.464896370894924076e-04 1.895968083025312148e-03
7.304417926097495073e-02 7.254580402946585660e-04 1.242784448991433421e-04 1.914927763855565467e-03
7.377462105358470468e-02 9.929361809351449405e-04 1.446783791448647276e-04 1.934077041494121265e-03
7.451236726412055478e-02 1.284996777466673127e-03 1.630205852655519454e-04 1.953417811909062378e-03
7.525749093676176171e-02 6.007805807413167751e-04 1.304583990203401697e-04 1.972951990028152906e-03
7.601006584612937655e-02 8.917427753120364155e-04 1.410096962418965112e-04 1.992681509928434600e-03
7.677016650459067559e-02 8.452208944835395803e-04 1.287624969532804317e-04 2.012608325027719081e-03
7.753786816963659234e-02 6.500378410626111688e-04 1.130426875941763996e-04 2.032734408277996497e-03
7.831324685133295160e-02 3.941469193396108443e-04 9.356220330979702683e-05 2.053061752360776232e-03
7.909637931984628278e-02 7.477398324460861074e-04 1.263338952135943465e-04 2.073592369884383942e-03
7.988734311304473978e-02 6.539293437822042351e-04 1.163311356754475695e-04 2.094328293583227942e-03
8.068621654417518219e-02 5.412886135405732850e-04 1.004167914854782814e-04 2.115271576519060087e-03
8.149307870961694511e-02 4.920055976341405294e-04 1.043600549179878517e-04 2.136424292284250671e-03
8.230800949671310263e-02 4.230801226709868072e-04 8.813200459783249326e-05 2.157788535207092948e-03
8.313108959168023782e-02 4.431336702911185224e-04 9.841533836216627374e-05 2.179366420559164172e-03
8.396240048759703867e-02 6.471994172449008426e-04 1.133604385557075494e-04 2.201160084764755727e-03
8.480202449247301044e-02 7.123101823882019420e-04 1.139469446625921789e-04 2.223171685612403137e-03
8.565004473739774860e-02 6.413198095033187645e-04 1.150419942688693970e-04 2.245403402468527671e-03
8.650654518477171595e-02 5.191168051989687206e-04 9.630466645992569023e-05 2.267857436493212527e-03
8.737161063661944005e-02 5.672259880005471296e-04 1.001770888075538264e-04 2.290536010858144813e-03
8.824532674298563029e-02 4.602393705718561693e-04 9.017687308505095093e-05 2.313441370966726369e-03
8.912778001041549159e-02 2.982575970925807965e-04 7.227416000304750653e-05 2.336575784676393763e-03
9.001905781051965094e-02 2.987642134026693161e-04 7.239819493113653357e-05 2.359941542523157423e-03
9.091924838862484870e-02 3.057978275040123747e-04 8.319494624966299284e-05 2.383540957948389414e-03
9.182844087251110232e-02 3.483351738532457827e-04 8.508728893001234173e-05 2.407376367527873286e-03
9.274672528123620308e-02 1.921296116750769660e-04 7.269217694558597882e-05 2.431450131203151573e-03
9.367419253404857260e-02 2.909387584309319069e-04 9.401245565110089605e-05 2.455764632515183496e-03
9.461093445938906221e-02 3.338213905972269675e-04 8.403910428913612368e-05 2.480322278840335452e-03
9.555704380398294395e-02 4.351215348970092372e-04 8.875011672546088298e-05 2.505125501628738521e-03
9.651261424202278727e-02 1.841841015426615104e-04 5.820089102053976540e-05 2.530176756645026014e-03
9.747774038444301237e-02 4.599578141952588356e-04 1.127623348447391778e-04 2.555478524211476227e-03
9.845251778828745248e-02 2.912568482282451750e-04 7.276065517703746155e-05 2.581033309453591596e-03
9.943704296617031368e-02 1.632528662388701458e-04 5.437833672551461832e-05 2.606843642548126866e-03
1.004314133958320171e-01 2.673499896615596843e-04 7.754925428180217001e-05 2.632912078973608308e-03
