2.810177359318865101e-02 1.908651506646332971e-02 2.686323878447444569e-03 7.367256649485903622e-04
2.838279132912053734e-02 2.051541683159601587e-02 2.647359866891561310e-03 7.440929215980761910e-04
2.866661924241174081e-02 2.325579156751874169e-02 2.904190726341037299e-03 7.515338508140569865e-04
2.895328543483586051e-02 1.461380168291617765e-02 2.108371052624829784e-03 7.590491893221975976e-04
2.924281828918421852e-02 1.637759511562744338e-02 2.207358349762512332e-03 7.666396812154195259e-04
2.953524647207605991e-02 1.395142829202583937e-02 2.081909991134391416e-03 7.743060780275736561e-04
2.983059893679682051e-02 1.501410986985851972e-02 1.987758265057303856e-03 7.820491388078494848e-04
3.012890492616479218e-02 1.397059403748831738e-02 1.882931739269138325e-03 7.898696301959280035e-04
3.043019397542644222e-02 1.011475992735593257e-02 1.686147895565289065e-03 7.977683264978873432e-04
3.073449591518070609e-02 1.104681633060379704e-02 1.593724646055525189e-03 8.057460097628661678e-04
3.104184087433251027e-02 1.017455978317327592e-02 1.533107615705349034e-03 8.138034698604947915e-04
3.135225928307583398e-02 9.616004199205862787e-03 1.492394510331819957e-03 8.219415045590997655e-04
3.166578187590659427e-02 8.248088602677176168e-03 1.346315320889779864e-03 8.301609196046907165e-04
3.198243969466565972e-02 8.936773446649866684e-03 1.380088237111897842e-03 8.384625288007376779e-04
3.230226409161231216e-02 8.668443395084974787e-03 1.291561836749620211e-03 8.468471540887448747e-04
3.262528673252844402e-02 7.394205629797710559e-03 1.154191127496431973e-03 8.553156256296325652e-04
3.295153959985372416e-02 7.203789352903921736e-03 1.110976673744575602e-03 8.638687818859287814e-04
3.328105499585226612e-02 8.449526941357631341e-03 1.247063841658497749e-03 8.725074697047882069e-04
3.361386554581079211e-02 6.536673514792042984e-03 1.074877790716386805e-03 8.812325444018362418e-04
3.395000420126889629e-02 8.301768027787719342e-03 1.118746340829326674e-03 8.900448698458545164e-04
3.428950424328158775e-02 8.915331822271915785e-03 1.150244325258000140e-03 8.989453185443130583e-04
3.463239928571439780e-02 8.057587323218083977e-03 1.085773415652641592e-03 9.079347717297560523e-04
3.497872327857154406e-02 7.912505490298404540e-03 1.029413277963899150e-03 9.170141194470536605e-04
3.532851051135725562e-02 8.192811259340002095e-03 1.031463796157567432e-03 9.261842606415241321e-04
3.568179561647083498e-02 9.888032298768943337e-03 1.104693974236751943e-03 9.354461032479395371e-04
3.603861357263554027e-02 7.222198572290789396e-03 1.003285113862184249e-03 9.448005642804188121e-04
3.639899970836189824e-02 1.008906031028063317e-02 1.158272340516429411e-03 9.542485699232230783e-04
3.676298970544551736e-02 6.616414898369765013e-03 8.801306487639527342e-04 9.637910556224552928e-04
3.713061960249997018e-02 8.108707451129385305e-03 9.355207939383205920e-04 9.734289661786798458e-04
3.750192579852497377e-02 8.442268521353626237e-03 9.508103386977335546e-04 9.831632558404666562e-04
3.787694505651022225e-02 8.524993827374564501e-03 9.384887337526363589e-04 9.929948883988712598e-04
3.825571450707532239e-02 9.265870215955150299e-03 9.616959170953245277e-04 1.002924837282860105e-03
3.863827165214607506e-02 6.925012172771046956e-03 7.936347660335788933e-04 1.012954085655688643e-03
3.902465436866753290e-02 7.862636551304175159e-03 8.326750817963346311e-04 1.023083626512245447e-03
3.941490091235420878e-02 8.155237542759425154e-03 8.359443323543593431e-04 1.033314462777367880e-03
3.980904992147775434e-02 5.582382364871201277e-03 7.078321053182587072e-04 1.043647607405141569e-03
4.020714042069253868e-02 5.528807739361301515e-03 6.602222243626428531e-04 1.054084083479193230e-03
4.060921182489946046e-02 4.850373971824791484e-03 6.637561263825667848e-04 1.064624924313985069e-03
4.101530394314845812e-02 4.005313552797305256e-03 5.881900712572687940e-04 1.075271173557125091e-03
4.142545698257994735e-02 4.884992990689206345e-03 6.065438575631776656e-04 1.086023885292696336e-03
4.183971155240574780e-02 4.603829408669669540e-03 5.578061105968776766e-04 1.096884124145623479e-03
4.225810866792979736e-02 3.979722249866052101e-03 5.479442749497222482e-04 1.107852965387079404e-03
4.268068975460909131e-02 4.209322338202432789e-03 5.176787829227683232e-04 1.118931495040950165e-03
4.310749665215518611e-02 4.165558350645332843e-03 5.226920941297618761e-04 1.130120809991359658e-03
4.353857161867674685e-02 3.062977088716876007e-03 4.568795082738778888e-04 1.141422018091273497e-03
4.397395733486350600e-02 3.192663659872885598e-03 4.474392103229068735e-04 1.152836238272186018e-03
4.441369690821214689e-02 3.200609702128904156e-03 4.198766439739947515e-04 1.164364600654907954e-03
4.485783387729427168e-02 3.154094641924069971e-03 4.232756953845832784e-04 1.176008246661457190e-03
4.530641221606721003e-02 3.899742462795671022e-03 4.579235506046101366e-04 1.187768329128071655e-03
4.575947633822788352e-02 3.597908946555046939e-03 4.265575613011308347e-04 1.199646012419352398e-03
4.621707110161016319e-02 3.551596083897317225e-03 4.365376928911613558e-04 1.211642472543545930e-03
4.667924181262626815e-02 3.660541060667195021e-03 4.268520226247880822e-04 1.223758897268981474e-03
4.714603423075253152e-02 3.125442594349102463e-03 3.930921541163428395e-04 1.235996486241671332e-03
4.761749457306005406e-02 3.936718582149674461e-03 4.298296317791082031e-04 1.248356451104088057e-03
4.809366951879065488e-02 3.804716457559136934e-03 4.050932232916758182e-04 1.260840015615128816e-03
4.857460621397855643e-02 4.045090956967862042e-03 4.145079868954963079e-04 1.273448415771279976e-03
4.906035227611834498e-02 3.129858293487896431e-03 3.609636146036158911e-04 1.286182899928992951e-03
4.955095579887952573e-02 3.734964118345661735e-03 4.178806036536830064e-04 1.299044728928282818e-03
5.004646535686832487e-02 3.429501729275357715e-03 3.685601261076814077e-04 1.312035176217565737e-03
5.054693001043701617e-02 3.285140190906392452e-03 3.551021341758288570e-04 1.325155527979741477e-03
5.105239931054138258e-02 2.693716326849428244e-03 3.261500493976229680e-04 1.338407083259538811e-03
5.156292330364679183e-02 3.342165718838665481e-03 3.551794015658305643e-04 1.351791154092134208e-03
5.207855253668326745e-02 1.784583437397333589e-03 2.620896297609349871e-04 1.365309065633055728e-03
5.259933806205009665e-02 2.664420572571254975e-03 2.975233725340813867e-04 1.378962156289386233e-03
5.312533144267059942e-02 2.472414950322945372e-03 2.870696770954420910e-04 1.392751777852279998e-03
5.365658475709730868e-02 2.091284828173293944e-03 2.826188071593414234e-04 1.406679295630802913e-03
5.419315060466827622e-02 2.247434122569150552e-03 2.784579905423426689e-04 1.420746088587110812e-03
5.473508211071495544e-02 2.020288739854897691e-03 2.575176249268018428e-04 1.434953549472981968e-03
5.528243293182211193e-02 1.842223546496336286e-03 2.420702945302956246e-04 1.449303084967711779e-03
5.583525726114033083e-02 1.748715296207368607e-03 2.325382471112023928e-04 1.463796115817388947e-03
5.639360983375173858e-02 1.601551702915674337e-03 2.156993716214100458e-04 1.478434076975562901e-03
5.695754593208925132e-02 1.799738564544028007e-03 2.283033700272058832e-04 1.493218417745318521e-03
5.752712139141014092e-02 1.439717466092452908e-03 2.033685270304968486e-04 1.508150601922771594e-03
5.810239260532423788e-02 2.059755644741541325e-03 2.463637995769708084e-04 1.523232107941999104e-03
5.868341653137748581e-02 1.784307561745052551e-03 2.379750421537492116e-04 1.538464429021419323e-03
5.927025069669127066e-02 1.635200094674609580e-03 2.155273174038173389e-04 1.553849073311633832e-03
5.986295320365817713e-02 1.954165732253679462e-03 2.268717304154293829e-04 1.569387564044749921e-03
6.046158273569476188e-02 1.835770413070460239e-03 2.261076417526633215e-04 1.585081439685197442e-03
6.106619856305171151e-02 2.076326933119471314e-03 2.332995033677254216e-04 1.600932254082049460e-03
6.167686054868222467e-02 1.859823933501475370e-03 2.173908936647565935e-04 1.616941576622869890e-03
6.229362915416905566e-02 1.465868472126810032e-03 2.116116460265371198e-04 1.633110992389098749e-03
6.291656544571075371e-02 1.389774145283513606e-03 1.916596668223926616e-04 1.649442102312989990e-03
6.354573110016785431e-02 1.236213899248075855e-03 1.918525084491402724e-04 1.665936523336119688e-03
6.418118841116952911e-02 1.260497360284915363e-03 1.762946493811629544e-04 1.682595888569480853e-03
6.482300029528123564e-02 1.001496171007511260e-03 1.581732177308417433e-04 1.699421847455175917e-03
6.547123029823403995e-02 1.400915750586000878e-03 2.044648491468002238e-04 1.716416065929727511e-03
6.612594260121637535e-02 1.040761026403189821e-03 1.744844298401055174e-04 1.733580226589024643e-03
6.678720202722854271e-02 9.678115454369156387e-04 1.645703513675653921e-04 1.750916028854914916e-03
6.745507404750082647e-02 9.778221353965227056e-04 1.639303541567871869e-04 1.768425189143464030e-03
6.812962478797583710e-02 1.174028523462736402e-03 1.692879628289171881e-04 1.786109441034898840e-03
6.881092103585559339e-02 1.279472970942947601e-03 1.755705157332607591e-04 1.803970535445247828e-03
6.949903024621414960e-02 1.070192267307064696e-03 1.576292495117984343e-04 1.822010240799700267e-03
7.019402054867629470e-02 7.768003894854413113e-04 1.416034729056215289e-04 1.840230343207697279e-03
7.089596075416305931e-02 9.041324602422636620e-04 1.410492822553711457e-04 1.858632646639774314e-03
7.160492036170468255e-02 1.031236793314926816e-03 1.611304689432669734e-04 1.877218973106171973e-03
7.232096956532173271e-02 1.065784461089820364e-03 1.626763447875888052e-04 1.895991162837233580e-03
7.304417926097495073e-02 1.008237917584966711e-03 1.537965496707623461e-04 1.914951074465606013e-03
7.377462105358470468e-02 1.013892211267890080e-03 1.461842334765428629e-04 1.934100585210262206e-03
7.451236726412055478e-02 8.835945916611613864e-04 1.404654718878523521e-04 1.953441591062365056e-03
7.525749093676176171e-02 9.384357421835151083e-04 1.382182570775705320e-04 1.972976006972988576e-03
7.601006584612937655e-02 9.183038008267644737e-04 1.407633774922164075e-04 1.992705767042718401e-03
7.677016650459067559e-02 6.877496430361129415e-04 1.161316133339856672e-04 2.012632824713145741e-03
7.753786816963659234e-02 7.295589735876022988e-04 1.198175325723851401e-04 2.032759152960277559e-03
7.831324685133295160e-02 5.465994176241985043e-04 1.079372680157616500e-04 2.053086744489879874e-03
7.909637931984628278e-02 4.672853971128688565e-04 1.113081383111774378e-04 2.073617611934778712e-03
7.988734311304473978e-02 5.402475171590906096e-04 1.066860719350581584e-04 2.094353788054126482e-03
8.068621654417518219e-02 5.223507878422721995e-04 9.861867960795135961e-05 2.115297325934667634e-03
8.149307870961694511e-02 6.412386929740731189e-04 1.198220373628179370e-04 2.136450299194014423e-03
8.230800949671310263e-02 5.336848977965798994e-04 9.900585839006413927e-05 2.157814802185954468e-03
8.313108959168023782e-02 4.932208862817167964e-04 9.482726777548492359e-05 2.179392950207813956e-03
8.396240048759703867e-02 4.581892993336051170e-04 1.026218327035552033e-04 2.201186879709892113e-03
8.480202449247301044e-02 6.869273740175736850e-04 1.168069483401358100e-04 2.223198748506991212e-03
8.565004473739774860e-02 7.425990817385461984e-04 1.271545745932200458e-04 2.245430735992061215e-03
8.650654518477171595e-02 4.343170090228855025e-04 9.645854995095753937e-05 2.267885043351981593e-03
8.737161063661944005e-02 5.247107702314852094e-04 1.016739535833301921e-04 2.290563893785501574e-03
8.824532674298563029e-02 4.071140069337143776e-04 8.481061363444850737e-05 2.313469532723356602e-03
8.912778001041549159e-02 4.253561193808506891e-04 9.447672702200182661e-05 2.336604228050590069e-03
9.001905781051965094e-02 4.851159073704582221e-04 9.771487028199128124e-05 2.359970270331096347e-03
9.091924838862484870e-02 2.305387037286559090e-04 6.388539279200815019e-05 2.383569973034407267e-03
9.182844087251110232e-02 3.371066982885890010e-04 7.727305223218068825e-05 2.407405672764751509e-03
9.274672528123620308e-02 2.928708674962476129e-04 8.168446095031049975e-05 2.431479729492398625e-03
9.367419253404857260e-02 4.316593829293775332e-04 8.993785691016278503e-05 2.455794526787322823e-03
9.461093445938906221e-02 2.691949573753588923e-04 6.945208900135869023e-05 2.480352472055196052e-03
9.555704380398294395e-02 4.347301050168862801e-04 8.867027823236969624e-05 2.505155996775748108e-03
9.651261424202278727e-02 2.577911881483312779e-04 6.884629578480602904e-05 2.530207556743505927e-03
9.747774038444301237e-02 2.561354079162060757e-04 7.750364166004282786e-05 2.555509632310940665e-03
9.845251778828745248e-02 2.520445083074904333e-04 8.533780183927275407e-05 2.581064728634050332e-03
9.943704296617031368e-02 1.270119811240732414e-04 4.797135984090086309e-05 2.606875375920390554e-03
1.004314133958320171e-01 1.829259002431574057e-04 5.780545570073918082e-05 2.632944129679594663e-03
