2.810177359318865101e-02 1.980932809210689607e-02 2.734551250426587015e-03 7.367256649485903622e-04
2.838279132912053734e-02 2.052641599019286445e-02 2.648781152303534593e-03 7.440929215980761910e-04
2.866661924241174081e-02 1.955597082720200719e-02 2.544863603790784804e-03 7.515338508140569865e-04
2.895328543483586051e-02 1.248931048259698667e-02 1.949623415729992469e-03 7.590491893221975976e-04
2.924281828918421852e-02 1.388377376289859876e-02 2.104919421192568904e-03 7.666396812154195259e-04
2.953524647207605991e-02 1.728916775587169621e-02 2.212650431668985746e-03 7.743060780275736561e-04
2.983059893679682051e-02 1.554927277971125503e-02 2.023418136888545556e-03 7.820491388078494848e-04
3.012890492616479218e-02 1.016590096921985223e-02 1.606630492494326087e-03 7.898696301959280035e-04
3.043019397542644222e-02 1.030877270492845665e-02 1.609213399422995293e-03 7.977683264978873432e-04
3.073449591518070609e-02 1.197376746071728525e-02 1.659690068894580052e-03 8.057460097628661678e-04
3.104184087433251027e-02 8.930957322758488123e-03 1.497994147152573218e-03 8.138034698604947915e-04
3.135225928307583398e-02 1.070019494728922417e-02 1.569108966213961101e-03 8.219415045590997655e-04
3.166578187590659427e-02 6.707710827441096951e-03 1.167100013526638268e-03 8.301609196046907165e-04
3.198243969466565972e-02 8.119883520745748220e-03 1.252313850671645228e-03 8.384625288007376779e-04
3.230226409161231216e-02 8.865830166018081118e-03 1.306535090100342062e-03 8.468471540887448747e-04
3.262528673252844402e-02 9.428154006768290143e-03 1.362368436916403316e-03 8.553156256296325652e-04
3.295153959985372416e-02 9.781836975004480281e-03 1.294945809731230888e-03 8.638687818859287814e-04
3.328105499585226612e-02 9.589657511744290735e-03 1.269494074044660295e-03 8.725074697047882069e-04
3.361386554581079211e-02 7.491491774534774287e-03 1.143355930230328292e-03 8.812325444018362418e-04
3.395000420126889629e-02 8.457266695113860311e-03 1.129478741406323653e-03 8.900448698458545164e-04
3.428950424328158775e-02 6.838768523706692005e-03 1.007689780467325080e-03 8.989453185443130583e-04
3.463239928571439780e-02 1.000405421903802564e-02 1.252096195317419641e-03 9.079347717297560523e-04
3.497872327857154406e-02 7.192156998827010581e-03 1.012002648478586278e-03 9.170141194470536605e-04
3.532851051135725562e-02 8.620085524171438446e-03 1.096069421135585252e-03 9.261842606415241321e-04
3.568179561647083498e-02 9.472889363560773462e-03 1.105011548973145082e-03 9.354461032479395371e-04
3.603861357263554027e-02 8.966484914007335355e-03 1.057935405172980318e-03 9.448005642804188121e-04
3.639899970836189824e-02 9.615168557009274100e-03 1.082986262705866367e-03 9.542485699232230783e-04
3.676298970544551736e-02 8.841438933005842798e-03 1.010840552742048792e-03 9.637910556224552928e-04
3.713061960249997018e-02 8.502451784399699120e-03 9.784901065918115946e-04 9.734289661786798458e-04
3.750192579852497377e-02 6.011699341373377171e-03 8.114000125725638569e-04 9.831632558404666562e-04
3.787694505651022225e-02 7.772284432108461823e-03 8.792502562074871238e-04 9.929948883988712598e-04
3.825571450707532239e-02 9.609262347556971409e-03 1.002915927523139730e-03 1.002924837282860105e-03
3.863827165214607506e-02 8.569758181449062609e-03 8.831031772342495118e-04 1.012954085655688643e-03
3.902465436866753290e-02 7.513290199256579711e-03 8.141852816094880462e-04 1.023083626512245447e-03
3.941490091235420878e-02 7.043017428429485839e-03 7.770609978109958198e-04 1.033314462777367880e-03
3.980904992147775434e-02 6.998099701880323639e-03 8.057703456963913585e-04 1.043647607405141569e-03
4.020714042069253868e-02 5.334217500139869228e-03 6.933813261029688141e-04 1.054084083479193230e-03
4.060921182489946046e-02 5.451083539596919894e-03 6.418347993103672242e-04 1.064624924313985069e-03
4.101530394314845812e-02 4.285320915029418136e-03 5.751080765498103918e-04 1.075271173557125091e-03
4.142545698257994735e-02 4.940547226041066935e-03 5.899909063579428887e-04 1.086023885292696336e-03
4.183971155240574780e-02 4.511466028172735412e-03 5.660920035250655751e-04 1.096884124145623479e-03
4.225810866792979736e-02 3.991838318324954227e-03 5.148954989502321734e-04 1.107852965387079404e-03
4.268068975460909131e-02 4.048865606871152739e-03 5.520797821332191092e-04 1.118931495040950165e-03
4.310749665215518611e-02 3.879924044471366133e-03 4.923228017933073191e-04 1.130120809991359658e-03
4.353857161867674685e-02 3.920216097909351438e-03 4.934650253853828210e-04 1.141422018091273497e-03
4.397395733486350600e-02 4.047172030880904527e-03 4.832975182283703094e-04 1.152836238272186018e-03
4.441369690821214689e-02 3.533604045162861383e-03 4.412970353416037755e-04 1.164364600654907954e-03
4.485783387729427168e-02 4.480569281209304325e-03 5.101863962912875838e-04 1.176008246661457190e-03
4.530641221606721003e-02 2.903163382592575514e-03 4.029114083735132199e-04 1.187768329128071655e-03
4.575947633822788352e-02 4.035879904103216800e-03 4.613347104215601057e-04 1.199646012419352398e-03
4.621707110161016319e-02 3.789752834811387083e-03 4.314270375487367043e-04 1.211642472543545930e-03
4.667924181262626815e-02 4.398826076443006217e-03 4.581076474436528048e-04 1.223758897268981474e-03
4.714603423075253152e-02 3.569969882873575123e-03 4.012020337327403680e-04 1.235996486241671332e-03
4.761749457306005406e-02 4.356159155696291869e-03 4.479379710610497983e-04 1.248356451104088057e-03
4.809366951879065488e-02 3.374171835741997770e-03 3.815874926464029649e-04 1.260840015615128816e-03
4.857460621397855643e-02 3.412480990816327709e-03 4.105291941824679288e-04 1.273448415771279976e-03
4.906035227611834498e-02 2.714016318248929898e-03 3.362203691887987031e-04 1.286182899928992951e-03
4.955095579887952573e-02 3.841170999239341532e-03 4.202047905146337643e-04 1.299044728928282818e-03
5.004646535686832487e-02 3.255183598162260643e-03 3.526168063100866643e-04 1.312035176217565737e-03
5.054693001043701617e-02 3.598523800140401158e-03 3.648988612239382492e-04 1.325155527979741477e-03
5.105239931054138258e-02 2.535345224958446449e-03 3.242220529342433469e-04 1.338407083259538811e-03
5.156292330364679183e-02 3.160805146979974670e-03 3.377451558761169993e-04 1.351791154092134208e-03
5.207855253668326745e-02 2.497017671663134212e-03 2.918856351005143625e-04 1.365309065633055728e-03
5.259933806205009665e-02 2.340946674537532600e-03 2.883503194600040118e-04 1.378962156289386233e-03
5.312533144267059942e-02 2.406899220075824856e-03 2.833167814439861622e-04 1.392751777852279998e-03
5.365658475709730868e-02 1.962157402278205936e-03 2.573529736306951355e-04 1.406679295630802913e-03
5.419315060466827622e-02 1.876751265713777440e-03 2.655781761754881357e-04 1.420746088587110812e-03
5.473508211071495544e-02 2.002586950112622468e-03 2.500358053819782449e-04 1.434953549472981968e-03
5.528243293182211193e-02 1.746987454529745848e-03 2.271756692781598357e-04 1.449303084967711779e-03
5.583525726114033083e-02 2.131285232344301474e-03 2.555567445266815080e-04 1.463796115817388947e-03
5.639360983375173858e-02 1.631545483891275444e-03 2.177683182655723636e-04 1.478434076975562901e-03
5.695754593208925132e-02 1.887833920677807215e-03 2.338870682220297020e-04 1.493218417745318521e-03
5.752712139141014092e-02 1.745902365334477428e-03 2.301385504475831961e-04 1.508150601922771594e-03
5.810239260532423788e-02 1.959555964221960933e-03 2.384094483553396990e-04 1.523232107941999104e-03
5.868341653137748581e-02 1.735681065663150467e-03 2.184004894717665268e-04 1.538464429021419323e-03
5.927025069669127066e-02 1.744072543596237625e-03 2.222840347216592245e-04 1.553849073311633832e-03
5.986295320365817713e-02 2.272280746323030072e-03 2.447075608643452423e-04 1.569387564044749921e-03
6.046158273569476188e-02 1.845908422012839441e-03 2.245616550202025950e-04 1.585081439685197442e-03
6.106619856305171151e-02 1.945959351830690376e-03 2.259173232533668761e-04 1.600932254082049460e-03
6.167686054868222467e-02 1.414742605083180909e-03 2.054413783668253117e-04 1.616941576622869890e-03
6.229362915416905566e-02 1.895363883381852212e-03 2.266596430787127712e-04 1.633110992389098749e-03
6.291656544571075371e-02 1.437927528990654317e-03 2.046013312771785965e-04 1.649442102312989990e-03
6.354573110016785431e-02 1.198376160438447595e-03 1.806976758385658648e-04 1.665936523336119688e-03
6.418118841116952911e-02 1.656825915580488603e-03 2.021730708942045868e-04 1.682595888569480853e-03
6.482300029528123564e-02 1.308896529633310013e-03 1.890206213950002369e-04 1.699421847455175917e-03
6.547123029823403995e-02 1.046153298672626315e-03 1.792942927416184978e-04 1.716416065929727511e-03
6.612594260121637535e-02 9.468990705521257347e-04 1.868861699780928118e-04 1.733580226589024643e-03
6.678720202722854271e-02 9.850717028502789692e-04 1.688319764127987964e-04 1.750916028854914916e-03
6.745507404750082647e-02 9.377957491563704588e-04 1.540196294564349228e-04 1.768425189143464030e-03
6.812962478797583710e-02 1.321491938550794750e-03 1.796535156313782756e-04 1.786109441034898840e-03
6.881092103585559339e-02 1.038619013936145814e-03 1.582270996127394316e-04 1.803970535445247828e-03
6.949903024621414960e-02 7.506997029085286542e-04 1.415657861332451613e-04 1.822010240799700267e-03
7.019402054867629470e-02 9.077071495359070961e-04 1.433701560457886542e-04 1.840230343207697279e-03
7.089596075416305931e-02 8.163678025354287630e-04 1.340647151742834918e-04 1.858632646639774314e-03
7.160492036170468255e-02 8.560519964648373274e-04 1.612496944355883252e-04 1.877218973106171973e-03
7.232096956532173271e-02 9.626105210993459935e-04 1.433394493614330778e-04 1.895991162837233580e-03
7.304417926097495073e-02 7.472443346281691309e-04 1.261686674310367779e-04 1.914951074465606013e-03
7.377462105358470468e-02 1.014428246555738877e-03 1.462621706864507352e-04 1.934100585210262206e-03
7.451236726412055478e-02 7.066339395038568954e-04 1.450293997381555506e-04 1.953441591062365056e-03
7.525749093676176171e-02 6.991062546859790235e-04 1.274384541480481697e-04 1.972976006972988576e-03
7.601006584612937655e-02 6.850689095424829364e-04 1.173658697364632000e-04 1.992705767042718401e-03
7.677016650459067559e-02 7.471047759632271123e-04 1.210717264398523978e-04 2.012632824713145741e-03
7.753786816963659234e-02 6.826021525384428495e-04 1.214271764195903500e-04 2.032759152960277559e-03
7.831324685133295160e-02 7.428919695499456178e-04 1.309949223528291231e-04 2.053086744489879874e-03
7.909637931984628278e-02 5.581814609258003903e-04 1.112659451984999938e-04 2.073617611934778712e-03
7.988734311304473978e-02 4.724980185392597693e-04 9.440776313414802961e-05 2.094353788054126482e-03
8.068621654417518219e-02 7.279513676618326297e-04 1.164517303811413911e-04 2.115297325934667634e-03
8.149307870961694511e-02 6.941106799994818059e-04 1.139995531168286151e-04 2.136450299194014423e-03
8.230800949671310263e-02 6.416867787329054527e-04 1.206543933282591506e-04 2.157814802185954468e-03
8.313108959168023782e-02 4.313442552658651495e-04 9.480829200330607434e-05 2.179392950207813956e-03
8.396240048759703867e-02 5.202880454694064957e-04 1.027413157284189115e-04 2.201186879709892113e-03
8.480202449247301044e-02 4.204206348528922240e-04 8.757616855112886772e-05 2.223198748506991212e-03
8.565004473739774860e-02 4.956346241890446404e-04 1.028886115543207016e-04 2.245430735992061215e-03
8.650654518477171595e-02 5.734265744554257549e-04 1.012705953084507801e-04 2.267885043351981593e-03
8.737161063661944005e-02 5.072518066868788754e-04 1.001730904012276867e-04 2.290563893785501574e-03
8.824532674298563029e-02 3.896227453746891668e-04 8.299100819063414379e-05 2.313469532723356602e-03
8.912778001041549159e-02 4.317288682071711791e-04 9.271737011242813214e-05 2.336604228050590069e-03
9.001905781051965094e-02 2.892902757532974647e-04 9.294704615985068441e-05 2.359970270331096347e-03
9.091924838862484870e-02 3.548628845210401303e-04 7.928237318621781282e-05 2.383569973034407267e-03
9.182844087251110232e-02 4.615518984724086005e-04 9.044224898130573235e-05 2.407405672764751509e-03
9.274672528123620308e-02 3.493799128087474561e-04 8.795688927494637428e-05 2.431479729492398625e-03
9.367419253404857260e-02 2.628894982088178251e-04 7.020616764948126411e-05 2.455794526787322823e-03
9.461093445938906221e-02 3.698931249490339116e-04 8.782466353450357852e-05 2.480352472055196052e-03
9.555704380398294395e-02 1.350200174414612983e-04 7.890101077477424329e-05 2.505155996775748108e-03
9.651261424202278727e-02 2.763521024571165751e-04 7.130083849040056419e-05 2.530207556743505927e-03
9.747774038444301237e-02 2.449663415012891601e-04 6.789128131913234093e-05 2.555509632310940665e-03
9.845251778828745248e-02 2.731197135297281937e-04 7.046727399989932260e-05 2.581064728634050332e-03
9.943704296617031368e-02 3.540093023226073966e-04 9.790376407871017499e-05 2.606875375920390554e-03
1.004314133958320171e-01 1.024924107003863724e-04 5.474663507067255752e-05 2.632944129679594663e-03
