2.810177359318865101e-02 2.050515670783266409e-02 1.641074094244676478e-03 7.367256649485903622e-04
2.838279132912053734e-02 2.042763429687409829e-02 1.645050901622390361e-03 7.440929215980761910e-04
2.866661924241174081e-02 1.840380564204415620e-02 1.546754075316609731e-03 7.515338508140569865e-04
2.895328543483586051e-02 1.647530228665518987e-02 1.375624679442451507e-03 7.590491893221975976e-04
2.924281828918421852e-02 1.511359578778529410e-02 1.332656737153765317e-03 7.666396812154195259e-04
2.953524647207605991e-02 1.537112463005341212e-02 1.267233188457862151e-03 7.743060780275736561e-04
2.983059893679682051e-02 1.448730264551328743e-02 1.186318532078458991e-03 7.820491388078494848e-04
3.012890492616479218e-02 1.027636300030748684e-02 9.960816989347638043e-04 7.898696301959280035e-04
3.043019397542644222e-02 1.356632311194246043e-02 1.139589410484153492e-03 7.977683264978873432e-04
3.073449591518070609e-02 1.197390064167798418e-02 1.081117511658597364e-03 8.057460097628661678e-04
3.104184087433251027e-02 1.174544071373464192e-02 1.012930716200547646e-03 8.138034698604947915e-04
3.135225928307583398e-02 9.809266496235516733e-03 9.001908570391650450e-04 8.219415045590997655e-04
3.166578187590659427e-02 9.808696585804750623e-03 8.896545071264430832e-04 8.301609196046907165e-04
3.198243969466565972e-02 8.045493931128751275e-03 7.902668406447891031e-04 8.384625288007376779e-04
3.230226409161231216e-02 1.047034318869099513e-02 8.763931181685173395e-04 8.468471540887448747e-04
3.262528673252844402e-02 8.018463585641098096e-03 7.644025745422248488e-04 8.553156256296325652e-04
3.295153959985372416e-02 9.446206767452586250e-03 7.901501711881946848e-04 8.638687818859287814e-04
3.328105499585226612e-02 7.982012440902392855e-03 7.126208470594432758e-04 8.725074697047882069e-04
3.361386554581079211e-02 8.692161176130103889e-03 7.206556895268277294e-04 8.812325444018362418e-04
3.395000420126889629e-02 8.808799727497682724e-03 7.283407840066262852e-04 8.900448698458545164e-04
3.428950424328158775e-02 9.296760892696121284e-03 7.336181044637953702e-04 8.989453185443130583e-04
3.463239928571439780e-02 1.050187511126732774e-02 7.660321763978739963e-04 9.079347717297560523e-04
3.497872327857154406e-02 8.428027392515035493e-03 6.545426211930945037e-04 9.170141194470536605e-04
3.532851051135725562e-02 8.453371636744901052e-03 6.596146720093332616e-04 9.261842606415241321e-04
3.568179561647083498e-02 7.628402685853961571e-03 6.012421135327675930e-04 9.354461032479395371e-04
3.603861357263554027e-02 7.357860168756088885e-03 5.701196110620798500e-04 9.448005642804188121e-04
3.639899970836189824e-02 8.984438272517698484e-03 6.301101009759588461e-04 9.542485699232230783e-04
3.676298970544551736e-02 8.666889622256446560e-03 6.315562292823158124e-04 9.637910556224552928e-04
3.713061960249997018e-02 8.151313612405640396e-03 5.765506862235452194e-04 9.734289661786798458e-04
3.750192579852497377e-02 7.898306538121896772e-03 5.432715413993148210e-04 9.831632558404666562e-04
3.787694505651022225e-02 7.427716898080332329e-03 5.409794835335023262e-04 9.929948883988712598e-04
3.825571450707532239e-02 7.744436620296602652e-03 5.293190253503651365e-04 1.002924837282860105e-03
3.863827165214607506e-02 7.009411985745690049e-03 5.005078559982515263e-04 1.012954085655688643e-03
3.902465436866753290e-02 7.330801512015394129e-03 4.993219936044715392e-04 1.023083626512245447e-03
3.941490091235420878e-02 6.679736974936919744e-03 4.705114376070291811e-04 1.033314462777367880e-03
3.980904992147775434e-02 6.335932659128281318e-03 4.538433404084636223e-04 1.043647607405141569e-03
4.020714042069253868e-02 5.739123732383500688e-03 4.170794234021660252e-04 1.054084083479193230e-03
4.060921182489946046e-02 5.235748532605254309e-03 3.936477104581122700e-04 1.064624924313985069e-03
4.101530394314845812e-02 4.991170224416838046e-03 3.666265001988587829e-04 1.075271173557125091e-03
4.142545698257994735e-02 5.024186907359053274e-03 3.806764034712163290e-04 1.086023885292696336e-03
4.183971155240574780e-02 4.365966764049634095e-03 3.451229148176002061e-04 1.096884124145623479e-03
4.225810866792979736e-02 4.270850996050176013e-03 3.234905437782722559e-04 1.107852965387079404e-03
4.268068975460909131e-02 3.833829405769175608e-03 3.076039063604373751e-04 1.118931495040950165e-03
4.310749665215518611e-02 4.365832399525673008e-03 3.279176215097446005e-04 1.130120809991359658e-03
4.353857161867674685e-02 4.008282692502589291e-03 3.059788455025990220e-04 1.141422018091273497e-03
4.397395733486350600e-02 4.283127860940908263e-03 3.094758984776472903e-04 1.152836238272186018e-03
4.441369690821214689e-02 4.175756787791655780e-03 2.913811084276492452e-04 1.164364600654907954e-03
4.485783387729427168e-02 3.374578801458391012e-03 2.648390561362662116e-04 1.176008246661457190e-03
4.530641221606721003e-02 3.477842870284668202e-03 2.696237273485235092e-04 1.187768329128071655e-03
4.575947633822788352e-02 3.506349790605367816e-03 2.635927633814186179e-04 1.199646012419352398e-03
4.621707110161016319e-02 3.404602571382818292e-03 2.546694659932181989e-04 1.211642472543545930e-03
4.667924181262626815e-02 3.679656554254175007e-03 2.565335866548616576e-04 1.223758897268981474e-03
4.714603423075253152e-02 3.777822805707506480e-03 2.525338359795040351e-04 1.235996486241671332e-03
4.761749457306005406e-02 4.179993426990939037e-03 2.662294372112592638e-04 1.248356451104088057e-03
4.809366951879065488e-02 3.342707456065112208e-03 2.369573634337374926e-04 1.260840015615128816e-03
4.857460621397855643e-02 3.577287170179536870e-03 2.385702572060817244e-04 1.273448415771279976e-03
4.906035227611834498e-02 3.921903715862866402e-03 2.471068746625351914e-04 1.286182899928992951e-03
4.955095579887952573e-02 3.653296150161503345e-03 2.468361456374412407e-04 1.299044728928282818e-03
5.004646535686832487e-02 3.334360435346771408e-03 2.167670220835615216e-04 1.312035176217565737e-03
5.054693001043701617e-02 3.312163578029018226e-03 2.126365314688768440e-04 1.325155527979741477e-03
5.105239931054138258e-02 3.170587413366697960e-03 2.073173930406056709e-04 1.338407083259538811e-03
5.156292330364679183e-02 3.019539499132330856e-03 1.982955116039411211e-04 1.351791154092134208e-03
5.207855253668326745e-02 2.887984444122639396e-03 1.940395216696234231e-04 1.365309065633055728e-03
5.259933806205009665e-02 2.656708758091231963e-03 1.858450917191384897e-04 1.378962156289386233e-03
5.312533144267059942e-02 2.805108730926783676e-03 1.904277511717849148e-04 1.392751777852279998e-03
5.365658475709730868e-02 2.479330117121376909e-03 1.836067525932435335e-04 1.406679295630802913e-03
5.419315060466827622e-02 2.012712823346909149e-03 1.681939909104291167e-04 1.420746088587110812e-03
5.473508211071495544e-02 2.117737092933134457e-03 1.610101505308828484e-04 1.434953549472981968e-03
5.528243293182211193e-02 1.745653560606622761e-03 1.422166174442182802e-04 1.449303084967711779e-03
5.583525726114033083e-02 1.807070899601536957e-03 1.431151743053869112e-04 1.463796115817388947e-03
5.639360983375173858e-02 2.052999616192635775e-03 1.483751593036675490e-04 1.478434076975562901e-03
5.695754593208925132e-02 1.896556424057886658e-03 1.423897931091988210e-04 1.493218417745318521e-03
5.752712139141014092e-02 1.696367934027600763e-03 1.355243917654369709e-04 1.508150601922771594e-03
5.810239260532423788e-02 1.659895998461178961e-03 1.353296732016883016e-04 1.523232107941999104e-03
5.868341653137748581e-02 1.997257087203739134e-03 1.457442036750235758e-04 1.538464429021419323e-03
5.927025069669127066e-02 1.676827067051109765e-03 1.357230063216343524e-04 1.553849073311633832e-03
5.986295320365817713e-02 1.902764299547866694e-03 1.383344763983241580e-04 1.569387564044749921e-03
6.046158273569476188e-02 1.799949768994107014e-03 1.327735370870797369e-04 1.585081439685197442e-03
6.106619856305171151e-02 1.674504019772478629e-03 1.285239267243769952e-04 1.600932254082049460e-03
6.167686054868222467e-02 1.746854292854460675e-03 1.383486777919241191e-04 1.616941576622869890e-03
6.229362915416905566e-02 1.456378516090237529e-03 1.236593608182573554e-04 1.633110992389098749e-03
6.291656544571075371e-02 1.483604618193264720e-03 1.204377779008556818e-04 1.649442102312989990e-03
6.354573110016785431e-02 1.592989587443662675e-03 1.234705223077285706e-04 1.665936523336119688e-03
6.418118841116952911e-02 1.407261329079165756e-03 1.149251048647869538e-04 1.682595888569480853e-03
6.482300029528123564e-02 1.539722681062952007e-03 1.203520682597019432e-04 1.699421847455175917e-03
6.547123029823403995e-02 1.243113348741334973e-03 1.148935965298207243e-04 1.716416065929727511e-03
6.612594260121637535e-02 1.313755222775779812e-03 1.142359283539863291e-04 1.733580226589024643e-03
6.678720202722854271e-02 1.252735424136616933e-03 1.123173939116454105e-04 1.750916028854914916e-03
6.745507404750082647e-02 1.043550864717051512e-03 1.001593927802799002e-04 1.768425189143464030e-03
6.812962478797583710e-02 1.128558418056363824e-03 1.008409981613370761e-04 1.786109441034898840e-03
6.881092103585559339e-02 9.445771405858984383e-04 9.165224349601476972e-05 1.803970535445247828e-03
6.949903024621414960e-02 7.716102438485760362e-04 8.493704468699827300e-05 1.822010240799700267e-03
7.019402054867629470e-02 1.078728251988943319e-03 9.789648294560706146e-05 1.840230343207697279e-03
7.089596075416305931e-02 9.438417412879768079e-04 9.521115574337965287e-05 1.858632646639774314e-03
7.160492036170468255e-02 9.944054528385091671e-04 8.884411327412211591e-05 1.877218973106171973e-03
7.232096956532173271e-02 9.174310823985093672e-04 8.673757028517725600e-05 1.895991162837233580e-03
7.304417926097495073e-02 9.042318871542706421e-04 8.792396537945314011e-05 1.914951074465606013e-03
7.377462105358470468e-02 7.987986659085386833e-04 8.315237747939697598e-05 1.934100585210262206e-03
7.451236726412055478e-02 8.176956631881939332e-04 8.268495064037579547e-05 1.953441591062365056e-03
7.525749093676176171e-02 8.573424906718642288e-04 8.309639564389650207e-05 1.972976006972988576e-03
7.601006584612937655e-02 7.348112025117094779e-04 7.682161253543299487e-05 1.992705767042718401e-03
7.677016650459067559e-02 5.624980206033547772e-04 7.320436291734350154e-05 2.012632824713145741e-03
7.753786816963659234e-02 7.685997106423044607e-04 7.589798572898702358e-05 2.032759152960277559e-03
7.831324685133295160e-02 6.232842700443911362e-04 7.261067565009355609e-05 2.053086744489879874e-03
7.909637931984628278e-02 7.269137701406623272e-04 7.311471756590582878e-05 2.073617611934778712e-03
7.988734311304473978e-02 5.355061806080073285e-04 6.492932226276591247e-05 2.094353788054126482e-03
8.068621654417518219e-02 5.577837492864747265e-04 6.191549387876812884e-05 2.115297325934667634e-03
8.149307870961694511e-02 5.865568668278643835e-04 6.886112620081802859e-05 2.136450299194014423e-03
8.230800949671310263e-02 5.519338255957470431e-04 6.295722673427096654e-05 2.157814802185954468e-03
8.313108959168023782e-02 6.355324741577601062e-04 6.704765502905582746e-05 2.179392950207813956e-03
8.396240048759703867e-02 5.704794935525435992e-04 6.181508912650405933e-05 2.201186879709892113e-03
8.480202449247301044e-02 4.710487700945912930e-04 5.950799599968774556e-05 2.223198748506991212e-03
8.565004473739774860e-02 5.341385331233010130e-04 6.105858205213744196e-05 2.245430735992061215e-03
8.650654518477171595e-02 5.110357690890876244e-04 6.505016664712400649e-05 2.267885043351981593e-03
8.737161063661944005e-02 4.138681577455012475e-04 5.393182412528695719e-05 2.290563893785501574e-03
8.824532674298563029e-02 4.586717912664648529e-04 5.725094196342044093e-05 2.313469532723356602e-03
8.912778001041549159e-02 4.079050727688382830e-04 5.134591897933882450e-05 2.336604228050590069e-03
9.001905781051965094e-02 3.753323756483616775e-04 5.267230980651028640e-05 2.359970270331096347e-03
9.091924838862484870e-02 2.929349352201441768e-04 5.031793713320015530e-05 2.383569973034407267e-03
9.182844087251110232e-02 3.038844463287115991e-04 5.062018986716909240e-05 2.407405672764751509e-03
9.274672528123620308e-02 2.927891636744294835e-04 4.750447128433814509e-05 2.431479729492398625e-03
9.367419253404857260e-02 2.732970568067500956e-04 4.942707486660149070e-05 2.455794526787322823e-03
9.461093445938906221e-02 3.444734052301308977e-04 4.773292609885159381e-05 2.480352472055196052e-03
9.555704380398294395e-02 3.082379519296539147e-04 5.135559687544417629e-05 2.505155996775748108e-03
9.651261424202278727e-02 3.031457536787711383e-04 4.703625530124256411e-05 2.530207556743505927e-03
9.747774038444301237e-02 2.520080340286664036e-04 4.451522107543323849e-05 2.555509632310940665e-03
9.845251778828745248e-02 2.149583288603929216e-04 3.797167325000118534e-05 2.581064728634050332e-03
9.943704296617031368e-02 2.752739930352514461e-04 4.922073987887058596e-05 2.606875375920390554e-03
1.004314133958320171e-01 2.606342783423936608e-04 4.370779254015147387e-05 2.632944129679594663e-03
