2.810177359318865101e-02 2.137242242385383600e-02 2.903007875327590342e-03 7.366987612221954527e-04
2.838279132912053734e-02 2.290787779574215977e-02 2.797413035762507435e-03 7.440657488344173520e-04
2.866661924241174081e-02 1.875994492853606810e-02 2.565408849493351021e-03 7.515064063227614452e-04
2.895328543483586051e-02 2.099579298778729217e-02 2.526469741190970949e-03 7.590214703859891887e-04
2.924281828918421852e-02 2.084002627756349410e-02 2.634188388227524762e-03 7.666116850898490502e-04
2.953524647207605991e-02 1.632373679669671396e-02 2.211681769199749098e-03 7.742778019407475050e-04
2.983059893679682051e-02 1.251009964986142531e-02 1.875292694696428395e-03 7.820205799601550115e-04
3.012890492616479218e-02 1.245126374920907560e-02 1.777936245369720778e-03 7.898407857597566179e-04
3.043019397542644222e-02 1.288386665689199295e-02 1.881429963396566082e-03 7.977391936173542459e-04
3.073449591518070609e-02 1.542473099614567744e-02 1.883554304977279716e-03 8.057165855535278068e-04
3.104184087433251027e-02 1.088527503307314820e-02 1.586941550049551179e-03 8.137737514090629580e-04
3.135225928307583398e-02 9.917620291039439331e-03 1.461515835366514497e-03 8.219114889231535215e-04
3.166578187590659427e-02 6.494067911426213216e-03 1.147446810309252956e-03 8.301306038123851781e-04
3.198243969466565972e-02 7.274393444845353787e-03 1.237590520854844715e-03 8.384319098505090039e-04
3.230226409161231216e-02 9.804879763449304494e-03 1.372264247960832632e-03 8.468162289490139541e-04
3.262528673252844402e-02 6.846689712213462238e-03 1.110111627223409926e-03 8.552843912385043679e-04
3.295153959985372416e-02 8.182690889018373950e-03 1.226515206576218658e-03 8.638372351508893238e-04
3.328105499585226612e-02 7.061980325106103316e-03 1.089096186525871039e-03 8.724756075023982647e-04
3.361386554581079211e-02 8.249130916939491701e-03 1.143297119306244071e-03 8.812003635774223525e-04
3.395000420126889629e-02 7.397220726602978663e-03 1.056117845456805123e-03 8.900123672131965121e-04
3.428950424328158775e-02 7.620534086919550538e-03 1.112645211690060877e-03 8.989124908853285629e-04
3.463239928571439780e-02 9.108182657904681512e-03 1.197420296139833397e-03 9.079016157941816175e-04
3.497872327857154406e-02 8.046304658994380549e-03 1.038059255837810169e-03 9.169806319521235172e-04
3.532851051135725562e-02 7.663974925725857562e-03 9.970547655884338337e-04 9.261504382716446038e-04
3.568179561647083498e-02 8.544006342267939508e-03 1.027813161097997606e-03 9.354119426543612862e-04
3.603861357263554027e-02 8.491170923677885188e-03 1.030904496851436751e-03 9.447660620809048568e-04
3.639899970836189824e-02 6.676362655659883946e-03 9.369956896902124216e-04 9.542137227017138826e-04
3.676298970544551736e-02 8.749410667274437961e-03 1.045907228921849359e-03 9.637558599287310377e-04
3.713061960249997018e-02 9.872100730371199256e-03 1.059463508940700635e-03 9.733934185280183633e-04
3.750192579852497377e-02 8.199764272583918989e-03 9.102957425933389099e-04 9.831273527132985447e-04
3.787694505651022225e-02 7.658385970128222739e-03 9.180605165652149218e-04 9.929586262404316386e-04
3.825571450707532239e-02 8.770963360173555587e-03 9.136093846052987947e-04 1.002888212502835814e-03
3.863827165214607506e-02 8.659899318367487303e-03 8.876827886483628586e-04 1.012917094627864252e-03
3.902465436866753290e-02 8.078772844337412176e-03 8.586628825182486373e-04 1.023046265574142650e-03
3.941490091235420878e-02 7.666968595686183240e-03 8.410397128966887528e-04 1.033276728229884237e-03
3.980904992147775434e-02 7.170042608555921536e-03 7.799003623625422451e-04 1.043609495512183181e-03
4.020714042069253868e-02 5.857084963717690967e-03 7.369580333436204136e-04 1.054045590467305024e-03
4.060921182489946046e-02 6.130489263878142678e-03 6.805487986704940014e-04 1.064586046371978050e-03
4.101530394314845812e-02 4.897981802661538833e-03 5.978439186420483106e-04 1.075231906835697956e-03
4.142545698257994735e-02 4.416251346380053490e-03 5.724515366122152459e-04 1.085984225904055136e-03
4.183971155240574780e-02 5.456039412406898763e-03 6.197219208437885346e-04 1.096844068163095641e-03
4.225810866792979736e-02 4.467775451891449826e-03 5.711164518024404967e-04 1.107812508844726457e-03
4.268068975460909131e-02 3.380450490461208660e-03 4.639344624109683420e-04 1.118890633933173522e-03
4.310749665215518611e-02 3.268987063485905009e-03 4.721986574699835746e-04 1.130079540272505316e-03
4.353857161867674685e-02 2.734571089894771191e-03 4.118878062480456977e-04 1.141380335675230666e-03
4.397395733486350600e-02 3.586107488347353711e-03 4.550292378068176644e-04 1.152794139031982712e-03
4.441369690821214689e-02 3.502657092131346989e-03 4.712590026129600553e-04 1.164322080422302685e-03
4.485783387729427168e-02 3.047443055473825994e-03 4.165244167597972847e-04 1.175965301226525881e-03
4.530641221606721003e-02 3.115938036581241896e-03 4.369024171264454439e-04 1.187724954238790877e-03
4.575947633822788352e-02 3.285263308256260867e-03 4.382619050214923290e-04 1.199602203781178914e-03
4.621707110161016319e-02 3.740607658682123995e-03 4.286239297577107551e-04 1.211598225818990822e-03
4.667924181262626815e-02 2.971784068400075852e-03 3.962082337077749736e-04 1.223714208077180798e-03
4.714603423075253152e-02 2.867628507108418729e-03 3.909163354543598694e-04 1.235951350157952437e-03
4.761749457306005406e-02 3.655320277744197963e-03 4.031867114015964706e-04 1.248310863659532000e-03
4.809366951879065488e-02 3.719454390909612482e-03 4.005930083936860603e-04 1.260793972296127361e-03
4.857460621397855643e-02 3.146715775726231963e-03 3.854249619197718511e-04 1.273401912019088466e-03
4.906035227611834498e-02 3.796517928786549527e-03 3.974991579951917963e-04 1.286135931139279496e-03
4.955095579887952573e-02 3.324782561092103420e-03 3.834644264230135176e-04 1.298997290450672063e-03
5.004646535686832487e-02 3.519373901077776316e-03 3.664450411574930147e-04 1.311987263355178946e-03
5.054693001043701617e-02 3.565589572654091332e-03 3.870118508360168063e-04 1.325107135988730974e-03
5.105239931054138258e-02 3.107075414444043261e-03 3.419133110286076585e-04 1.338358207348618089e-03
5.156292330364679183e-02 3.487801452879965309e-03 3.483373263210471108e-04 1.351741789422104345e-03
5.207855253668326745e-02 2.410874279359689811e-03 3.057190404652297775e-04 1.365259207316325525e-03
5.259933806205009665e-02 3.082285569549917791e-03 3.256654637325268184e-04 1.378911799389488657e-03
5.312533144267059942e-02 2.137673461986030251e-03 2.668924684941727287e-04 1.392700917383383639e-03
5.365658475709730868e-02 2.612597828820642249e-03 3.060254017480609507e-04 1.406627926557217590e-03
5.419315060466827622e-02 1.695521568621255297e-03 2.419550100566225778e-04 1.420694205822789491e-03
5.473508211071495544e-02 2.377119443430170641e-03 2.723609305331302333e-04 1.434901147881017256e-03
5.528243293182211193e-02 1.656437542519464219e-03 2.210948907401088907e-04 1.449250159359827652e-03
5.583525726114033083e-02 1.996769449373906810e-03 2.418595722718298348e-04 1.463742660953425969e-03
5.639360983375173858e-02 2.096693947043820703e-03 2.468074251036731122e-04 1.478380087562960197e-03
5.695754593208925132e-02 1.567230869027273071e-03 2.130274311478155477e-04 1.493163888438589666e-03
5.752712139141014092e-02 2.130353759274184952e-03 2.473584423709848808e-04 1.508095527322975528e-03
5.810239260532423788e-02 1.364620473335338138e-03 2.071571449085787299e-04 1.523176482596205186e-03
5.868341653137748581e-02 1.818347355452544674e-03 2.235423765027975756e-04 1.538408247422167396e-03
5.927025069669127066e-02 1.914561805662725940e-03 2.269290726593337993e-04 1.553792329896389306e-03
5.986295320365817713e-02 2.119729948620985033e-03 2.432987053989541740e-04 1.569330253195352996e-03
6.046158273569476188e-02 2.052158104203462372e-03 2.360592012473065231e-04 1.585023555727306695e-03
6.106619856305171151e-02 2.030874413687534970e-03 2.406745019705997912e-04 1.600873791284579796e-03
6.167686054868222467e-02 1.604712065899582341e-03 2.019096172126432528e-04 1.616882529197425505e-03
6.229362915416905566e-02 2.143393922173766116e-03 2.335345237253024149e-04 1.633051354489400021e-03
6.291656544571075371e-02 1.694321362732979655e-03 2.202331569940756887e-04 1.649381868034294294e-03
6.354573110016785431e-02 1.538723944542689593e-03 1.951767815767558190e-04 1.665875686714637016e-03
6.418118841116952911e-02 1.333863152195888507e-03 1.812991859214377506e-04 1.682534443581783137e-03
6.482300029528123564e-02 1.131107925428302251e-03 1.801133073832881495e-04 1.699359788017601371e-03
6.547123029823403995e-02 1.412181779317476203e-03 2.026856483339539077e-04 1.716353385897777164e-03
6.612594260121637535e-02 1.212511264468745832e-03 1.805737414585225438e-04 1.733516919756754749e-03
6.678720202722854271e-02 8.564196368366881751e-04 1.587487747838418797e-04 1.750852088954322431e-03
6.745507404750082647e-02 9.693332287546402954e-04 1.661345378275071042e-04 1.768360609843865582e-03
6.812962478797583710e-02 9.442531029566931253e-04 1.583022027038309373e-04 1.786044215942304272e-03
6.881092103585559339e-02 9.556654826759285962e-04 1.580158872230427931e-04 1.803904658101727248e-03
6.949903024621414960e-02 1.012083088963337124e-03 1.694066872167149414e-04 1.821943704682744579e-03
7.019402054867629470e-02 9.296915905985795496e-04 1.450410922994399240e-04 1.840163141729572217e-03
7.089596075416305931e-02 1.058111906493366949e-03 1.525600113257325233e-04 1.858564773146867974e-03
7.160492036170468255e-02 9.882103101869648722e-04 1.582404802855224830e-04 1.877150420878336478e-03
7.232096956532173271e-02 1.179316660725177176e-03 1.764112079711602742e-04 1.895921925087119819e-03
7.304417926097495073e-02 9.300554247451495865e-04 1.460189843083197305e-04 1.914881144337991000e-03
7.377462105358470468e-02 1.048191000579329736e-03 1.536258424242238380e-04 1.934029955781371019e-03
7.451236726412055478e-02 9.243093026889295880e-04 1.433699913903760859e-04 1.953370255339184972e-03
7.525749093676176171e-02 9.437652589023529538e-04 1.456612465409302221e-04 1.972903957892576700e-03
7.601006584612937655e-02 6.613673814733438518e-04 1.288148543175932212e-04 1.992632997471502354e-03
7.677016650459067559e-02 7.666408648495955493e-04 1.226349683357596317e-04 2.012559327446217846e-03
7.753786816963659234e-02 5.570773448326213394e-04 1.132729297621274186e-04 2.032684920720680133e-03
7.831324685133295160e-02 4.320315706115526212e-04 9.730272822959848801e-05 2.053011769927886622e-03
7.909637931984628278e-02 5.039050516911690531e-04 1.172976396827713239e-04 2.073541887627165705e-03
7.988734311304473978e-02 7.795687962791414882e-04 1.281393177914381444e-04 2.094277306503437071e-03
8.068621654417518219e-02 6.532967488852700275e-04 1.103196207401575297e-04 2.115220079568471290e-03
8.149307870961694511e-02 3.935680144575677488e-04 8.579964498880164917e-05 2.136372280364156467e-03
8.230800949671310263e-02 5.330647480954484128e-04 9.889080969158161509e-05 2.157736003167797564e-03
8.313108959168023782e-02 5.482956267486456797e-04 1.000058443120862173e-04 2.179313363199475700e-03
8.396240048759703867e-02 5.274467008927877015e-04 9.784609659859854359e-05 2.201106496831470478e-03
8.480202449247301044e-02 4.785287455877274996e-04 1.046893464127893094e-04 2.223117561799785227e-03
8.565004473739774860e-02 5.493774904244719563e-04 1.104246450649836998e-04 2.245348737417783395e-03
8.650654518477171595e-02 5.593505428675214601e-04 1.073841366052889979e-04 2.267802224791960839e-03
8.737161063661944005e-02 3.368193465311826841e-04 7.719856181215593513e-05 2.290480247039880426e-03
8.824532674298563029e-02 3.645234468516934034e-04 8.653658116957048917e-05 2.313385049510279391e-03
8.912778001041549159e-02 2.527720124428438592e-04 9.253653289960509572e-05 2.336518900005382388e-03
9.001905781051965094e-02 3.336893422145168387e-04 7.648710394415328059e-05 2.359884089005436295e-03
9.091924838862484870e-02 4.080590163641209457e-04 8.501350309558569282e-05 2.383482929895490605e-03
9.182844087251110232e-02 1.731869508398898748e-04 8.728578591243036484e-05 2.407317759194445555e-03
9.274672528123620308e-02 1.547074726720044230e-04 6.772346966397372985e-05 2.431390936786389633e-03
9.367419253404857260e-02 3.376700313867485445e-04 7.952828394671468035e-05 2.455704846154253829e-03
9.461093445938906221e-02 2.549362593535004135e-04 8.205180447960104951e-05 2.480261894615796471e-03
9.555704380398294395e-02 4.274547073519249893e-04 9.397276835945720991e-05 2.505064513561954236e-03
9.651261424202278727e-02 1.446190187041086208e-04 7.368783328814908196e-05 2.530115158697574061e-03
9.747774038444301237e-02 2.182691706093222632e-04 7.272421632558258645e-05 2.555416310284549814e-03
9.845251778828745248e-02 3.641827153486184524e-04 8.137393741512132493e-05 2.580970473387395395e-03
9.943704296617031368e-02 3.623591403117853342e-04 8.096747250083695835e-05 2.606780178121268984e-03
1.004314133958320171e-01 1.831303331293128889e-04 5.787029961364219147e-05 2.632847979902481865e-03
