2.810177359318865101e-02 2.351074105938305223e-02 2.892736209205943720e-03 7.367077289126638083e-04
2.838279132912053734e-02 2.120658811011576911e-02 2.692053182947153327e-03 7.440748062017903900e-04
2.866661924241174081e-02 2.052336198443553347e-02 2.605339862419718024e-03 7.515155542638082614e-04
2.895328543483586051e-02 1.733246120657709263e-02 2.294709299846476886e-03 7.590307098064464231e-04
2.924281828918421852e-02 1.648257602161916011e-02 2.348579114499592911e-03 7.666210169045108765e-04
2.953524647207605991e-02 1.301553674005795358e-02 1.918162743338186092e-03 7.742872270735559441e-04
2.983059893679682051e-02 1.236100583877566481e-02 1.802211365369256078e-03 7.820300993442915469e-04
3.012890492616479218e-02 1.270846375447857307e-02 1.796424619446621625e-03 7.898504003377345697e-04
3.043019397542644222e-02 1.188116740776171652e-02 1.813504123679695029e-03 7.977489043411119035e-04
3.073449591518070609e-02 8.976924634904556721e-03 1.436788976231903950e-03 8.057263933845230800e-04
3.104184087433251027e-02 1.193843243606216263e-02 1.714377824860095160e-03 8.137836573183682446e-04
3.135225928307583398e-02 7.331789336178243244e-03 1.256734243887358462e-03 8.219214938915518761e-04
3.166578187590659427e-02 9.309413355085187705e-03 1.491630570143167352e-03 8.301407088304674567e-04
3.198243969466565972e-02 8.704474743853782628e-03 1.296955526269576338e-03 8.384421159187720922e-04
3.230226409161231216e-02 9.992123636300847406e-03 1.384958325961693553e-03 8.468265370779596473e-04
3.262528673252844402e-02 5.764572341979030956e-03 1.018522563455507082e-03 8.552948024487395506e-04
3.295153959985372416e-02 9.106759980375434341e-03 1.250242843578441409e-03 8.638477504732268008e-04
3.328105499585226612e-02 7.367582441634420130e-03 1.211199151867949249e-03 8.724862279779592184e-04
3.361386554581079211e-02 7.127921613352160464e-03 1.061962272356175218e-03 8.812110902577389082e-04
3.395000420126889629e-02 7.403393465594170289e-03 1.056997425761774419e-03 8.900232011603161466e-04
3.428950424328158775e-02 9.061882112411389495e-03 1.159530736542392594e-03 8.989234331719193807e-04
3.463239928571439780e-02 8.637441992509672581e-03 1.123761832221430038e-03 9.079126675036383858e-04
3.497872327857154406e-02 6.438754743016642662e-03 9.287162837377777426e-04 9.169917941786748933e-04
3.532851051135725562e-02 7.013207645948693440e-03 9.536984884382936111e-04 9.261617121204615555e-04
3.568179561647083498e-02 7.799663816401096114e-03 9.819336049645408567e-04 9.354233292416662708e-04
3.603861357263554027e-02 7.972633059239507200e-03 1.023741476169164099e-03 9.447775625340828435e-04
3.639899970836189824e-02 6.462956730017775132e-03 8.629622849944379838e-04 9.542253381594238085e-04
3.676298970544551736e-02 9.979731180153030012e-03 1.051079745676349346e-03 9.637675915410180228e-04
3.713061960249997018e-02 8.007537244799228099e-03 9.300707067392580086e-04 9.734052674564280935e-04
3.750192579852497377e-02 7.926686071928543478e-03 9.224321141478406417e-04 9.831393201309925230e-04
3.787694505651022225e-02 8.287712743596754514e-03 9.333777664450839317e-04 9.929707133323024352e-04
3.825571450707532239e-02 9.365106336371857229e-03 9.668034546381759761e-04 1.002900420465625353e-03
3.863827165214607506e-02 7.287870628909160972e-03 8.140713708594145542e-04 1.012929424670281665e-03
3.902465436866753290e-02 6.617455486881989105e-03 7.634184105031752631e-04 1.023058718916984404e-03
3.941490091235420878e-02 7.253197282387300465e-03 8.406754113216713137e-04 1.033289306106154265e-03
3.980904992147775434e-02 7.296651625088803987e-03 8.004045557115209647e-04 1.043622199167215832e-03
4.020714042069253868e-02 6.608569201249091078e-03 7.364926525833816965e-04 1.054058421158888224e-03
4.060921182489946046e-02 7.565194784707940032e-03 7.558349610339463662e-04 1.064599005370476907e-03
4.101530394314845812e-02 5.409432658596258735e-03 6.282645735994526722e-04 1.075244995424181824e-03
4.142545698257994735e-02 4.204358160881153071e-03 5.592479932101491287e-04 1.085997445378423815e-03
4.183971155240574780e-02 5.008361601778105014e-03 5.816987576648891206e-04 1.096857419832207971e-03
4.225810866792979736e-02 3.912799516188400842e-03 5.438428438891978892e-04 1.107825994030529979e-03
4.268068975460909131e-02 3.826228550945890566e-03 4.935321588715879540e-04 1.118904253970835023e-03
4.310749665215518611e-02 5.517951292079539480e-03 6.026612603348186934e-04 1.130093296510543532e-03
4.353857161867674685e-02 2.773409240714904724e-03 4.302641177380985395e-04 1.141394229475649206e-03
4.397395733486350600e-02 3.675446840380037009e-03 4.724683521271745633e-04 1.152808171770405583e-03
4.441369690821214689e-02 3.838796114372707707e-03 4.706865775149078569e-04 1.164336253488109816e-03
4.485783387729427168e-02 3.207504997676631758e-03 4.266220882527735066e-04 1.175979616022990821e-03
4.530641221606721003e-02 3.405306313083998268e-03 4.187532184858908449e-04 1.187739412183220654e-03
4.575947633822788352e-02 3.336205026301420750e-03 4.354472536209759936e-04 1.199616806305053027e-03
4.621707110161016319e-02 2.893547685976607334e-03 4.021006938649799743e-04 1.211612974368103494e-03
4.667924181262626815e-02 3.990051806223692508e-03 4.606261112238932724e-04 1.223729104111784521e-03
4.714603423075253152e-02 2.799844489428083248e-03 3.551816766554705194e-04 1.235966395152902388e-03
4.761749457306005406e-02 3.611421332835399074e-03 4.007962606079507766e-04 1.248326059104431325e-03
4.809366951879065488e-02 4.065062460230252708e-03 4.187711467716113771e-04 1.260809319695475710e-03
4.857460621397855643e-02 3.359399604920317722e-03 3.969558549411539468e-04 1.273417412892430311e-03
4.906035227611834498e-02 4.181719962749283481e-03 4.270357116431093840e-04 1.286151587021354837e-03
4.955095579887952573e-02 4.147316019835226193e-03 4.357891403902204022e-04 1.299013102891568216e-03
5.004646535686832487e-02 3.256115460298902690e-03 3.784506198400559743e-04 1.312003233920484065e-03
5.054693001043701617e-02 3.219561699401780538e-03 3.646099264697133979e-04 1.325123266259689092e-03
5.105239931054138258e-02 3.555839732333717848e-03 3.587320730093580064e-04 1.338374498922285894e-03
5.156292330364679183e-02 3.486528010356837372e-03 3.482102640220294471e-04 1.351758243911508608e-03
5.207855253668326745e-02 2.289655380992158644e-03 2.793728440276828221e-04 1.365275826350623774e-03
5.259933806205009665e-02 2.630985203739977327e-03 2.956440571002814975e-04 1.378928584614130077e-03
5.312533144267059942e-02 2.403219704956509242e-03 2.828845197419242057e-04 1.392717870460271484e-03
5.365658475709730868e-02 2.258507707074416254e-03 2.961161125817493383e-04 1.406645049164874199e-03
5.419315060466827622e-02 2.040165365971681813e-03 2.653192149551086431e-04 1.420711499656522820e-03
5.473508211071495544e-02 1.948623802330493732e-03 2.560524436219415302e-04 1.434918614653087846e-03
5.528243293182211193e-02 1.744396458629615893e-03 2.268386924352200416e-04 1.449267800799619067e-03
5.583525726114033083e-02 1.639694114101678327e-03 2.346365194696015924e-04 1.463760478807615015e-03
5.639360983375173858e-02 1.557846690156509733e-03 2.310788381467464368e-04 1.478398083595691475e-03
5.695754593208925132e-02 1.659879053959433881e-03 2.317381307908286572e-04 1.493182064431648184e-03
5.752712139141014092e-02 1.121812255659588144e-03 1.794231604037920620e-04 1.508113885075964503e-03
5.810239260532423788e-02 1.882364165633170676e-03 2.416001733002722624e-04 1.523195023926724075e-03
5.868341653137748581e-02 1.597502483252161154e-03 2.094993875148124017e-04 1.538426974165991437e-03
5.927025069669127066e-02 1.861010629056919800e-03 2.237556877548002284e-04 1.553811243907651666e-03
5.986295320365817713e-02 2.224343994352390944e-03 2.488372649352699737e-04 1.569349356346727998e-03
6.046158273569476188e-02 1.879851326520348611e-03 2.212528826719923703e-04 1.585042849910195438e-03
6.106619856305171151e-02 1.610838909947788630e-03 2.134789900490231156e-04 1.600893278409297286e-03
6.167686054868222467e-02 1.796567282140040713e-03 2.185581439282707403e-04 1.616902211193390173e-03
6.229362915416905566e-02 1.838453489346168496e-03 2.163601707090139772e-04 1.633071233305324324e-03
6.291656544571075371e-02 1.463302043507934544e-03 1.962758683675510025e-04 1.649401945638377925e-03
6.354573110016785431e-02 1.446046328557410538e-03 1.968953194346500818e-04 1.665895965094761405e-03
6.418118841116952911e-02 1.759857988429574822e-03 2.151599930969995780e-04 1.682554924745708995e-03
6.482300029528123564e-02 1.501237173008442092e-03 1.935904064505091491e-04 1.699380473993166232e-03
6.547123029823403995e-02 1.466474213143833258e-03 2.062822960603338427e-04 1.716374278733097695e-03
6.612594260121637535e-02 1.133993261021216817e-03 1.997194397453534698e-04 1.733538021520428631e-03
6.678720202722854271e-02 1.088382331512946586e-03 1.765475504641255777e-04 1.750873401735633054e-03
6.745507404750082647e-02 1.089002416001863972e-03 1.659065359538039138e-04 1.768382135752989345e-03
6.812962478797583710e-02 1.253530389072998524e-03 1.829553996889118493e-04 1.786065957110519187e-03
6.881092103585559339e-02 8.020934052269657315e-04 1.486756763573589767e-04 1.803926616681624353e-03
6.949903024621414960e-02 7.793105306992478571e-04 1.526104667303897872e-04 1.821965882848440663e-03
7.019402054867629470e-02 9.068873719881674752e-04 1.432408607431479713e-04 1.840185541676925144e-03
7.089596075416305931e-02 7.995666478112825170e-04 1.411876054188995581e-04 1.858587397093694384e-03
7.160492036170468255e-02 7.972600122229273620e-04 1.309243327273719763e-04 1.877173271064631237e-03
7.232096956532173271e-02 1.017988846790170154e-03 1.525009120733027005e-04 1.895945003775277625e-03
7.304417926097495073e-02 1.007415064692685890e-03 1.536710254013585607e-04 1.914904453813030382e-03
7.377462105358470468e-02 7.733814799751013991e-04 1.334308723645052334e-04 1.934053498351160716e-03
7.451236726412055478e-02 8.702984468176276373e-04 1.341466117689550739e-04 1.953394033334672486e-03
7.525749093676176171e-02 8.687551042842630005e-04 1.381082109668704241e-04 1.972927973668019228e-03
7.601006584612937655e-02 8.110349307010527664e-04 1.351232675741667762e-04 1.992657253404699243e-03
7.677016650459067559e-02 7.271114159473877642e-04 1.194138561905670293e-04 2.012583825938746296e-03
7.753786816963659234e-02 8.666213862267148176e-04 1.305159366961091251e-04 2.032709664198134158e-03
7.831324685133295160e-02 6.692674061495745581e-04 1.130138803244955074e-04 2.053036760840115573e-03
7.909637931984628278e-02 6.480267399454303461e-04 1.110268280836535317e-04 2.073567128448516698e-03
7.988734311304473978e-02 6.153534944413777217e-04 1.130823119370486462e-04 2.094302799733001753e-03
8.068621654417518219e-02 5.786312418761028293e-04 1.038238998408056943e-04 2.115245827730331298e-03
8.149307870961694511e-02 7.046504291263110077e-04 1.198232504816901391e-04 2.136398286007634966e-03
8.230800949671310263e-02 5.076154814415280263e-04 1.022353817666886146e-04 2.157762268867711216e-03
8.313108959168023782e-02 6.393345195511117426e-04 1.079606689012584689e-04 2.179339891556388367e-03
8.396240048759703867e-02 4.955963926936058804e-04 1.028784102838653535e-04 2.201133290471952129e-03
8.480202449247301044e-02 4.747574474874617124e-04 9.301456247153073770e-05 2.223144623376671711e-03
8.565004473739774860e-02 4.725979029453632294e-04 9.259262715137959955e-05 2.245376069610438823e-03
8.650654518477171595e-02 4.047146776156993115e-04 9.115436784290412815e-05 2.267829830306542990e-03
8.737161063661944005e-02 3.120217396378381180e-04 8.108761153271046166e-05 2.290508128609608333e-03
8.824532674298563029e-02 5.831516141740133649e-04 1.014197629463108367e-04 2.313413209895704391e-03
8.912778001041549159e-02 4.084321063050693704e-04 9.297741360060725530e-05 2.336547341994661339e-03
9.001905781051965094e-02 3.555877268398992849e-04 8.783270184380918008e-05 2.359912815414608265e-03
9.091924838862484870e-02 2.660187669656475400e-04 6.862757938872400163e-05 2.383511943568754430e-03
9.182844087251110232e-02 2.989942510890103867e-04 8.868818496631112258e-05 2.407347063004442161e-03
9.274672528123620308e-02 3.002447524026804365e-04 7.500395076322598827e-05 2.431420533634486101e-03
9.367419253404857260e-02 2.221308952158187815e-04 8.381432343614679645e-05 2.455734738970831357e-03
9.461093445938906221e-02 3.995431129666677920e-04 9.334296823628059590e-05 2.480292086360539640e-03
9.555704380398294395e-02 4.709613130386765701e-04 9.229167661367868763e-05 2.505095007224145045e-03
9.651261424202278727e-02 4.418864508523472133e-04 9.013250304111330513e-05 2.530145957296386829e-03
9.747774038444301237e-02 2.635194701319068023e-04 7.037646749023702432e-05 2.555447416869350424e-03
9.845251778828745248e-02 3.639403288478165873e-04 8.131971889500090003e-05 2.581001891038044432e-03
9.943704296617031368e-02 2.174566864689282913e-04 6.272901998063222235e-05 2.606811909948424447e-03
1.004314133958320171e-01 1.940961359047338572e-04 6.836717423055824877e-05 2.632880029047908379e-03
