2.810177359318865101e-02 2.095813040178160641e-02 2.914261727524803443e-03 7.367256649485903622e-04
2.838279132912053734e-02 1.914963942896416235e-02 2.557847149627484693e-03 7.440929215980761910e-04
2.866661924241174081e-02 1.651586202758578009e-02 2.522582023148151140e-03 7.515338508140569865e-04
2.895328543483586051e-02 1.674668728930642572e-02 2.257109049297331606e-03 7.590491893221975976e-04
2.924281828918421852e-02 1.365436153948491535e-02 2.187870989489523483e-03 7.666396812154195259e-04
2.953524647207605991e-02 1.253627936481385881e-02 1.983500371575864282e-03 7.743060780275736561e-04
2.983059893679682051e-02 1.159100963650878252e-02 1.746608791448794927e-03 7.820491388078494848e-04
3.012890492616479218e-02 1.066953596453450170e-02 1.645588456796420697e-03 7.898696301959280035e-04
3.043019397542644222e-02 1.206354012876486789e-02 1.740416517277031810e-03 7.977683264978873432e-04
3.073449591518070609e-02 1.496072789420237019e-02 1.854785759154854285e-03 8.057460097628661678e-04
3.104184087433251027e-02 9.066176124944090239e-03 1.566398250104159484e-03 8.138034698604947915e-04
3.135225928307583398e-02 9.316031240641283601e-03 1.522799981771678956e-03 8.219415045590997655e-04
3.166578187590659427e-02 9.061615521300423262e-03 1.406375544850075503e-03 8.301609196046907165e-04
3.198243969466565972e-02 8.696113007476257567e-03 1.295705302059778959e-03 8.384625288007376779e-04
3.230226409161231216e-02 8.476675027336472851e-03 1.277260231442163291e-03 8.468471540887448747e-04
3.262528673252844402e-02 7.503184945675630234e-03 1.208768147869025873e-03 8.553156256296325652e-04
3.295153959985372416e-02 7.890683759489309015e-03 1.162796784786199146e-03 8.638687818859287814e-04
3.328105499585226612e-02 1.097285942671150615e-02 1.406845821755289133e-03 8.725074697047882069e-04
3.361386554581079211e-02 7.068222356848062257e-03 1.096904597330153547e-03 8.812325444018362418e-04
3.395000420126889629e-02 7.638408515154257103e-03 1.108230804509192750e-03 8.900448698458545164e-04
3.428950424328158775e-02 7.727396739204618614e-03 1.070926993299251050e-03 8.989453185443130583e-04
3.463239928571439780e-02 7.267177232030774467e-03 1.065552556884004397e-03 9.079347717297560523e-04
3.497872327857154406e-02 8.181566066449198066e-03 1.046822361275893520e-03 9.170141194470536605e-04
3.532851051135725562e-02 8.323711442456794424e-03 1.039723907608116693e-03 9.261842606415241321e-04
3.568179561647083498e-02 1.025987347971844647e-02 1.125330445943328178e-03 9.354461032479395371e-04
3.603861357263554027e-02 8.845034623143947783e-03 1.050931340336675032e-03 9.448005642804188121e-04
3.639899970836189824e-02 9.726421053748931372e-03 1.088642879746548305e-03 9.542485699232230783e-04
3.676298970544551736e-02 9.725776664402300750e-03 1.057996046247659415e-03 9.637910556224552928e-04
3.713061960249997018e-02 9.190798858743661273e-03 9.960389031441023444e-04 9.734289661786798458e-04
3.750192579852497377e-02 9.797073531617610936e-03 1.013108153117418028e-03 9.831632558404666562e-04
3.787694505651022225e-02 9.083623903340137806e-03 9.847167924396330735e-04 9.929948883988712598e-04
3.825571450707532239e-02 8.766547139740937106e-03 9.131510919578305231e-04 1.002924837282860105e-03
3.863827165214607506e-02 9.203909028419813079e-03 9.149948171962552466e-04 1.012954085655688643e-03
3.902465436866753290e-02 7.386323897366907539e-03 8.231599925565642392e-04 1.023083626512245447e-03
3.941490091235420878e-02 7.949987417298859035e-03 8.402413300834381564e-04 1.033314462777367880e-03
3.980904992147775434e-02 5.533806824354757688e-03 6.889399934839064276e-04 1.043647607405141569e-03
4.020714042069253868e-02 6.694486084732670893e-03 7.859831023526428267e-04 1.054084083479193230e-03
4.060921182489946046e-02 6.054120357906214722e-03 6.762583998332982000e-04 1.064624924313985069e-03
4.101530394314845812e-02 4.678214130273172441e-03 5.842466158949507788e-04 1.075271173557125091e-03
4.142545698257994735e-02 3.164099374618156886e-03 5.132596352850397024e-04 1.086023885292696336e-03
4.183971155240574780e-02 6.229347347628231418e-03 6.488838346667060320e-04 1.096884124145623479e-03
4.225810866792979736e-02 3.404889696559846614e-03 5.056716256926301577e-04 1.107852965387079404e-03
4.268068975460909131e-02 4.289479103386588908e-03 5.409872545768065104e-04 1.118931495040950165e-03
4.310749665215518611e-02 3.065052023882898664e-03 4.374843768677964383e-04 1.130120809991359658e-03
4.353857161867674685e-02 3.980725567412462564e-03 4.971503941448051408e-04 1.141422018091273497e-03
4.397395733486350600e-02 3.698669340805479239e-03 4.619200113579933716e-04 1.152836238272186018e-03
4.441369690821214689e-02 3.267157869285549927e-03 4.476721275263546894e-04 1.164364600654907954e-03
4.485783387729427168e-02 3.189406433623266732e-03 4.304410982151616921e-04 1.176008246661457190e-03
4.530641221606721003e-02 3.177857186571909475e-03 4.153883759314135906e-04 1.187768329128071655e-03
4.575947633822788352e-02 3.598289659745465465e-03 4.266017397058824065e-04 1.199646012419352398e-03
4.621707110161016319e-02 4.161990553280731087e-03 4.609086541383713986e-04 1.211642472543545930e-03
4.667924181262626815e-02 3.632245852482199940e-03 4.161903956151846934e-04 1.223758897268981474e-03
4.714603423075253152e-02 4.020112681190344747e-03 4.256525706245180111e-04 1.235996486241671332e-03
4.761749457306005406e-02 3.970588832422712079e-03 4.203864448637956728e-04 1.248356451104088057e-03
4.809366951879065488e-02 3.744567065508103577e-03 4.096213664600791200e-04 1.260840015615128816e-03
4.857460621397855643e-02 3.985879730406393685e-03 4.188045119880164872e-04 1.273448415771279976e-03
4.906035227611834498e-02 3.839690685771455884e-03 3.998261680011810449e-04 1.286182899928992951e-03
4.955095579887952573e-02 3.812901809376050173e-03 4.106734862733605706e-04 1.299044728928282818e-03
5.004646535686832487e-02 3.391585783494892575e-03 3.666101274330655258e-04 1.312035176217565737e-03
5.054693001043701617e-02 3.374468457826975375e-03 3.532793874377138728e-04 1.325155527979741477e-03
5.105239931054138258e-02 3.086112008582710294e-03 3.343053981775217349e-04 1.338407083259538811e-03
5.156292330364679183e-02 2.937985957722375092e-03 3.286817625224585791e-04 1.351791154092134208e-03
5.207855253668326745e-02 3.439609193991965876e-03 3.481735518508886234e-04 1.365309065633055728e-03
5.259933806205009665e-02 2.559773046597483247e-03 3.067518774857545404e-04 1.378962156289386233e-03
5.312533144267059942e-02 2.138525650456452650e-03 2.669966867514350466e-04 1.392751777852279998e-03
5.365658475709730868e-02 1.913916545767316638e-03 2.615487749822297675e-04 1.406679295630802913e-03
5.419315060466827622e-02 1.737616635696862541e-03 2.563156189297341393e-04 1.420746088587110812e-03
5.473508211071495544e-02 2.032978233401153828e-03 2.518710037828830522e-04 1.434953549472981968e-03
5.528243293182211193e-02 1.357025636067069442e-03 2.172871791613015257e-04 1.449303084967711779e-03
5.583525726114033083e-02 1.437844689685358708e-03 2.051652782000740530e-04 1.463796115817388947e-03
5.639360983375173858e-02 2.220555715518176317e-03 2.618914080887312004e-04 1.478434076975562901e-03
5.695754593208925132e-02 1.817335163531371171e-03 2.355050369131467768e-04 1.493218417745318521e-03
5.752712139141014092e-02 2.131012505812614286e-03 2.474344173892769391e-04 1.508150601922771594e-03
5.810239260532423788e-02 1.466271309804927916e-03 2.164620474068349972e-04 1.523232107941999104e-03
5.868341653137748581e-02 1.900134297742403803e-03 2.284631120021689981e-04 1.538464429021419323e-03
5.927025069669127066e-02 1.938961301893499462e-03 2.411005229433500600e-04 1.553849073311633832e-03
5.986295320365817713e-02 2.339953493078628360e-03 2.529344806403882899e-04 1.569387564044749921e-03
6.046158273569476188e-02 1.966629469111788164e-03 2.335405525991701616e-04 1.585081439685197442e-03
6.106619856305171151e-02 2.050251841729043567e-03 2.318416996551802189e-04 1.600932254082049460e-03
6.167686054868222467e-02 1.550443304731095916e-03 2.114073900100610750e-04 1.616941576622869890e-03
6.229362915416905566e-02 1.663621584951564293e-03 2.160813045361019229e-04 1.633110992389098749e-03
6.291656544571075371e-02 1.431038168916503759e-03 1.966501747155293257e-04 1.649442102312989990e-03
6.354573110016785431e-02 1.415075378474369696e-03 1.871997523269290609e-04 1.665936523336119688e-03
6.418118841116952911e-02 1.557238025959373608e-03 1.959601047821411216e-04 1.682595888569480853e-03
6.482300029528123564e-02 1.592539997064140690e-03 2.046707316410172517e-04 1.699421847455175917e-03
6.547123029823403995e-02 9.568115438260334791e-04 1.615680132855493189e-04 1.716416065929727511e-03
6.612594260121637535e-02 1.247151268267875091e-03 1.925013698511826175e-04 1.733580226589024643e-03
6.678720202722854271e-02 9.936524137701173778e-04 1.665838129129400204e-04 1.750916028854914916e-03
6.745507404750082647e-02 9.943892378684337542e-04 1.680042085432026443e-04 1.768425189143464030e-03
6.812962478797583710e-02 1.164363208823543383e-03 1.744472611760932226e-04 1.786109441034898840e-03
6.881092103585559339e-02 8.751972921907081281e-04 1.545538632699189915e-04 1.803970535445247828e-03
6.949903024621414960e-02 1.023765854291492413e-03 1.541800651261014969e-04 1.822010240799700267e-03
7.019402054867629470e-02 8.812201756829733191e-04 1.553785594159463076e-04 1.840230343207697279e-03
7.089596075416305931e-02 9.747971028908552441e-04 1.572053850237995420e-04 1.858632646639774314e-03
7.160492036170468255e-02 9.106425420258195454e-04 1.476994046101500141e-04 1.877218973106171973e-03
7.232096956532173271e-02 1.138591126529250614e-03 1.627488359955922450e-04 1.895991162837233580e-03
7.304417926097495073e-02 1.216410214636684094e-03 1.609405663759017047e-04 1.914951074465606013e-03
7.377462105358470468e-02 1.103771290966024630e-03 1.594035779081242059e-04 1.934100585210262206e-03
7.451236726412055478e-02 6.274997476340336789e-04 1.227002400265584715e-04 1.953441591062365056e-03
7.525749093676176171e-02 9.589264778051146201e-04 1.397261840240120493e-04 1.972976006972988576e-03
7.601006584612937655e-02 8.458941361254291007e-04 1.303881112810032644e-04 1.992705767042718401e-03
7.677016650459067559e-02 8.057342298592055701e-04 1.257051819308987485e-04 2.012632824713145741e-03
7.753786816963659234e-02 7.887937921436592422e-04 1.245930775027967333e-04 2.032759152960277559e-03
7.831324685133295160e-02 5.781915164616971197e-04 1.130665312016697869e-04 2.053086744489879874e-03
7.909637931984628278e-02 4.577953414472036176e-04 9.335556511904796880e-05 2.073617611934778712e-03
7.988734311304473978e-02 5.903651430556549175e-04 1.133381761412258096e-04 2.094353788054126482e-03
8.068621654417518219e-02 6.054275559583786881e-04 1.236128950424433674e-04 2.115297325934667634e-03
8.149307870961694511e-02 4.500377948586201950e-04 9.177377031348170659e-05 2.136450299194014423e-03
8.230800949671310263e-02 7.177869938725758066e-04 1.148254696883747948e-04 2.157814802185954468e-03
8.313108959168023782e-02 6.622617791290309665e-04 1.169547597806707432e-04 2.179392950207813956e-03
8.396240048759703867e-02 6.182545495501015446e-04 1.059233691489377179e-04 2.201186879709892113e-03
8.480202449247301044e-02 6.221340994107455759e-04 1.276955392313471179e-04 2.223198748506991212e-03
8.565004473739774860e-02 5.199678113585348054e-04 1.026794581795444186e-04 2.245430735992061215e-03
8.650654518477171595e-02 5.839239361707595924e-04 1.073073712964244002e-04 2.267885043351981593e-03
8.737161063661944005e-02 4.653693404675325672e-04 9.871354922605885343e-05 2.290563893785501574e-03
8.824532674298563029e-02 3.292646864205627075e-04 8.287937312103523901e-05 2.313469532723356602e-03
8.912778001041549159e-02 4.034698672494465145e-04 8.405539161229199979e-05 2.336604228050590069e-03
9.001905781051965094e-02 4.043060188698750106e-04 8.423033859707236191e-05 2.359970270331096347e-03
9.091924838862484870e-02 2.482998077125578100e-04 6.630401668450891170e-05 2.383569973034407267e-03
9.182844087251110232e-02 4.613506441327496540e-04 9.040281269005387681e-05 2.407405672764751509e-03
9.274672528123620308e-02 2.788187855337196817e-04 9.002031409646591353e-05 2.431479729492398625e-03
9.367419253404857260e-02 3.566218865955514774e-04 8.175191594236222296e-05 2.455794526787322823e-03
9.461093445938906221e-02 3.589629777563139524e-04 8.020449040519669621e-05 2.480352472055196052e-03
9.555704380398294395e-02 3.260806152463121979e-04 7.679849424034470120e-05 2.505155996775748108e-03
9.651261424202278727e-02 3.867265361367717481e-04 8.432775376490899051e-05 2.530207556743505927e-03
9.747774038444301237e-02 3.202022001766006726e-04 7.760295304930324705e-05 2.555509632310940665e-03
9.845251778828745248e-02 3.457997317352846023e-04 7.927359764884574819e-05 2.581064728634050332e-03
9.943704296617031368e-02 3.266353298601108843e-04 7.693310567235438820e-05 2.606875375920390554e-03
1.004314133958320171e-01 2.012333669956762423e-04 6.063218606046190330e-05 2.632944129679594663e-03
