2.810177359318865101e-02 4.372156121747889507e-02 1.784126532406199103e-02 7.367256649485903622e-04
2.838279132912053734e-02 1.399405680178577444e-02 9.890731157558377631e-03 7.440929215980761910e-04
2.866661924241174081e-02 1.355819152856528077e-02 9.582827965382770610e-03 7.515338508140569865e-04
2.895328543483586051e-02 1.246037400073965982e-02 8.806798676043749857e-03 7.590491893221975976e-04
2.924281828918421852e-02 1.828073809148189621e-02 1.054949277373478690e-02 7.666396812154195259e-04
2.953524647207605991e-02 1.159384873328267798e-02 8.194262562869680452e-03 7.743060780275736561e-04
2.983059893679682051e-02 1.617065079970664634e-02 9.331805343294072297e-03 7.820491388078494848e-04
3.012890492616479218e-02 2.598992995577027385e-02 1.161765379874781304e-02 7.898696301959280035e-04
3.043019397542644222e-02 1.542740299008618643e-02 8.902854118707064987e-03 7.977683264978873432e-04
3.073449591518070609e-02 9.419039524991998369e-03 6.657137937272602016e-03 8.057460097628661678e-04
3.104184087433251027e-02 0.000000000000000000e+00 0.000000000000000000e+00 8.138034698604947915e-04
3.135225928307583398e-02 4.411729736765495485e-03 4.409641808109507864e-03 8.219415045590997655e-04
3.166578187590659427e-02 8.314563259455785491e-03 5.876441682169375284e-03 8.301609196046907165e-04
3.198243969466565972e-02 -1.581634266125385132e-03 6.799560305221021700e-03 8.384625288007376779e-04
3.230226409161231216e-02 7.883812882355524174e-03 5.571897818762852790e-03 8.468471540887448747e-04
3.262528673252844402e-02 3.690574626202070517e-03 3.688667759259714202e-03 8.553156256296325652e-04
3.295153959985372416e-02 1.403980589925266087e-02 7.016099049956225388e-03 8.638687818859287814e-04
3.328105499585226612e-02 6.881690197591020138e-03 4.863517485589574120e-03 8.725074697047882069e-04
3.361386554581079211e-02 6.485492482205883549e-03 4.583332013770045725e-03 8.812325444018362418e-04
3.395000420126889629e-02 1.544391417395969690e-02 6.902649164239325549e-03 8.900448698458545164e-04
3.428950424328158775e-02 9.121976080313492358e-03 5.263280755761921316e-03 8.989453185443130583e-04
3.463239928571439780e-02 0.000000000000000000e+00 0.000000000000000000e+00 9.079347717297560523e-04
3.497872327857154406e-02 1.921070658537470457e-02 7.255967829837373616e-03 9.170141194470536605e-04
3.532851051135725562e-02 2.661163257812337261e-03 2.659280605393968874e-03 9.261842606415241321e-04
3.568179561647083498e-02 7.588014442660856451e-03 4.377659545567517269e-03 9.354461032479395371e-04
3.603861357263554027e-02 9.620408133360593833e-03 4.806502195070088378e-03 9.448005642804188121e-04
3.639899970836189824e-02 4.724549042681083257e-03 3.338072419358294705e-03 9.542485699232230783e-04
3.676298970544551736e-02 1.192671848590991582e-02 7.200303990102943121e-03 9.637910556224552928e-04
3.713061960249997018e-02 4.424925961374487522e-03 3.126235341349349606e-03 9.734289661786798458e-04
3.750192579852497377e-02 8.300779396821009529e-03 4.146786573426288619e-03 9.831632558404666562e-04
3.787694505651022225e-02 8.151915451426005113e-03 4.072324589984881692e-03 9.929948883988712598e-04
3.825571450707532239e-02 9.748761738977956837e-03 4.355842557757554946e-03 1.002924837282860105e-03
3.863827165214607506e-02 7.458473520954710979e-03 3.725860114575240030e-03 1.012954085655688643e-03
3.902465436866753290e-02 9.039227501252036778e-03 4.038762076767036732e-03 1.023083626512245447e-03
3.941490091235420878e-02 1.756701682678056932e-03 1.755089218113998909e-03 1.033314462777367880e-03
3.980904992147775434e-02 1.340004454096810696e-02 4.733236068392103653e-03 1.043647607405141569e-03
4.020714042069253868e-02 1.616273825121132199e-02 5.106497229934664830e-03 1.054084083479193230e-03
4.060921182489946046e-02 4.645400753003981267e-03 2.679587616572147706e-03 1.064624924313985069e-03
4.101530394314845812e-02 4.487045888715546736e-03 2.588246680451393791e-03 1.075271173557125091e-03
4.142545698257994735e-02 5.774107818955579244e-03 2.884528171022621764e-03 1.086023885292696336e-03
4.183971155240574780e-02 2.770919998233957893e-03 1.957613332368198910e-03 1.096884124145623479e-03
4.225810866792979736e-02 1.360737004853399684e-03 1.359547200493775891e-03 1.107852965387079404e-03
4.268068975460909131e-02 2.610251190791422222e-03 1.844109487600358553e-03 1.118931495040950165e-03
4.310749665215518611e-02 1.279904382806384142e-03 1.278797202631926132e-03 1.130120809991359658e-03
4.353857161867674685e-02 7.636117582474858702e-03 3.114671554261400077e-03 1.141422018091273497e-03
4.397395733486350600e-02 3.547492403149616735e-03 2.046322367620802014e-03 1.152836238272186018e-03
4.441369690821214689e-02 3.387730216290722133e-03 1.954119271243399091e-03 1.164364600654907954e-03
4.485783387729427168e-02 4.405789779415501990e-03 2.200808905107291477e-03 1.176008246661457190e-03
4.530641221606721003e-02 3.166768267119961493e-03 1.826550051638902708e-03 1.187768329128071655e-03
4.575947633822788352e-02 4.147997567774935196e-03 2.071872896553783247e-03 1.199646012419352398e-03
4.621707110161016319e-02 0.000000000000000000e+00 0.000000000000000000e+00 1.211642472543545930e-03
4.667924181262626815e-02 5.867463641079992756e-03 2.392758917736027835e-03 1.223758897268981474e-03
4.714603423075253152e-02 1.848518765336530645e-03 1.305621769005787082e-03 1.235996486241671332e-03
4.761749457306005406e-02 3.651399371123757211e-03 1.823560677137778903e-03 1.248356451104088057e-03
4.809366951879065488e-02 1.769548493253475735e-03 1.249730508013402073e-03 1.260840015615128816e-03
4.857460621397855643e-02 2.614029504554951557e-03 1.507354172211718222e-03 1.273448415771279976e-03
4.906035227611834498e-02 3.415946205497847037e-03 1.705877787911630646e-03 1.286182899928992951e-03
4.955095579887952573e-02 3.628801031496057140e-03 1.812256802507209710e-03 1.299044728928282818e-03
5.004646535686832487e-02 7.832510205583750971e-04 7.822406065657457833e-04 1.312035176217565737e-03
5.054693001043701617e-02 1.517514762845714304e-03 1.071646102620221015e-03 1.325155527979741477e-03
5.105239931054138258e-02 5.943150327151559657e-03 2.098530192863956503e-03 1.338407083259538811e-03
5.156292330364679183e-02 2.140613353830791467e-03 1.234316746436343133e-03 1.351791154092134208e-03
5.207855253668326745e-02 3.497991718775041430e-03 1.562377289909193650e-03 1.365309065633055728e-03
5.259933806205009665e-02 2.726164635670041449e-03 1.361404118159979717e-03 1.378962156289386233e-03
5.312533144267059942e-02 3.418510277216117287e-03 1.526990752294463257e-03 1.392751777852279998e-03
5.365658475709730868e-02 2.075677509687296873e-03 1.197062499579128756e-03 1.406679295630802913e-03
5.419315060466827622e-02 2.830190323960810224e-03 1.413563564334572404e-03 1.420746088587110812e-03
5.473508211071495544e-02 2.559904201646426986e-03 1.278477201946207238e-03 1.434953549472981968e-03
5.528243293182211193e-02 2.422387145713036059e-03 1.209799271741046449e-03 1.449303084967711779e-03
5.583525726114033083e-02 6.004068255522287349e-04 5.997082313361062076e-04 1.463796115817388947e-03
5.639360983375173858e-02 1.191759066061867265e-03 8.417128474697522459e-04 1.478434076975562901e-03
5.695754593208925132e-02 1.782039524948226617e-03 1.027679284589983616e-03 1.493218417745318521e-03
5.752712139141014092e-02 1.767731463125624689e-03 1.019399881290294040e-03 1.508150601922771594e-03
5.810239260532423788e-02 1.703030630558070727e-03 9.820506203114978509e-04 1.523232107941999104e-03
5.868341653137748581e-02 1.690389420433719347e-03 9.747351938645198261e-04 1.538464429021419323e-03
5.927025069669127066e-02 1.104359135907725465e-03 7.799116720188382489e-04 1.553849073311633832e-03
5.986295320365817713e-02 2.701888867198185169e-03 1.206770690453655209e-03 1.569387564044749921e-03
6.046158273569476188e-02 5.347547926853953200e-04 5.340554836282587195e-04 1.585081439685197442e-03
6.106619856305171151e-02 4.302704335116144981e-03 1.519245726609849342e-03 1.600932254082049460e-03
6.167686054868222467e-02 3.128116447528090770e-03 1.275375923209054376e-03 1.616941576622869890e-03
6.229362915416905566e-02 5.220020063940888520e-04 5.213119984938973696e-04 1.633110992389098749e-03
6.291656544571075371e-02 2.046536284372253451e-03 1.021680879316040408e-03 1.649442102312989990e-03
6.354573110016785431e-02 1.523925709011172231e-03 8.787527690834388665e-04 1.665936523336119688e-03
6.418118841116952911e-02 8.091763779848286505e-04 1.125077686137959535e-03 1.682595888569480853e-03
6.482300029528123564e-02 1.536994028715571014e-03 8.864121926611408893e-04 1.699421847455175917e-03
6.547123029823403995e-02 1.118809484696222300e-03 7.902956252388424656e-04 1.716416065929727511e-03
6.612594260121637535e-02 5.517536846320256465e-04 5.512150605251537640e-04 1.733580226589024643e-03
6.678720202722854271e-02 1.580148611405905474e-03 9.114027807836737848e-04 1.750916028854914916e-03
6.745507404750082647e-02 1.036779976810036545e-03 7.323857179342186958e-04 1.768425189143464030e-03
6.812962478797583710e-02 2.002071831381119129e-03 1.000041240406279426e-03 1.786109441034898840e-03
6.881092103585559339e-02 4.940142422482986543e-04 4.935112865209988469e-04 1.803970535445247828e-03
6.949903024621414960e-02 4.760877135567146215e-04 4.755987653052370792e-04 1.822010240799700267e-03
7.019402054867629470e-02 0.000000000000000000e+00 0.000000000000000000e+00 1.840230343207697279e-03
7.089596075416305931e-02 4.512700692559330003e-04 4.507797964288429615e-04 1.858632646639774314e-03
7.160492036170468255e-02 8.820287373965407258e-04 6.230045907092117159e-04 1.877218973106171973e-03
7.232096956532173271e-02 2.187550328756967741e-03 9.772238975110773308e-04 1.895991162837233580e-03
7.304417926097495073e-02 4.366600695898560777e-04 4.361808183685319997e-04 1.914951074465606013e-03
7.377462105358470468e-02 1.296712904040049196e-03 7.478558346999218806e-04 1.934100585210262206e-03
7.451236726412055478e-02 1.273344196014960811e-03 7.343819345051806917e-04 1.953441591062365056e-03
7.525749093676176171e-02 0.000000000000000000e+00 0.000000000000000000e+00 1.972976006972988576e-03
7.601006584612937655e-02 1.236308860769698773e-03 7.130382144364524671e-04 1.992705767042718401e-03
7.677016650459067559e-02 1.206345967581617853e-03 6.957649392746561830e-04 2.012632824713145741e-03
7.753786816963659234e-02 8.069894555369053245e-04 5.700532540303263410e-04 2.032759152960277559e-03
7.831324685133295160e-02 1.564378129299829473e-03 7.814111017459917079e-04 2.053086744489879874e-03
7.909637931984628278e-02 1.170900629558448884e-03 6.753577311877449188e-04 2.073617611934778712e-03
7.988734311304473978e-02 0.000000000000000000e+00 0.000000000000000000e+00 2.094353788054126482e-03
8.068621654417518219e-02 0.000000000000000000e+00 0.000000000000000000e+00 2.115297325934667634e-03
8.149307870961694511e-02 0.000000000000000000e+00 0.000000000000000000e+00 2.136450299194014423e-03
8.230800949671310263e-02 3.765905938077993703e-04 3.762222707536622243e-04 2.157814802185954468e-03
8.313108959168023782e-02 3.738160298106664274e-04 3.734502871133680169e-04 2.179392950207813956e-03
8.396240048759703867e-02 3.720720622384856170e-04 3.716986506290918400e-04 2.201186879709892113e-03
8.480202449247301044e-02 0.000000000000000000e+00 0.000000000000000000e+00 2.223198748506991212e-03
8.565004473739774860e-02 7.439982537055156355e-04 5.255700791920572606e-04 2.245430735992061215e-03
8.650654518477171595e-02 3.665141342073695773e-04 3.661545555242847676e-04 2.267885043351981593e-03
8.737161063661944005e-02 7.255097593978880469e-04 5.125247186736949781e-04 2.290563893785501574e-03
8.824532674298563029e-02 0.000000000000000000e+00 0.000000000000000000e+00 2.313469532723356602e-03
8.912778001041549159e-02 7.178801131706697260e-04 5.071720512640561125e-04 2.336604228050590069e-03
9.001905781051965094e-02 3.596780493560740180e-04 3.593682780519912002e-04 2.359970270331096347e-03
9.091924838862484870e-02 3.629028194713160163e-04 3.625902708470250205e-04 2.383569973034407267e-03
9.182844087251110232e-02 7.261501585867080610e-04 5.130372792831546956e-04 2.407405672764751509e-03
9.274672528123620308e-02 0.000000000000000000e+00 0.000000000000000000e+00 2.431479729492398625e-03
9.367419253404857260e-02 3.840512049175620309e-04 3.837583493043463466e-04 2.455794526787322823e-03
9.461093445938906221e-02 0.000000000000000000e+00 0.000000000000000000e+00 2.480352472055196052e-03
9.555704380398294395e-02 0.000000000000000000e+00 0.000000000000000000e+00 2.505155996775748108e-03
9.651261424202278727e-02 1.130425682554535034e-03 6.521670937296669777e-04 2.530207556743505927e-03
9.747774038444301237e-02 3.854036773479301145e-04 3.851175832279140764e-04 2.555509632310940665e-03
9.845251778828745248e-02 0.000000000000000000e+00 0.000000000000000000e+00 2.581064728634050332e-03
9.943704296617031368e-02 3.713037282459917955e-04 3.710356752633016831e-04 2.606875375920390554e-03
1.004314133958320171e-01 0.000000000000000000e+00 0.000000000000000000e+00 2.632944129679594663e-03
