2.810177359318865101e-02 5.825894026481199910e-03 5.823244793218008628e-03 7.367226755486193076e-04
2.838279132912053734e-02 4.475229839741056564e-02 1.581509108794430449e-02 7.440899023041054258e-04
2.866661924241174081e-02 1.625965324009770105e-02 9.383291919063559833e-03 7.515308013271464931e-04
2.895328543483586051e-02 4.980973734975391830e-03 4.978703066489381830e-03 7.590461093404179960e-04
2.924281828918421852e-02 1.948696677156569815e-02 9.738982484669400294e-03 7.666365704338221499e-04
2.953524647207605991e-02 1.391025168839200854e-02 8.027362358990187963e-03 7.743029361381603042e-04
2.983059893679682051e-02 1.292264684453969630e-02 7.457426543051886084e-03 7.820459654995419538e-04
3.012890492616479218e-02 2.909018446628324969e-02 1.098995412653551614e-02 7.898664251545374059e-04
3.043019397542644222e-02 1.233924929759380208e-02 7.120737032399349943e-03 7.977650894060828819e-04
3.073449591518070609e-02 7.530432753058998938e-03 5.322318632537135011e-03 8.057427403001436944e-04
3.104184087433251027e-02 2.271653808064001776e-03 7.530465211397386650e-03 8.138001677031450392e-04
3.135225928307583398e-02 7.054749565829562807e-03 4.985036062896742483e-03 8.219381693801764734e-04
3.166578187590659427e-02 9.967720485300264610e-03 5.752090276329275068e-03 8.301575510739783205e-04
3.198243969466565972e-02 0.000000000000000000e+00 0.000000000000000000e+00 8.384591265847180256e-04
3.230226409161231216e-02 6.301090968912206186e-03 4.453276519241009500e-03 8.468437178505651333e-04
3.262528673252844402e-02 1.180958758058807227e-02 5.901706303123922283e-03 8.553121550290709602e-04
3.295153959985372416e-02 5.612266405380417905e-03 3.966349269843501800e-03 8.638652765793616373e-04
3.328105499585226612e-02 2.750150226012600379e-03 2.748696342164385492e-03 8.725039293451553610e-04
3.361386554581079211e-02 5.181407042626861095e-03 3.661694436317152607e-03 8.812289686386070003e-04
3.395000420126889629e-02 7.417386056465973161e-03 4.279863269826185770e-03 8.900412583249929597e-04
3.428950424328158775e-02 0.000000000000000000e+00 0.000000000000000000e+00 8.989416709082429131e-04
3.463239928571439780e-02 1.198683065850713984e-02 5.357221846964620518e-03 9.079310876173252382e-04
3.497872327857154406e-02 8.780515995423657585e-03 4.387205864080160646e-03 9.170103984934985112e-04
3.532851051135725562e-02 1.275993697649811277e-02 5.205528708150350056e-03 9.261805024784333998e-04
3.568179561647083498e-02 2.022133825886309171e-03 2.020642879011110438e-03 9.354423075032179636e-04
3.603861357263554027e-02 3.846492504106546837e-03 2.717780283520014693e-03 9.447967305782500489e-04
3.639899970836189824e-02 7.552790247533033331e-03 3.773409465887918660e-03 9.542446978840326069e-04
3.676298970544551736e-02 9.081094772351206920e-03 4.057826441698724092e-03 9.637871448628729113e-04
3.713061960249997018e-02 7.075211865647136091e-03 3.534639657411375781e-03 9.734250163115016133e-04
3.750192579852497377e-02 9.956434895610934491e-03 4.061139053156455868e-03 9.831592664746166207e-04
3.787694505651022225e-02 1.140550336217213689e-02 4.307016228829922341e-03 9.929908591393627523e-04
3.825571450707532239e-02 7.792796806457658737e-03 3.481898202239070306e-03 1.002920767730756382e-03
3.863827165214607506e-02 1.043522148968805373e-02 3.940570584484263082e-03 1.012949975408063965e-03
3.902465436866753290e-02 4.336070016035199239e-03 2.501137005747297234e-03 1.023079475162144529e-03
3.941490091235420878e-02 1.404447238303354814e-02 4.437205971049532939e-03 1.033310269913765992e-03
3.980904992147775434e-02 6.696735013993900323e-03 2.992080933352410377e-03 1.043643372612903771e-03
4.020714042069253868e-02 3.877064327130098995e-03 2.236417413323379087e-03 1.054079806339032954e-03
4.060921182489946046e-02 6.189880623216918211e-03 2.765694682349151539e-03 1.064620604402423138e-03
4.101530394314845812e-02 7.174704901720577177e-03 2.926403473424556232e-03 1.075266810446447435e-03
4.142545698257994735e-02 5.769762780015698193e-03 2.578054925842205615e-03 1.086019478550912139e-03
4.183971155240574780e-02 5.538935838067009058e-03 2.474911617144105128e-03 1.096879673336421165e-03
4.225810866792979736e-02 1.088007382125980157e-03 1.087062127725501367e-03 1.107848470069785216e-03
4.268068975460909131e-02 5.216033536476846581e-03 2.330641640462309972e-03 1.118926954770483066e-03
4.310749665215518611e-02 3.070166739462003389e-03 1.771020905651356529e-03 1.130116224318187959e-03
4.353857161867674685e-02 3.053125015242289918e-03 1.761168756659011294e-03 1.141417386561369976e-03
4.397395733486350600e-02 1.890978534532383390e-03 1.335933643347210443e-03 1.152831560426983461e-03
4.441369690821214689e-02 0.000000000000000000e+00 0.000000000000000000e+00 1.164359876031253625e-03
4.485783387729427168e-02 8.805837716003066468e-04 8.797565916089173299e-04 1.176003474791566207e-03
4.530641221606721003e-02 8.442547032407016856e-04 8.434195011015236483e-04 1.187763509539481671e-03
4.575947633822788352e-02 5.803989932335378889e-03 2.191456536256959457e-03 1.199641144634876547e-03
4.621707110161016319e-02 2.413603012141275241e-03 1.392012542793258020e-03 1.211637556081225338e-03
4.667924181262626815e-02 4.690598062889374080e-03 1.912831681802236884e-03 1.223753931642037772e-03
4.714603423075253152e-02 2.216952018309256353e-03 1.278519410154927913e-03 1.235991470958458082e-03
4.761749457306005406e-02 4.378927413762698055e-03 1.785587778099303677e-03 1.248351385668042615e-03
4.809366951879065488e-02 2.829789055570245543e-03 1.413192662530623209e-03 1.260834899524723111e-03
4.857460621397855643e-02 5.572202703153316880e-03 1.967652424268433176e-03 1.273443248519970199e-03
4.906035227611834498e-02 8.194080714366567056e-03 2.362546143346834059e-03 1.286177681005169901e-03
4.955095579887952573e-02 3.626693125374738647e-03 1.620008774326313176e-03 1.299039457815221593e-03
5.004646535686832487e-02 5.632509015624738435e-03 1.875072759773083837e-03 1.312029852393373913e-03
5.054693001043701617e-02 4.246342786661981387e-03 1.602873003933825806e-03 1.325150150917307713e-03
5.105239931054138258e-02 7.131389402171112515e-03 2.056005461977340569e-03 1.338401652426480810e-03
5.156292330364679183e-02 1.140587397656933405e-03 8.054945179806343196e-04 1.351785668950745371e-03
5.207855253668326745e-02 1.677561757960584644e-03 9.673210035028708895e-04 1.365303525640253115e-03
5.259933806205009665e-02 3.052654629802316767e-03 1.629686425265489255e-03 1.378956560896655486e-03
5.312533144267059942e-02 2.732745622695040028e-03 1.220671273694303545e-03 1.392746126505622212e-03
5.365658475709730868e-02 3.318152050386373019e-03 1.353092153352623318e-03 1.406673587770678477e-03
5.419315060466827622e-02 3.394072142681778433e-03 1.384123105879034180e-03 1.420740323648385199e-03
5.473508211071495544e-02 2.559543434799642098e-03 1.143344135563260618e-03 1.434947726884868921e-03
5.528243293182211193e-02 1.451848002671930543e-03 8.372529837317595983e-04 1.449297204153717801e-03
5.583525726114033083e-02 6.003858752210677581e-04 1.181289824526459342e-03 1.463790176195254754e-03
5.639360983375173858e-02 1.429598576107059217e-03 8.244027840848939213e-04 1.478428077957207477e-03
5.695754593208925132e-02 1.424064021291722134e-03 8.212394136728442184e-04 1.493212358736779486e-03
5.752712139141014092e-02 2.355175089544872535e-03 1.052040996248634766e-03 1.508144482324147093e-03
5.810239260532423788e-02 5.448387171284676395e-03 1.570903045671238505e-03 1.523225927147388607e-03
5.868341653137748581e-02 4.054459005474180845e-03 1.349791942489640077e-03 1.538458186418862478e-03
5.927025069669127066e-02 1.323881847669720717e-03 7.633749003150549703e-04 1.553842768283051484e-03
5.986295320365817713e-02 3.023475269458073770e-03 1.141272024113204522e-03 1.569381195965881878e-03
6.046158273569476188e-02 2.137656966451235378e-03 9.547390929953860446e-04 1.585075007925540675e-03
6.106619856305171151e-02 8.605222281847229194e-04 6.076851277498685790e-04 1.600925758004796088e-03
6.167686054868222467e-02 1.249723074740825184e-03 7.205777723883075242e-04 1.616935015584844079e-03
6.229362915416905566e-02 8.346713228066942897e-04 5.894215948152859135e-04 1.633104365740692746e-03
6.291656544571075371e-02 2.864020969494535541e-03 1.080957454176336959e-03 1.649435409398099716e-03
6.354573110016785431e-02 8.123975137578633675e-04 5.737400169458890201e-04 1.665929763492080560e-03
6.418118841116952911e-02 8.085837762048144872e-04 5.710704409843925765e-04 1.682589061127001424e-03
6.482300029528123564e-02 2.456516240607361460e-03 1.001745488431878342e-03 1.699414951738271746e-03
6.547123029823403995e-02 1.341666398517726453e-03 7.738208763859063784e-04 1.716409101255654155e-03
6.612594260121637535e-02 8.822563938216318718e-04 6.232359885120157105e-04 1.733573192268210656e-03
6.678720202722854271e-02 1.684445524900674484e-03 8.413884188531436719e-04 1.750908924190892673e-03
6.745507404750082647e-02 8.295072459514447015e-04 5.859684733118092044e-04 1.768418013432801646e-03
6.812962478797583710e-02 1.200480052721638767e-03 6.924089321755327701e-04 1.786102193567129688e-03
6.881092103585559339e-02 3.946802837960794192e-04 3.942784599370594890e-04 1.803963215502800942e-03
6.949903024621414960e-02 1.142373875555048731e-03 6.588724984315224176e-04 1.822002847657828994e-03
7.019402054867629470e-02 3.711903269906103990e-04 3.707994493115776341e-04 1.840222876134407293e-03
7.089596075416305931e-02 1.082005546154316900e-03 6.240175054623425940e-04 1.858625104895751407e-03
7.160492036170468255e-02 1.410888732135880032e-03 7.046636599312870383e-04 1.877211355944708761e-03
7.232096956532173271e-02 1.748989158738509589e-03 7.813118728079206923e-04 1.895983469504155996e-03
7.304417926097495073e-02 3.490795966819990807e-04 3.486958462499414272e-04 1.914943304199197630e-03
7.377462105358470468e-02 6.912609225226469967e-04 4.882588142913963421e-04 1.934092737241189641e-03
7.451236726412055478e-02 6.781311133588585442e-04 4.789987862154793954e-04 1.953433664613601645e-03
7.525749093676176171e-02 0.000000000000000000e+00 0.000000000000000000e+00 1.972968001259737831e-03
7.601006584612937655e-02 6.594342319732545993e-04 4.658088986936328676e-04 1.992697681272334858e-03
7.677016650459067559e-02 0.000000000000000000e+00 0.000000000000000000e+00 2.012624658085058419e-03
7.753786816963659234e-02 1.289216247779755410e-03 6.439546449023266037e-04 2.032750904665909294e-03
7.831324685133295160e-02 6.257996816928617896e-04 4.420648338430021207e-04 2.053078413712568391e-03
7.909637931984628278e-02 0.000000000000000000e+00 0.000000000000000000e+00 2.073609197849693789e-03
7.988734311304473978e-02 3.092147661273081708e-04 3.089144530883419955e-04 2.094345289828190588e-03
8.068621654417518219e-02 3.053340348298989892e-04 3.050357306215856885e-04 2.115288742726472663e-03
8.149307870961694511e-02 -2.299230209223091740e-04 6.172952178907579720e-04 2.136441630153737559e-03
8.230800949671310263e-02 6.019677229484159944e-04 4.252390723156939593e-04 2.157806046455274483e-03
8.313108959168023782e-02 5.977247525229988827e-04 4.222416987017747259e-04 2.179384106919827514e-03
8.396240048759703867e-02 8.924042721022236360e-04 5.147127619744429209e-04 2.201177947989025729e-03
8.480202449247301044e-02 8.972677116166879801e-04 5.175201301462014790e-04 2.223189727468915817e-03
8.565004473739774860e-02 8.923284531666429492e-04 5.146806353471670200e-04 2.245421624743605422e-03
8.650654518477171595e-02 0.000000000000000000e+00 0.000000000000000000e+00 2.267875840991041055e-03
8.737161063661944005e-02 0.000000000000000000e+00 0.000000000000000000e+00 2.290554599400951817e-03
8.824532674298563029e-02 5.791808430743827611e-04 4.091638621429079942e-04 2.313460145394961084e-03
8.912778001041549159e-02 2.869691765247819166e-04 2.867171292016033272e-04 2.336594746848910838e-03
9.001905781051965094e-02 5.751183895142312043e-04 4.063198701931663146e-04 2.359960694317399937e-03
9.091924838862484870e-02 2.901373679296957611e-04 2.898874882640212398e-04 2.383560301260574058e-03
9.182844087251110232e-02 2.905956168720125014e-04 2.903531516691209235e-04 2.407395904273179881e-03
9.274672528123620308e-02 0.000000000000000000e+00 0.000000000000000000e+00 2.431469863315911719e-03
9.367419253404857260e-02 9.211424839685600089e-04 5.314144264356842002e-04 2.455784561949070962e-03
9.461093445938906221e-02 2.938673604147095351e-04 2.936400758491244131e-04 2.480342407568561763e-03
9.555704380398294395e-02 0.000000000000000000e+00 0.000000000000000000e+00 2.505145831644247246e-03
9.651261424202278727e-02 3.012392564293049483e-04 3.010062702510235837e-04 2.530197289960690096e-03
9.747774038444301237e-02 0.000000000000000000e+00 0.000000000000000000e+00 2.555499262860296602e-03
9.845251778828745248e-02 2.980900691883687256e-04 2.978705450794461441e-04 2.581054255488900162e-03
9.943704296617031368e-02 5.929958260560250390e-04 4.190086589990913097e-04 2.606864798043788574e-03
1.004314133958320171e-01 0.000000000000000000e+00 0.000000000000000000e+00 2.632933446024226295e-03
