2.810177359318865101e-02 1.810104717634214433e-02 1.618347594849276188e-03 7.367166968214608827e-04
2.838279132912053734e-02 1.865295806657518013e-02 1.545276361028892704e-03 7.440838637896754048e-04
2.866661924241174081e-02 1.805205489837276300e-02 1.495499806764449694e-03 7.515247024275721046e-04
2.895328543483586051e-02 1.799147221753319426e-02 1.444175546717138591e-03 7.590399494518479612e-04
2.924281828918421852e-02 1.636229864993232405e-02 1.359322345709289585e-03 7.666303489463664007e-04
2.953524647207605991e-02 1.480193570072680861e-02 1.260479314276639765e-03 7.742966524358300268e-04
2.983059893679682051e-02 1.398041073836551670e-02 1.181982408940552252e-03 7.820396189601883314e-04
3.012890492616479218e-02 1.368547935740395231e-02 1.134779953153207659e-03 7.898600151497903610e-04
3.043019397542644222e-02 1.260534676858111360e-02 1.072553194295923712e-03 7.977586153012883015e-04
3.073449591518070609e-02 9.116058502214948248e-03 8.983864971277723656e-04 8.057362014543010880e-04
3.104184087433251027e-02 1.104724273426679199e-02 9.747247434918323910e-04 8.137935634688441130e-04
3.135225928307583398e-02 8.650729674897527852e-03 8.345176350652961468e-04 8.219314991035325119e-04
3.166578187590659427e-02 7.863871927028255951e-03 7.731949474659141532e-04 8.301508140945678934e-04
3.198243969466565972e-02 9.291536147464364917e-03 8.166569837810590260e-04 8.384523222355135018e-04
3.230226409161231216e-02 8.033488411108810276e-03 7.487505325929096197e-04 8.468368454578685447e-04
3.262528673252844402e-02 7.019761288065932449e-03 6.985641684215733883e-04 8.553052139124474318e-04
3.295153959985372416e-02 7.623455995684995726e-03 7.202562610883485967e-04 8.638582660515718411e-04
3.328105499585226612e-02 6.924407511955725687e-03 6.819710885742440425e-04 8.724968487120876451e-04
3.361386554581079211e-02 7.280356771903417901e-03 6.552053857559627216e-04 8.812218171992086506e-04
3.395000420126889629e-02 6.628775599005103276e-03 6.022591589889269041e-04 8.900340353712005940e-04
3.428950424328158775e-02 8.411370969648139170e-03 6.730299205253565797e-04 8.989343757249126585e-04
3.463239928571439780e-02 8.238076760310082680e-03 6.612654957638983231e-04 9.079237194821617157e-04
3.497872327857154406e-02 9.260323518962408629e-03 6.827515391444398092e-04 9.170029566769833870e-04
3.532851051135725562e-02 9.269488233962964660e-03 6.662474135567099474e-04 9.261729862437530691e-04
3.568179561647083498e-02 8.928000284895232577e-03 6.455270838247183403e-04 9.354347161061908004e-04
3.603861357263554027e-02 8.033983190878264333e-03 6.024185439030207848e-04 9.447890632672525718e-04
3.639899970836189824e-02 9.167522641923287960e-03 6.243018946947806761e-04 9.542369538999252113e-04
3.676298970544551736e-02 9.019926514012044025e-03 6.108539264918177959e-04 9.637793234389244092e-04
3.713061960249997018e-02 8.707390180936903229e-03 6.054585409837925014e-04 9.734171166733136642e-04
3.750192579852497377e-02 8.877430809386520003e-03 5.842925072409469811e-04 9.831512878400469699e-04
3.787694505651022225e-02 8.662546013996895791e-03 5.777599387196030896e-04 9.929828007184473854e-04
3.825571450707532239e-02 8.647773404340784037e-03 5.464396146322780335e-04 1.002912628725631788e-03
3.863827165214607506e-02 8.221925959997473596e-03 5.377306737784014971e-04 1.012941755012887989e-03
3.902465436866753290e-02 8.510791406487023050e-03 5.250351735796276445e-04 1.023071172563016790e-03
3.941490091235420878e-02 7.322546967265892472e-03 4.772344650201416341e-04 1.033301884288647006e-03
3.980904992147775434e-02 6.814283196325660562e-03 4.605976038969628538e-04 1.043634903131533632e-03
4.020714042069253868e-02 6.600943226619805128e-03 4.391431387479131899e-04 1.054071252162849153e-03
4.060921182489946046e-02 5.054433864342126187e-03 3.850811278352283054e-04 1.064611964684477512e-03
4.101530394314845812e-02 4.938133714910347867e-03 3.759039131494705576e-04 1.075258084331322250e-03
4.142545698257994735e-02 5.499023637258438311e-03 3.818946980100151574e-04 1.086010665174635742e-03
4.183971155240574780e-02 4.275300286360107609e-03 3.238251330420600319e-04 1.096870771826382110e-03
4.225810866792979736e-02 4.233750344032827934e-03 3.279460022460905415e-04 1.107839479544645749e-03
4.268068975460909131e-02 4.035195847288289978e-03 3.221764984975519124e-04 1.118917874340091953e-03
4.310749665215518611e-02 3.621991789349932392e-03 3.023374763526241369e-04 1.130107053083493100e-03
4.353857161867674685e-02 3.540494772528426145e-03 2.914308240460221399e-04 1.141408123614328198e-03
4.397395733486350600e-02 3.344357004129202681e-03 2.672586596046973946e-04 1.152822204850471183e-03
4.441369690821214689e-02 2.975640786920188616e-03 2.466207159940628332e-04 1.164350426898976215e-03
4.485783387729427168e-02 3.412070755362262009e-03 2.604508413555148413e-04 1.175993931167966045e-03
4.530641221606721003e-02 2.665501339168480869e-03 2.367329512992470274e-04 1.187753870479645556e-03
4.575947633822788352e-02 3.304733116071807350e-03 2.572302713774652066e-04 1.199631409184442020e-03
4.621707110161016319e-02 3.763399925955212416e-03 2.638724226267787445e-04 1.211627723276286579e-03
4.667924181262626815e-02 3.811789756203718457e-03 2.615263775372872837e-04 1.223744000509049534e-03
4.714603423075253152e-02 3.699038950008380101e-03 2.536580721097074498e-04 1.235981440514139851e-03
4.761749457306005406e-02 4.103884579554941715e-03 2.590998418204358360e-04 1.248341254919281247e-03
4.809366951879065488e-02 4.101358181120756674e-03 2.567027074041300480e-04 1.260824667468474171e-03
4.857460621397855643e-02 3.968934796902499201e-03 2.512477153666884820e-04 1.273432914143158646e-03
4.906035227611834498e-02 3.772336456852280664e-03 2.418713112549666813e-04 1.286167243284590343e-03
4.955095579887952573e-02 3.912250695450518283e-03 2.530135383761356765e-04 1.299028915717436155e-03
5.004646535686832487e-02 3.906719041865274605e-03 2.354343025009109536e-04 1.312019204874610755e-03
5.054693001043701617e-02 3.218181727586735298e-03 2.187992282846153223e-04 1.325139396923356947e-03
5.105239931054138258e-02 3.425154452584384598e-03 2.121458018055918471e-04 1.338390790892590417e-03
5.156292330364679183e-02 3.089485729298260992e-03 2.001504498877302728e-04 1.351774698801516249e-03
5.207855253668326745e-02 2.516970096894121083e-03 1.800192584815123566e-04 1.365292445789531529e-03
5.259933806205009665e-02 2.566992305900689907e-03 1.806087884072315791e-04 1.378945370247426812e-03
5.312533144267059942e-02 1.994905708159396517e-03 1.656301411623550238e-04 1.392734823949901219e-03
5.365658475709730868e-02 2.497104210457369838e-03 1.797591895006031277e-04 1.406662172189400255e-03
5.419315060466827622e-02 1.997813557630976310e-03 1.614695621812593036e-04 1.420728793911294136e-03
5.473508211071495544e-02 1.818180783898798057e-03 1.492373965511158726e-04 1.434936081850407032e-03
5.528243293182211193e-02 1.945089022497301003e-03 1.469826205498642982e-04 1.449285442668911102e-03
5.583525726114033083e-02 1.709658262387918435e-03 1.395731137351721729e-04 1.463778297095600289e-03
5.639360983375173858e-02 1.856933520816598246e-03 1.462902107549430490e-04 1.478416080066556441e-03
5.695754593208925132e-02 1.882952258954724437e-03 1.438124926602720594e-04 1.493200240867221867e-03
5.752712139141014092e-02 1.807366674431680562e-03 1.372505937432976668e-04 1.508132243275893923e-03
5.810239260532423788e-02 1.698387923868960921e-03 1.360541380028961204e-04 1.523213565708652706e-03
5.868341653137748581e-02 1.914275881503099902e-03 1.393275925285216799e-04 1.538445701365739405e-03
5.927025069669127066e-02 1.675597225861190668e-03 1.327023640260392159e-04 1.553830158379397022e-03
5.986295320365817713e-02 1.995301530804361508e-03 1.403141524033831521e-04 1.569368459963190821e-03
6.046158273569476188e-02 1.805462106909127467e-03 1.345537985004135063e-04 1.585062144562822796e-03
6.106619856305171151e-02 1.889282578571742756e-03 1.340898540127191002e-04 1.600912766008451239e-03
6.167686054868222467e-02 1.772547451036932814e-03 1.311372662062090962e-04 1.616921893668535554e-03
6.229362915416905566e-02 1.691603161428876199e-03 1.261504798211645208e-04 1.633091112605221081e-03
6.291656544571075371e-02 1.288984392588239875e-03 1.104603000115716933e-04 1.649422023731273671e-03
6.354573110016785431e-02 1.470154505451685273e-03 1.172809486614149961e-04 1.665916243968586143e-03
6.418118841116952911e-02 1.287771818072177112e-03 1.085843426888752719e-04 1.682575406408272009e-03
6.482300029528123564e-02 1.335493397189011161e-03 1.100263448632534530e-04 1.699401160472354929e-03
6.547123029823403995e-02 1.270903728899078992e-03 1.185422257851580306e-04 1.716395172077078181e-03
6.612594260121637535e-02 1.072030702451019519e-03 1.038566037594966247e-04 1.733559123797848893e-03
6.678720202722854271e-02 1.085852114321168632e-03 1.035010464841151518e-04 1.750894715035827441e-03
6.745507404750082647e-02 1.027797876137005175e-03 1.005708099561793367e-04 1.768403662186185648e-03
6.812962478797583710e-02 7.799627727064521385e-04 8.691339807164941405e-05 1.786087698808047674e-03
6.881092103585559339e-02 7.905389296671506884e-04 8.531777009187195429e-05 1.803948575796128105e-03
6.949903024621414960e-02 1.005006632020197807e-03 9.688087633280529319e-05 1.821988061554089379e-03
7.019402054867629470e-02 7.816690379692189418e-04 8.861373931477167505e-05 1.840207942169630245e-03
7.089596075416305931e-02 9.252654391821634947e-04 8.720446242734302734e-05 1.858610021591326723e-03
7.160492036170468255e-02 9.039762316668416547e-04 8.519626710605133634e-05 1.877196121807239671e-03
7.232096956532173271e-02 1.086457164469217416e-03 9.172128873233567311e-05 1.895968083025312148e-03
7.304417926097495073e-02 9.186559618914000736e-04 9.049274228056366164e-05 1.914927763855565467e-03
7.377462105358470468e-02 8.785439910613809323e-04 8.317167440686079464e-05 1.934077041494121265e-03
7.451236726412055478e-02 8.908354988450425081e-04 8.565266520711142589e-05 1.953417811909062378e-03
7.525749093676176171e-02 7.565471531416214463e-04 7.717549520244878190e-05 1.972951990028152906e-03
7.601006584612937655e-02 7.842899782991093367e-04 7.733143728804994972e-05 1.992681509928434600e-03
7.677016650459067559e-02 7.503585648329332610e-04 7.538073518247042997e-05 2.012608325027719081e-03
7.753786816963659234e-02 6.890543690659197860e-04 7.483714665415152538e-05 2.032734408277996497e-03
7.831324685133295160e-02 6.404838970246168718e-04 6.833355438633696526e-05 2.053061752360776232e-03
7.909637931984628278e-02 5.530347755544760997e-04 6.177061326405017835e-05 2.073592369884383942e-03
7.988734311304473978e-02 5.733407156550027976e-04 6.389163666419001150e-05 2.094328293583227942e-03
8.068621654417518219e-02 4.470199300672416981e-04 5.497068367437583046e-05 2.115271576519060087e-03
8.149307870961694511e-02 6.451042910792410823e-04 6.896580585611411279e-05 2.136424292284250671e-03
8.230800949671310263e-02 4.725845797529626652e-04 5.997107883994372090e-05 2.157788535207092948e-03
8.313108959168023782e-02 5.639635099678166810e-04 6.622535353483814734e-05 2.179366420559164172e-03
8.396240048759703867e-02 5.465529355700556252e-04 6.287500358469232716e-05 2.201160084764755727e-03
8.480202449247301044e-02 5.027034090991004765e-04 6.069037567948121339e-05 2.223171685612403137e-03
8.565004473739774860e-02 5.535659283180473277e-04 6.326815208916655579e-05 2.245403402468527671e-03
8.650654518477171595e-02 6.836612493135951719e-04 6.808007570633998584e-05 2.267857436493212527e-03
8.737161063661944005e-02 5.698866469802127020e-04 6.162303567865962800e-05 2.290536010858144813e-03
8.824532674298563029e-02 4.175181645727927540e-04 5.173885053285894389e-05 2.313441370966726369e-03
8.912778001041549159e-02 3.861193425013938175e-04 5.650068315080321784e-05 2.336575784676393763e-03
9.001905781051965094e-02 3.647768995305815105e-04 5.094165513548303247e-05 2.359941542523157423e-03
9.091924838862484870e-02 3.168084518464302462e-04 4.725728669561216804e-05 2.383540957948389414e-03
9.182844087251110232e-02 2.889168180333638765e-04 4.773492891167911765e-05 2.407376367527873286e-03
9.274672528123620308e-02 3.295458295123337034e-04 5.263844195095688952e-05 2.431450131203151573e-03
9.367419253404857260e-02 3.054786833674330397e-04 4.955808685449311618e-05 2.455764632515183496e-03
9.461093445938906221e-02 3.441896554546420130e-04 5.083488521525502844e-05 2.480322278840335452e-03
9.555704380398294395e-02 4.095343088645634006e-04 5.383376834171730110e-05 2.505125501628738521e-03
9.651261424202278727e-02 4.531442393582900212e-04 5.893809673982138480e-05 2.530176756645026014e-03
9.747774038444301237e-02 2.512114896935511619e-04 4.670509709878803596e-05 2.555478524211476227e-03
9.845251778828745248e-02 2.447344236430908006e-04 4.757178201228342944e-05 2.581033309453591596e-03
9.943704296617031368e-02 2.935653292949107012e-04 4.555078352516758083e-05 2.606843642548126866e-03
1.004314133958320171e-01 2.139632916115934451e-04 4.142518145849905539e-05 2.632912078973608308e-03
