2.810177359318865101e-02 2.395025689322204804e-02 3.021945406558463384e-03 7.367196861729102039e-04
2.838279132912053734e-02 2.233887556271797400e-02 2.864388449806158296e-03 7.440868830346392560e-04
2.866661924241174081e-02 1.451246626598425883e-02 2.386031556915142304e-03 7.515277518649856247e-04
2.895328543483586051e-02 1.834579171787990154e-02 2.454988386576194195e-03 7.590430293836355428e-04
2.924281828918421852e-02 1.551712987346074400e-02 2.150865427477749014e-03 7.666334596774718310e-04
2.953524647207605991e-02 1.046780655029952260e-02 1.720109365585982975e-03 7.742997942742465200e-04
2.983059893679682051e-02 1.359946971171151556e-02 1.952974428894624576e-03 7.820427922169889950e-04
3.012890492616479218e-02 1.192995955307846537e-02 1.739364727903702128e-03 7.898632201391589868e-04
3.043019397542644222e-02 1.056477168906469824e-02 1.629424004154399674e-03 7.977618523405506992e-04
3.073449591518070609e-02 8.427490856279905643e-03 1.454879407229843448e-03 8.057394708639562019e-04
3.104184087433251027e-02 8.930439514941409043e-03 1.497915142860928436e-03 8.137968655725956804e-04
3.135225928307583398e-02 1.004238678583132920e-02 1.522352935266012459e-03 8.219348342283215895e-04
3.166578187590659427e-02 8.333254541455531461e-03 1.300809894023167773e-03 8.301541825706048412e-04
3.198243969466565972e-02 8.309828595880476912e-03 1.266619130710299433e-03 8.384557243963108343e-04
3.230226409161231216e-02 1.031978701219940162e-02 1.452350662219330192e-03 8.468402816402738906e-04
3.262528673252844402e-02 5.773598645354337255e-03 1.020114584125941760e-03 8.553086844566768192e-04
3.295153959985372416e-02 9.952244051756244103e-03 1.306098318547930332e-03 8.638617713012435246e-04
3.328105499585226612e-02 9.076176240762248715e-03 1.234440517337552848e-03 8.725003890142560411e-04
3.361386554581079211e-02 5.862786661852585797e-03 9.632881532423937876e-04 8.812253929043987067e-04
3.395000420126889629e-02 9.521986092071874075e-03 1.198945050873259036e-03 8.900376468334425918e-04
3.428950424328158775e-02 8.313805121143840252e-03 1.110283087663739001e-03 8.989380233017771251e-04
3.463239928571439780e-02 9.616463621245359417e-03 1.216539507169926487e-03 9.079274035347946600e-04
3.497872327857154406e-02 9.124784877235227534e-03 1.105783794821219631e-03 9.170066775701427291e-04
3.532851051135725562e-02 7.280313655635167747e-03 9.721793332439181276e-04 9.261767443458439851e-04
3.568179561647083498e-02 8.141846701908764944e-03 1.062981538795334906e-03 9.354385117893026938e-04
3.603861357263554027e-02 9.433008937790794343e-03 1.083282334037822875e-03 9.447928969071956113e-04
3.639899970836189824e-02 8.553286726662631331e-03 9.935096661955165626e-04 9.542408258762676270e-04
3.676298970544551736e-02 9.535982144637373398e-03 1.027436120885792756e-03 9.637832341350303315e-04
3.713061960249997018e-02 8.547010847965682764e-03 9.607971266992922218e-04 9.734210664763805285e-04
3.750192579852497377e-02 8.478870532393923548e-03 9.449635786117081869e-04 9.831552771411443317e-04
3.787694505651022225e-02 1.075543552814812835e-02 1.034016950343774827e-03 9.929868299125559506e-04
3.825571450707532239e-02 9.778520570307805068e-03 9.801752622253120072e-04 1.002916698211681360e-03
3.863827165214607506e-02 7.801975623284220299e-03 8.588849559741519157e-04 1.012945865193798237e-03
3.902465436866753290e-02 6.343638965696792031e-03 7.890784589712347393e-04 1.023075323845736061e-03
3.941490091235420878e-02 6.201472676145582640e-03 7.623489839323332193e-04 1.033306077084193524e-03
3.980904992147775434e-02 5.779576588781172065e-03 7.033741006460842316e-04 1.043639137855035398e-03
4.020714042069253868e-02 5.609266398795164331e-03 6.650969177812086734e-04 1.054075529233586012e-03
4.060921182489946046e-02 5.220498982346491977e-03 6.279051348077767034e-04 1.064616284525921703e-03
4.101530394314845812e-02 6.436689474984674635e-03 6.855328960396311466e-04 1.075262447371181122e-03
4.142545698257994735e-02 4.486492836063909855e-03 5.767350540735346988e-04 1.086015071844892953e-03
4.183971155240574780e-02 4.198156327239640530e-03 5.326983516027890535e-04 1.096875222563341865e-03
4.225810866792979736e-02 3.581629713066980265e-03 5.233486509995707425e-04 1.107843974788975082e-03
4.268068975460909131e-02 3.955159752588268372e-03 5.018668086626972523e-04 1.118922414536864746e-03
4.310749665215518611e-02 2.813784931252203553e-03 4.190897621098740541e-04 1.130111638682233452e-03
4.353857161867674685e-02 2.563161536345067316e-03 4.302818669562228715e-04 1.141412755069056177e-03
4.397395733486350600e-02 3.467262552953264375e-03 4.472214756750000192e-04 1.152826882619746411e-03
4.441369690821214689e-02 3.013666226999069629e-03 4.198266690712628454e-04 1.164355151445944057e-03
4.485783387729427168e-02 3.531650201265512830e-03 4.466452226669060353e-04 1.175998702960403576e-03
4.530641221606721003e-02 3.406202802666749140e-03 4.188636243633434204e-04 1.187758689990007534e-03
4.575947633822788352e-02 4.002806300582385617e-03 4.498906131656810344e-04 1.199636276889907722e-03
4.621707110161016319e-02 3.148117001491579619e-03 3.930996852186279303e-04 1.211632639658806639e-03
4.667924181262626815e-02 3.358627302761467686e-03 4.137625513347153224e-04 1.223748966055394948e-03
4.714603423075253152e-02 3.641079565219133840e-03 4.134697807369645210e-04 1.235986455715948817e-03
4.761749457306005406e-02 3.701042956496365059e-03 4.057637044589542351e-04 1.248346320273108169e-03
4.809366951879065488e-02 3.357780650845243464e-03 3.888649779690945369e-04 1.260829783475839313e-03
4.857460621397855643e-02 3.917291338972518286e-03 4.079043786345554613e-04 1.273438081310597578e-03
4.906035227611834498e-02 3.348000098489687174e-03 3.887245903354725769e-04 1.286172462123703593e-03
4.955095579887952573e-02 3.971762318289977917e-03 4.268857605225103683e-04 1.299034186744940601e-03
5.004646535686832487e-02 3.482625156519010470e-03 3.646054694412426025e-04 1.312024528612390148e-03
5.054693001043701617e-02 3.300189963653470636e-03 3.493637161812632695e-04 1.325144773898514171e-03
5.105239931054138258e-02 3.502150248161849458e-03 3.768343704762447247e-04 1.338396221637499313e-03
5.156292330364679183e-02 2.844794320713014187e-03 3.209344605885981728e-04 1.351780183853874091e-03
5.207855253668326745e-02 2.585837434419485312e-03 3.035534711905710161e-04 1.365297985692413233e-03
5.259933806205009665e-02 2.898434352185525614e-03 3.103616461932138387e-04 1.378950965549337196e-03
5.312533144267059942e-02 2.444862467646588024e-03 2.982305900555150507e-04 1.392740475204830514e-03
5.365658475709730868e-02 2.342049040023897084e-03 2.907286206117266946e-04 1.406667879956878964e-03
5.419315060466827622e-02 1.832655435003814528e-03 2.514619623975204244e-04 1.420734558756447680e-03
5.473508211071495544e-02 2.128396889798709387e-03 2.578105230753554634e-04 1.434941904344011910e-03
5.528243293182211193e-02 2.218343521414299115e-03 2.558561062196313958e-04 1.449291323387452354e-03
5.583525726114033083e-02 1.967627643669781108e-03 2.401019217455067141e-04 1.463784236621326791e-03
5.639360983375173858e-02 1.922511964274916871e-03 2.363665427775029086e-04 1.478422078987540102e-03
5.695754593208925132e-02 2.049430022201240501e-03 2.493600521773499628e-04 1.493206299777415525e-03
5.752712139141014092e-02 1.698748472914376854e-03 2.208992068292775415e-04 1.508138362775189459e-03
5.810239260532423788e-02 1.403539573659564168e-03 2.035067638467267278e-04 1.523219746402941326e-03
5.868341653137748581e-02 1.889843045099170483e-03 2.334007294853527475e-04 1.538451943866970834e-03
5.927025069669127066e-02 1.645018226555030640e-03 2.103563677886120147e-04 1.553836463305640877e-03
5.986295320365817713e-02 1.865336651537888302e-03 2.269265656254179653e-04 1.569374827938697101e-03
6.046158273569476188e-02 1.809621481966781995e-03 2.245943576737789932e-04 1.585068576218084122e-03
6.106619856305171151e-02 2.067944542541293087e-03 2.378750602672587079e-04 1.600919261980265082e-03
6.167686054868222467e-02 1.619372220265609787e-03 2.080787064143212130e-04 1.616928454600067558e-03
6.229362915416905566e-02 1.852900239673147854e-03 2.221250701800070611e-04 1.633097739146068374e-03
6.291656544571075371e-02 1.549313079070703623e-03 1.964871000551221916e-04 1.649428716537529272e-03
6.354573110016785431e-02 1.461805961588833781e-03 2.031011853199860744e-04 1.665923003702904446e-03
6.418118841116952911e-02 1.463838558686021566e-03 1.975111069580499066e-04 1.682582233739933399e-03
6.482300029528123564e-02 1.352064282575167736e-03 1.837871071735221531e-04 1.699408056077333007e-03
6.547123029823403995e-02 1.585983561483790463e-03 2.080370356093421628e-04 1.716402136638106113e-03
6.612594260121637535e-02 1.213365043061547487e-03 1.807010353120994529e-04 1.733566158004487068e-03
6.678720202722854271e-02 1.190836458318871157e-03 1.838065008142360918e-04 1.750901819584531989e-03
6.745507404750082647e-02 6.590912140278096850e-04 1.291301535351551625e-04 1.768410837780377397e-03
6.812962478797583710e-02 8.802051411958875622e-04 1.465550378043669320e-04 1.786094946158181106e-03
6.881092103585559339e-02 8.450865596869237524e-04 1.427004641572576858e-04 1.803955895619762913e-03
6.949903024621414960e-02 7.908782168347482490e-04 1.354953039088116799e-04 1.821995454575960505e-03
7.019402054867629470e-02 1.180404445066498978e-03 1.635206800170502445e-04 1.840215409121720306e-03
7.089596075416305931e-02 6.215049493011677757e-04 1.300960761201741111e-04 1.858617563212937567e-03
7.160492036170468255e-02 9.487281560123332885e-04 1.428685905664503584e-04 1.877203738845066756e-03
7.232096956532173271e-02 1.134144049786149936e-03 1.556151691651626518e-04 1.895975776233517398e-03
7.304417926097495073e-02 6.791749002073281137e-04 1.347556190996866839e-04 1.914935533995852732e-03
7.377462105358470468e-02 9.726162919337560725e-04 1.432499678169344467e-04 1.934084889335811351e-03
7.451236726412055478e-02 9.120421284498389340e-04 1.373486968122781258e-04 1.953425738229169588e-03
7.525749093676176171e-02 9.793279773432259864e-04 1.412040671894242161e-04 1.972959995611461154e-03
7.601006584612937655e-02 5.035388287424567020e-04 1.006031638751796333e-04 1.992689595567575904e-03
7.677016650459067559e-02 9.827774458081560156e-04 1.388431403854167639e-04 2.012616491523251411e-03
7.753786816963659234e-02 6.033100874346025494e-04 1.147793092293621618e-04 2.032742656438484442e-03
7.831324685133295160e-02 5.466956794939322947e-04 1.079565417408383812e-04 2.053070083002869056e-03
7.909637931984628278e-02 6.484888146614833622e-04 1.111059956349836524e-04 2.073600783832897990e-03
7.988734311304473978e-02 6.158653260684817310e-04 1.131763392997700313e-04 2.094336791671226432e-03
8.068621654417518219e-02 5.039629509900790541e-04 9.689308477741079490e-05 2.115280159587938982e-03
8.149307870961694511e-02 4.310318960768818718e-04 8.978849772012711798e-05 2.136432961183818476e-03
8.230800949671310263e-02 4.345565458009569525e-04 9.551447560706571470e-05 2.157797290795656145e-03
8.313108959168023782e-02 4.614598039479545421e-04 1.001058403592512664e-04 2.179375263703613088e-03
8.396240048759703867e-02 4.518204076312391684e-04 1.043778502258894557e-04 2.201169016340649102e-03
8.480202449247301044e-02 6.174086210325650630e-04 1.208801706091583195e-04 2.223180706504055727e-03
8.565004473739774860e-02 6.218633239165322199e-04 1.162004160195625818e-04 2.245412513569096553e-03
8.650654518477171595e-02 4.478712203265726552e-04 8.948774070017849805e-05 2.267866638704786868e-03
8.737161063661944005e-02 5.353755451535658879e-04 1.076148659924368214e-04 2.290545305091835210e-03
8.824532674298563029e-02 3.939052460672179293e-04 9.201185472113555352e-05 2.313450758142753319e-03
8.912778001041549159e-02 3.860217947183940753e-04 8.222783837667421974e-05 2.336585265724180904e-03
9.001905781051965094e-02 2.214639558573864100e-04 7.015702968017426542e-05 2.359951118381423043e-03
9.091924838862484870e-02 2.836693816309235425e-04 7.085674459088744210e-05 2.383550629565237087e-03
9.182844087251110232e-02 3.728484331395615493e-04 8.129431208573342034e-05 2.407386135860889887e-03
9.274672528123620308e-02 3.753688303785672866e-04 8.387101814101029749e-05 2.431459997219498348e-03
9.367419253404857260e-02 2.440401521977306296e-04 6.763250194728760028e-05 2.455774597191693644e-03
9.461093445938906221e-02 3.141164105162546965e-04 9.341173874308169895e-05 2.480332343163610398e-03
9.555704380398294395e-02 2.735734046014130739e-04 9.593964733521763313e-05 2.505135666595246363e-03
9.651261424202278727e-02 2.366183393918967922e-04 8.436551239458403388e-05 2.530187023261199104e-03
9.747774038444301237e-02 2.825605599185944047e-04 7.290289445631842064e-05 2.555488893493811347e-03
9.845251778828745248e-02 2.776373679660533098e-04 8.148529977714323678e-05 2.581043782428749708e-03
9.943704296617031368e-02 3.081280996087986551e-04 7.467809044891172596e-05 2.606854220253036758e-03
1.004314133958320171e-01 1.511005202226629754e-04 6.614859916510707340e-05 2.632922762455567212e-03
