2.810177359318865101e-02 2.504968613909146907e-02 1.119755648854101927e-02 7.367256649485903622e-04
2.838279132912053734e-02 4.810573809254336565e-03 4.808386110404267756e-03 7.440929215980761910e-04
2.866661924241174081e-02 1.864351660430779017e-02 9.317542896885359222e-03 7.515338508140569865e-04
2.895328543483586051e-02 8.567015065929403303e-03 6.054966388248999090e-03 7.590491893221975976e-04
2.924281828918421852e-02 8.378948549026458623e-03 5.922074068837357951e-03 7.666396812154195259e-04
2.953524647207605991e-02 1.594192665060744155e-02 7.967297838391474221e-03 7.743060780275736561e-04
2.983059893679682051e-02 1.482369829860449850e-02 7.408404828705221143e-03 7.820491388078494848e-04
3.012890492616479218e-02 1.429498028753580820e-02 7.144174377291269938e-03 7.898696301959280035e-04
3.043019397542644222e-02 1.060678527047461892e-02 6.120954840121685392e-03 7.977683264978873432e-04
3.073449591518070609e-02 1.295156857755847511e-02 6.472766659408599361e-03 8.057460097628661678e-04
3.104184087433251027e-02 1.626607622901857231e-02 7.270937946076106231e-03 8.138034698604947915e-04
3.135225928307583398e-02 1.820040198193576333e-02 7.426496092619547761e-03 8.219415045590997655e-04
3.166578187590659427e-02 8.574749260252059052e-03 4.948230167888425027e-03 8.301609196046907165e-04
3.198243969466565972e-02 1.359286530924184305e-02 6.075919347943697230e-03 8.384625288007376779e-04
3.230226409161231216e-02 1.626125265100845105e-03 5.390491357275680254e-03 8.468471540887448747e-04
3.262528673252844402e-02 7.611938464804604045e-03 4.392529208546099712e-03 8.553156256296325652e-04
3.295153959985372416e-02 0.000000000000000000e+00 0.000000000000000000e+00 8.638687818859287814e-04
3.328105499585226612e-02 1.419441743837538891e-02 5.791702048119108659e-03 8.725074697047882069e-04
3.361386554581079211e-02 2.229561764951264787e-03 2.228250544635638000e-03 8.812325444018362418e-04
3.395000420126889629e-02 6.370855653354248228e-03 3.676041563509555975e-03 8.900448698458545164e-04
3.428950424328158775e-02 4.181044639104743166e-03 2.954601444828289930e-03 8.989453185443130583e-04
3.463239928571439780e-02 4.637596303955559413e-03 5.474057480638712045e-03 9.079347717297560523e-04
3.497872327857154406e-02 1.509469358864259578e-02 5.333106783761534624e-03 9.170141194470536605e-04
3.532851051135725562e-02 1.097774490679786358e-02 4.478467752284576511e-03 9.261842606415241321e-04
3.568179561647083498e-02 1.043390736277431327e-02 4.256433543236804937e-03 9.354461032479395371e-04
3.603861357263554027e-02 1.157490375607289797e-02 4.371550988370981501e-03 9.448005642804188121e-04
3.639899970836189824e-02 1.461681375841193849e-02 4.868401713460411041e-03 9.542485699232230783e-04
3.676298970544551736e-02 9.371317026433366448e-03 3.822631312071209965e-03 9.637910556224552928e-04
3.713061960249997018e-02 1.064775434106080172e-02 4.021074667571785527e-03 9.734289661786798458e-04
3.750192579852497377e-02 1.141379183055242844e-02 4.031917866204036763e-03 9.831632558404666562e-04
3.787694505651022225e-02 1.681406061580162717e-02 4.849459364789998096e-03 9.929948883988712598e-04
3.825571450707532239e-02 1.474559564033075566e-02 4.441943847761217409e-03 1.002924837282860105e-03
3.863827165214607506e-02 6.409858856278863835e-03 2.863981754887386360e-03 1.012954085655688643e-03
3.902465436866753290e-02 9.943517443250223659e-03 3.512344286568777965e-03 1.023083626512245447e-03
3.941490091235420878e-02 7.246646903806928421e-03 2.955719330610876230e-03 1.033314462777367880e-03
3.980904992147775434e-02 5.758020616002124288e-03 2.572681885599210124e-03 1.043647607405141569e-03
4.020714042069253868e-02 8.889831278501361678e-03 3.140196525508343051e-03 1.054084083479193230e-03
4.060921182489946046e-02 9.581427125494406533e-03 3.190920026419653659e-03 1.064624924313985069e-03
4.101530394314845812e-02 2.056645688036205441e-03 1.452946390695121969e-03 1.075271173557125091e-03
4.142545698257994735e-02 2.977411258251158425e-03 1.717497818172285685e-03 1.086023885292696336e-03
4.183971155240574780e-02 2.857608195603946431e-03 1.648392784559623908e-03 1.096884124145623479e-03
4.225810866792979736e-02 4.677686805900395373e-03 2.090100686861181330e-03 1.107852965387079404e-03
4.268068975460909131e-02 5.383813560027578661e-04 1.784049766597677706e-03 1.118931495040950165e-03
4.310749665215518611e-02 3.519887464065596036e-03 1.758416490838562345e-03 1.130120809991359658e-03
4.353857161867674685e-02 0.000000000000000000e+00 0.000000000000000000e+00 1.141422018091273497e-03
4.397395733486350600e-02 3.252010224451482630e-03 1.624552339849463702e-03 1.152836238272186018e-03
4.441369690821214689e-02 1.552786135193112141e-03 1.096975485731675835e-03 1.164364600654907954e-03
4.485783387729427168e-02 4.543571067850925120e-03 1.853162718903290408e-03 1.176008246661457190e-03
4.530641221606721003e-02 3.628762406430805897e-03 1.621239381875173857e-03 1.187768329128071655e-03
4.575947633822788352e-02 3.564747192776013089e-03 1.592585190025249319e-03 1.199646012419352398e-03
4.621707110161016319e-02 2.076207828972388616e-03 1.197447179363625653e-03 1.211642472543545930e-03
4.667924181262626815e-02 4.034002682541267502e-03 1.645077161654946805e-03 1.223758897268981474e-03
4.714603423075253152e-02 1.270904002449807285e-03 8.976484107333185811e-04 1.235996486241671332e-03
4.761749457306005406e-02 1.882854076349423523e-03 1.085783714451433882e-03 1.248356451104088057e-03
4.809366951879065488e-02 3.041430609091088245e-03 1.358527819826056216e-03 1.260840015615128816e-03
4.857460621397855643e-02 2.995347234868503319e-03 1.337913681037567089e-03 1.273448415771279976e-03
4.906035227611834498e-02 3.522682086830532851e-03 1.436393961600808096e-03 1.286182899928992951e-03
4.955095579887952573e-02 4.365992366909417742e-03 1.648253813309505161e-03 1.299044728928282818e-03
5.004646535686832487e-02 1.077010280465626408e-03 7.605788393784042745e-04 1.312035176217565737e-03
5.054693001043701617e-02 1.043317556620731263e-03 7.367796569700992134e-04 1.325155527979741477e-03
5.105239931054138258e-02 2.043047101457172183e-03 1.020212158903291508e-03 1.338407083259538811e-03
5.156292330364679183e-02 1.471726514275215969e-03 8.486243811818616539e-04 1.351791154092134208e-03
5.207855253668326745e-02 2.404958910502668495e-03 1.074174408351642870e-03 1.365309065633055728e-03
5.259933806205009665e-02 3.280033295538016709e-03 1.238210802067641692e-03 1.378962156289386233e-03
5.312533144267059942e-02 2.350354304426816032e-03 1.049854396601599023e-03 1.392751777852279998e-03
5.365658475709730868e-02 1.902751494393604883e-03 9.503254585120816207e-04 1.406679295630802913e-03
5.419315060466827622e-02 1.459371258977324934e-03 8.416564532885521810e-04 1.420746088587110812e-03
5.473508211071495544e-02 3.519999425235187124e-03 1.243073676739976912e-03 1.434953549472981968e-03
5.528243293182211193e-02 0.000000000000000000e+00 0.000000000000000000e+00 1.449303084967711779e-03
5.583525726114033083e-02 8.256221545865729573e-04 5.831124451351376225e-04 1.463796115817388947e-03
5.639360983375173858e-02 2.048429267661955582e-03 9.150074964040026638e-04 1.478434076975562901e-03
5.695754593208925132e-02 2.858846162192139016e-03 1.079291536397107088e-03 1.493218417745318521e-03
5.752712139141014092e-02 2.430721325497395800e-03 9.911707116115708698e-04 1.508150601922771594e-03
5.810239260532423788e-02 7.805951543439649393e-04 5.512898695410184532e-04 1.523232107941999104e-03
5.868341653137748581e-02 1.549598506376228613e-03 7.738330967817021481e-04 1.538464429021419323e-03
5.927025069669127066e-02 1.898195097282948281e-03 8.478228584543023557e-04 1.553849073311633832e-03
5.986295320365817713e-02 1.579021560132743470e-03 1.117020687443623980e-03 1.569387564044749921e-03
6.046158273569476188e-02 1.838288090706392689e-03 8.210323414513471998e-04 1.585081439685197442e-03
6.106619856305171151e-02 1.109331457499591455e-03 6.396352318949850369e-04 1.600932254082049460e-03
6.167686054868222467e-02 2.509101775601378388e-03 9.471098186505974136e-04 1.616941576622869890e-03
6.229362915416905566e-02 1.794778507929767819e-03 8.015147276699618540e-04 1.633110992389098749e-03
6.291656544571075371e-02 1.845907284402952941e-03 1.113975183854705887e-03 1.649442102312989990e-03
6.354573110016785431e-02 2.095475923032746011e-03 8.544183919258522501e-04 1.665936523336119688e-03
6.418118841116952911e-02 2.434165264465394749e-03 9.189226603636042618e-04 1.682595888569480853e-03
6.482300029528123564e-02 1.409016186884133517e-03 7.037235164073251704e-04 1.699421847455175917e-03
6.547123029823403995e-02 1.538248419116428067e-03 7.683678570867136107e-04 1.716416065929727511e-03
6.612594260121637535e-02 1.896734881202219881e-03 8.474151258184660146e-04 1.733580226589024643e-03
6.678720202722854271e-02 1.086420565907590587e-03 6.266208095894809996e-04 1.750916028854914916e-03
6.745507404750082647e-02 3.564050815215441949e-04 3.560516081203286397e-04 1.768425189143464030e-03
6.812962478797583710e-02 1.376477388248530196e-03 6.875543990824079053e-04 1.786109441034898840e-03
6.881092103585559339e-02 2.037884676684695914e-03 8.311159146775622076e-04 1.803970535445247828e-03
6.949903024621414960e-02 9.819674953090108595e-04 5.663569439542734266e-04 1.822010240799700267e-03
7.019402054867629470e-02 6.381807624200148358e-04 4.507926206350376555e-04 1.840230343207697279e-03
7.089596075416305931e-02 9.307791967674535275e-04 5.368017886484736196e-04 1.858632646639774314e-03
7.160492036170468255e-02 9.096321755072630817e-04 5.245987217974588598e-04 1.877218973106171973e-03
7.232096956532173271e-02 9.023928081928825340e-04 5.204239883006717702e-04 1.895991162837233580e-03
7.304417926097495073e-02 3.002160545355977311e-04 2.998860208076687610e-04 1.914951074465606013e-03
7.377462105358470468e-02 1.188713656020606857e-03 5.937163896231018945e-04 1.934100585210262206e-03
7.451236726412055478e-02 5.836406814896341090e-04 4.122553478410600895e-04 1.953441591062365056e-03
7.525749093676176171e-02 1.148083219576513919e-03 5.734368491473767386e-04 1.972976006972988576e-03
7.601006584612937655e-02 8.499940108156395831e-04 4.902320374670220571e-04 1.992705767042718401e-03
7.677016650459067559e-02 1.382302006231976707e-03 6.175505499665411881e-04 2.012632824713145741e-03
7.753786816963659234e-02 1.109659666584161385e-03 5.542693215722872737e-04 2.032759152960277559e-03
7.831324685133295160e-02 5.377804886601281675e-04 3.798880845071729529e-04 2.053086744489879874e-03
7.909637931984628278e-02 0.000000000000000000e+00 0.000000000000000000e+00 2.073617611934778712e-03
7.988734311304473978e-02 5.315297083335519552e-04 3.754832329058320679e-04 2.094353788054126482e-03
8.068621654417518219e-02 2.624651518385014365e-04 2.622102425774729454e-04 2.115297325934667634e-03
8.149307870961694511e-02 1.055176061994133902e-03 5.270724488165548418e-04 2.136450299194014423e-03
8.230800949671310263e-02 5.178315446507782095e-04 3.658040078703511363e-04 2.157814802185954468e-03
8.313108959168023782e-02 5.140161921805337002e-04 3.631087205781650148e-04 2.179392950207813956e-03
8.396240048759703867e-02 2.558090737112736469e-04 2.555523436645795775e-04 2.201186879709892113e-03
8.480202449247301044e-02 1.028144862871275883e-03 5.135587689296495584e-04 2.223198748506991212e-03
8.565004473739774860e-02 1.278803924685384267e-03 5.713353513553858301e-04 2.245430735992061215e-03
8.650654518477171595e-02 2.519729555700465310e-04 2.517331933381902623e-04 2.267885043351981593e-03
8.737161063661944005e-02 0.000000000000000000e+00 0.000000000000000000e+00 2.290563893785501574e-03
8.824532674298563029e-02 0.000000000000000000e+00 0.000000000000000000e+00 2.313469532723356602e-03
8.912778001041549159e-02 1.480682900627670515e-04 4.906556358631270149e-04 2.336604228050590069e-03
9.001905781051965094e-02 2.472878723721010498e-04 2.470748966655053678e-04 2.359970270331096347e-03
9.091924838862484870e-02 2.495049844313857487e-04 2.492900992460036070e-04 2.383569973034407267e-03
9.182844087251110232e-02 2.496234174716093976e-04 2.494151383749543542e-04 2.407405672764751509e-03
9.274672528123620308e-02 2.641332765642933310e-04 2.639318635451809642e-04 2.431479729492398625e-03
9.367419253404857260e-02 7.921520949384383645e-04 4.569955812522424887e-04 2.455794526787322823e-03
9.461093445938906221e-02 2.524918113100067308e-04 2.522965276569488942e-04 2.480352472055196052e-03
9.555704380398294395e-02 5.096945778635251405e-04 3.601297431716194526e-04 2.505155996775748108e-03
9.651261424202278727e-02 0.000000000000000000e+00 0.000000000000000000e+00 2.530207556743505927e-03
9.747774038444301237e-02 5.299498011979189268e-04 3.744529265186451162e-04 2.555509632310940665e-03
9.845251778828745248e-02 2.560353434995950306e-04 2.558467899835409343e-04 2.581064728634050332e-03
9.943704296617031368e-02 2.552808244099468121e-04 2.550965311179566471e-04 2.606875375920390554e-03
1.004314133958320171e-01 5.147224441356124114e-04 3.637085857824557127e-04 2.632944129679594663e-03
