2.810177359318865101e-02 2.300791375510977815e-02 2.934843045529443410e-03 7.367196861729102039e-04
2.838279132912053734e-02 1.960122173531269815e-02 2.696060361952235668e-03 7.440868830346392560e-04
2.866661924241174081e-02 1.840235752918136999e-02 2.540316292818051852e-03 7.515277518649856247e-04
2.895328543483586051e-02 1.601738168336454618e-02 2.276925823893020603e-03 7.590430293836355428e-04
2.924281828918421852e-02 1.439899138236290857e-02 2.172857040358007561e-03 7.666334596774718310e-04
2.953524647207605991e-02 1.584410847433060168e-02 2.116298059526859534e-03 7.742997942742465200e-04
2.983059893679682051e-02 1.344215815810463621e-02 1.881417021148691984e-03 7.820427922169889950e-04
3.012890492616479218e-02 1.274299247121045246e-02 1.914258914395467609e-03 7.898632201391589868e-04
3.043019397542644222e-02 1.323193157092502140e-02 1.880942085142247450e-03 7.977618523405506992e-04
3.073449591518070609e-02 8.980660945381014476e-03 1.437386623994062066e-03 8.057394708639562019e-04
3.104184087433251027e-02 9.949099093258393506e-03 1.516464581634546435e-03 8.137968655725956804e-04
3.135225928307583398e-02 8.404736144851482696e-03 1.345105474296589719e-03 8.219348342283215895e-04
3.166578187590659427e-02 9.146828428660566321e-03 1.362872433073948012e-03 8.301541825706048412e-04
3.198243969466565972e-02 1.140254344343807728e-02 1.483763129855892454e-03 8.384557243963108343e-04
3.230226409161231216e-02 9.627263999957053411e-03 1.360812233012361882e-03 8.468402816402738906e-04
3.262528673252844402e-02 6.243057089824353457e-03 1.111123879710746191e-03 8.553086844566768192e-04
3.295153959985372416e-02 8.151027008117955885e-03 1.296288027702859362e-03 8.638617713012435246e-04
3.328105499585226612e-02 8.950694168472142845e-03 1.280113871996785800e-03 8.725003890142560411e-04
3.361386554581079211e-02 9.032443546216482877e-03 1.195694918595707279e-03 8.812253929043987067e-04
3.395000420126889629e-02 7.927948287558130719e-03 1.208331920112148570e-03 8.900376468334425918e-04
3.428950424328158775e-02 9.056642992919756996e-03 1.158859560261671839e-03 8.989380233017771251e-04
3.463239928571439780e-02 8.796089726517670668e-03 1.134827360787403787e-03 9.079274035347946600e-04
3.497872327857154406e-02 8.051814771575363516e-03 1.038769180922417389e-03 9.170066775701427291e-04
3.532851051135725562e-02 8.580855743092032431e-03 1.055480069529352678e-03 9.261767443458439851e-04
3.568179561647083498e-02 8.358748125042048810e-03 1.040825461728070705e-03 9.354385117893026938e-04
3.603861357263554027e-02 8.933997009506127601e-03 1.024014438155962858e-03 9.447928969071956113e-04
3.639899970836189824e-02 6.935500491804305438e-03 8.946594275392983579e-04 9.542408258762676270e-04
3.676298970544551736e-02 8.095018339118733794e-03 9.466606032382105700e-04 9.637832341350303315e-04
3.713061960249997018e-02 9.694314096592727623e-03 1.042294450059158160e-03 9.734210664763805285e-04
3.750192579852497377e-02 9.027114011219271317e-03 9.560428252314550485e-04 9.831552771411443317e-04
3.787694505651022225e-02 8.565051734448297927e-03 9.227666939136356392e-04 9.929868299125559506e-04
3.825571450707532239e-02 6.848194759035989600e-03 8.518512076045119640e-04 1.002916698211681360e-03
3.863827165214607506e-02 8.075907025219155114e-03 8.733006938381547134e-04 1.012945865193798237e-03
3.902465436866753290e-02 9.500605092404947050e-03 9.292327042471003025e-04 1.023075323845736061e-03
3.941490091235420878e-02 7.473139257387798745e-03 8.004728108414997266e-04 1.033306077084193524e-03
3.980904992147775434e-02 6.025546655147569555e-03 7.175421722720680797e-04 1.043639137855035398e-03
4.020714042069253868e-02 6.419458434179520744e-03 7.323008978967569110e-04 1.054075529233586012e-03
4.060921182489946046e-02 7.763122922591751164e-03 7.781564264865723033e-04 1.064616284525921703e-03
4.101530394314845812e-02 4.725404671244576305e-03 6.024768124518282628e-04 1.075262447371181122e-03
4.142545698257994735e-02 4.955897645595730427e-03 6.106703258807611844e-04 1.086015071844892953e-03
4.183971155240574780e-02 5.620471332778949509e-03 6.163845804058721125e-04 1.096875222563341865e-03
4.225810866792979736e-02 5.055157612591447414e-03 5.793615232393286262e-04 1.107843974788975082e-03
4.268068975460909131e-02 3.435459652953958345e-03 5.019888616127922681e-04 1.118922414536864746e-03
4.310749665215518611e-02 4.064614140710376758e-03 5.037146779679785736e-04 1.130111638682233452e-03
4.353857161867674685e-02 4.156056105380315571e-03 5.450391261538051592e-04 1.141412755069056177e-03
4.397395733486350600e-02 2.895346212224548729e-03 4.586027561943549751e-04 1.152826882619746411e-03
4.441369690821214689e-02 2.884132441765606056e-03 4.165890415243582575e-04 1.164355151445944057e-03
4.485783387729427168e-02 3.338047659216567854e-03 4.235329537847616296e-04 1.175998702960403576e-03
4.530641221606721003e-02 3.561226877105471821e-03 4.283024361174097975e-04 1.187758689990007534e-03
4.575947633822788352e-02 2.931346282972765484e-03 4.113069967437893481e-04 1.199636276889907722e-03
4.621707110161016319e-02 2.747399066464096141e-03 3.931937543203815628e-04 1.211632639658806639e-03
4.667924181262626815e-02 3.817850572126511334e-03 4.480886434429382230e-04 1.223748966055394948e-03
4.714603423075253152e-02 3.770070810864901631e-03 4.398017190378299547e-04 1.235986455715948817e-03
4.761749457306005406e-02 3.846184610359972954e-03 4.250398531233490857e-04 1.248346320273108169e-03
4.809366951879065488e-02 3.531073898729147117e-03 3.983792832840516818e-04 1.260829783475839313e-03
4.857460621397855643e-02 3.329903916435834714e-03 3.919188041814763990e-04 1.273438081310597578e-03
4.906035227611834498e-02 4.675805506484120161e-03 4.412834019127578455e-04 1.286172462123703593e-03
4.955095579887952573e-02 3.989710615984972709e-03 4.200589515295636471e-04 1.299034186744940601e-03
5.004646535686832487e-02 3.521109944566603884e-03 3.666257232237500737e-04 1.312024528612390148e-03
5.054693001043701617e-02 3.226225349585045907e-03 3.454371206606888850e-04 1.325144773898514171e-03
5.105239931054138258e-02 3.449726027116808980e-03 3.534788415778680553e-04 1.338396221637499313e-03
5.156292330364679183e-02 2.712484766008339040e-03 3.264230915382841159e-04 1.351780183853874091e-03
5.207855253668326745e-02 2.731380681364532770e-03 3.205200040223051407e-04 1.365297985692413233e-03
5.259933806205009665e-02 2.865299883137182278e-03 3.085920121848744228e-04 1.378950965549337196e-03
5.312533144267059942e-02 2.505132964725270348e-03 2.889228599476028150e-04 1.392740475204830514e-03
5.365658475709730868e-02 2.029324490275610359e-03 2.616908672729234228e-04 1.406667879956878964e-03
5.419315060466827622e-02 1.818936727651582382e-03 2.584044387879307959e-04 1.420734558756447680e-03
5.473508211071495544e-02 1.815521689093687122e-03 2.381158905388768867e-04 1.434941904344011910e-03
5.528243293182211193e-02 2.070582488720785260e-03 2.471957394318854799e-04 1.449291323387452354e-03
5.583525726114033083e-02 1.662303761360708161e-03 2.271512220548874519e-04 1.463784236621326791e-03
5.639360983375173858e-02 2.133824744949071057e-03 2.570761533536064145e-04 1.478422078987540102e-03
5.695754593208925132e-02 1.654739968224584832e-03 2.189233182759422677e-04 1.493206299777415525e-03
5.752712139141014092e-02 2.073185836430637384e-03 2.440405871145774153e-04 1.508138362775189459e-03
5.810239260532423788e-02 1.237191340292557919e-03 1.918716577952115634e-04 1.523219746402941326e-03
5.868341653137748581e-02 1.515266511606086410e-03 2.040626286827643479e-04 1.538451943866970834e-03
5.927025069669127066e-02 1.779965185144068152e-03 2.188211958895929692e-04 1.553836463305640877e-03
5.986295320365817713e-02 1.521944154458764256e-03 2.060319888908855124e-04 1.569374827938697101e-03
6.046158273569476188e-02 2.273598986000669505e-03 2.434366353438207719e-04 1.585068576218084122e-03
6.106619856305171151e-02 1.699712549084169116e-03 2.166213507154900815e-04 1.600919261980265082e-03
6.167686054868222467e-02 1.797715302190391927e-03 2.186980930122180708e-04 1.616928454600067558e-03
6.229362915416905566e-02 1.878528840996305333e-03 2.235978858056311507e-04 1.633097739146068374e-03
6.291656544571075371e-02 1.849428050324965949e-03 2.146824272659971617e-04 1.649428716537529272e-03
6.354573110016785431e-02 1.614659992718671649e-03 2.000254805993472080e-04 1.665923003702904446e-03
6.418118841116952911e-02 1.581297262201510892e-03 1.974275460224084861e-04 1.682582233739933399e-03
6.482300029528123564e-02 1.176869191460717164e-03 1.714722297368653965e-04 1.699408056077333007e-03
6.547123029823403995e-02 1.121151485289419245e-03 1.749189210787571106e-04 1.716402136638106113e-03
6.612594260121637535e-02 1.175690850400283030e-03 1.846058799994107827e-04 1.733566158004487068e-03
6.678720202722854271e-02 8.754817829072273315e-04 1.499948507940067799e-04 1.750901819584531989e-03
6.745507404750082647e-02 1.289109574808569103e-03 1.945702901146343310e-04 1.768410837780377397e-03
6.812962478797583710e-02 1.066091755955783562e-03 1.673941311216628610e-04 1.786094946158181106e-03
6.881092103585559339e-02 9.803574869224247496e-04 1.599360157175510754e-04 1.803955895619762913e-03
6.949903024621414960e-02 1.191042444310118440e-03 1.768584126766817874e-04 1.821995454575960505e-03
7.019402054867629470e-02 8.172502297302938670e-04 1.360655301772788347e-04 1.840215409121720306e-03
7.089596075416305931e-02 9.918352458537389987e-04 1.476936558092127724e-04 1.858617563212937567e-03
7.160492036170468255e-02 1.250677770107532600e-03 1.640408111294751727e-04 1.877203738845066756e-03
7.232096956532173271e-02 1.168456173616365867e-03 1.627440674931111017e-04 1.895975776233517398e-03
7.304417926097495073e-02 9.724410146468593502e-04 1.490534375524592552e-04 1.914935533995852732e-03
7.377462105358470468e-02 1.014972481452674873e-03 1.463403952487365024e-04 1.934084889335811351e-03
7.451236726412055478e-02 9.369733322708210079e-04 1.492080298968066407e-04 1.953425738229169588e-03
7.525749093676176171e-02 7.549379434846984751e-04 1.239801275196440299e-04 1.972959995611461154e-03
7.601006584612937655e-02 6.969442433221894511e-04 1.239744582551402443e-04 1.992689595567575904e-03
7.677016650459067559e-02 6.290150675695833048e-04 1.110812320980452805e-04 2.012616491523251411e-03
7.753786816963659234e-02 6.743294554916563158e-04 1.260011141552972911e-04 2.032742656438484442e-03
7.831324685133295160e-02 4.253398769528146748e-04 9.934731607254947692e-05 2.053070083002869056e-03
7.909637931984628278e-02 5.455270114159169008e-04 1.077278706463433172e-04 2.073600783832897990e-03
7.988734311304473978e-02 8.312802751431867679e-04 1.251984117708870305e-04 2.094336791671226432e-03
8.068621654417518219e-02 6.346597274378254537e-04 1.087369819887125372e-04 2.115280159587938982e-03
8.149307870961694511e-02 6.559583066466300686e-04 1.107687987431093401e-04 2.136432961183818476e-03
8.230800949671310263e-02 4.005163120272383693e-04 1.106662511630035766e-04 2.157797290795656145e-03
8.313108959168023782e-02 6.762478943842767549e-04 1.110649386326264908e-04 2.179375263703613088e-03
8.396240048759703867e-02 5.818567567018300551e-04 1.027554856975589282e-04 2.201169016340649102e-03
8.480202449247301044e-02 6.941706168630419052e-04 1.124968115688159770e-04 2.223180706504055727e-03
8.565004473739774860e-02 4.909749300746623930e-04 9.439496180460062169e-05 2.245412513569096553e-03
8.650654518477171595e-02 5.912254045761114549e-04 1.028198192374092808e-04 2.267866638704786868e-03
8.737161063661944005e-02 3.935778517528775822e-04 9.525041986048193713e-05 2.290545305091835210e-03
8.824532674298563029e-02 3.585200353715168892e-04 8.855206162770614114e-05 2.313450758142753319e-03
8.912778001041549159e-02 3.334029200673880038e-04 7.642069572492241904e-05 2.336585265724180904e-03
9.001905781051965094e-02 3.867057911084121691e-04 8.237449791251972133e-05 2.359951118381423043e-03
9.091924838862484870e-02 4.476897010164909252e-04 9.713135322334567586e-05 2.383550629565237087e-03
9.182844087251110232e-02 2.485808775426572828e-04 6.638060163584246181e-05 2.407386135860889887e-03
9.274672528123620308e-02 3.941614616516646730e-04 8.594749397446581937e-05 2.431459997219498348e-03
9.367419253404857260e-02 2.487489386743288824e-04 7.972602659164537806e-05 2.455774597191693644e-03
9.461093445938906221e-02 2.800295212951783548e-04 7.810204479483698033e-05 2.480332343163610398e-03
9.555704380398294395e-02 2.101752490445637795e-04 1.058922299712927365e-04 2.505135666595246363e-03
9.651261424202278727e-02 4.419625012300741097e-04 9.014801519550882372e-05 2.530187023261199104e-03
9.747774038444301237e-02 1.431723714070952684e-04 6.232051537294432586e-05 2.555488893493811347e-03
9.845251778828745248e-02 2.913080947560345042e-04 7.277358948938649277e-05 2.581043782428749708e-03
9.943704296617031368e-02 5.619151370528152395e-05 7.264503368220732559e-05 2.606854220253036758e-03
1.004314133958320171e-01 2.564301345894084484e-04 6.848599755584956230e-05 2.632922762455567212e-03
