2.810177359318865101e-02 1.603378027910519130e-02 9.252962086675926845e-03 7.367047396582503647e-04
2.838279132912053734e-02 3.080849607201283438e-02 1.257176614140857046e-02 7.440717870548327773e-04
2.866661924241174081e-02 1.489948698762882419e-02 8.598352842894743664e-03 7.515125049253810986e-04
2.895328543483586051e-02 1.824897632364751165e-02 9.120282512689186633e-03 7.590276299746349670e-04
2.924281828918421852e-02 2.238886824791996855e-02 1.000799635909372168e-02 7.666179062743813145e-04
2.953524647207605991e-02 2.123601169170417566e-02 9.492632965588873595e-03 7.742840853371251450e-04
2.983059893679682051e-02 1.579063543674818701e-02 7.891648716301940744e-03 7.820269261904963781e-04
3.012890492616479218e-02 3.048157943371598150e-02 1.077187417477995686e-02 7.898471954524014307e-04
3.043019397542644222e-02 1.509704799152625579e-02 7.544992147066004705e-03 7.977456674069255014e-04
3.073449591518070609e-02 6.904396188068769903e-03 4.879816725946884565e-03 8.057231240809947705e-04
3.104184087433251027e-02 3.471289502226351017e-03 3.469558290245327963e-03 8.137803553218045903e-04
3.135225928307583398e-02 6.474726248693714152e-03 4.576156407143788796e-03 8.219181588750225538e-04
3.166578187590659427e-02 1.217704388493807445e-02 6.085574250413991471e-03 8.301373404637728401e-04
3.198243969466565972e-02 5.804306542992247915e-03 4.102270447764467740e-03 8.384387138684106172e-04
3.230226409161231216e-02 0.000000000000000000e+00 0.000000000000000000e+00 8.468231010070946356e-04
3.262528673252844402e-02 5.405552390526247725e-03 3.820348005503476901e-03 8.552913320171658161e-04
3.295153959985372416e-02 1.030905504486192246e-02 5.151752828476081902e-03 8.638442453373373648e-04
3.328105499585226612e-02 5.044629451465198686e-03 3.565120507714044599e-03 8.724826877907108317e-04
3.361386554581079211e-02 7.139032586087894379e-03 4.119373906659859995e-03 8.812075146686180072e-04
3.395000420126889629e-02 1.132279354345109949e-02 5.060712110008592710e-03 8.900195898153040507e-04
3.428950424328158775e-02 1.113608183935297508e-02 4.977062165895777129e-03 8.989197857134571638e-04
3.463239928571439780e-02 1.098217581620757922e-02 4.908193525034783809e-03 9.079089835705916401e-04
3.497872327857154406e-02 4.027988421614892012e-03 2.846221294537168000e-03 9.169880734062976248e-04
3.532851051135725562e-02 5.843134905024788446e-03 3.371143243503302214e-03 9.261579541403605143e-04
3.568179561647083498e-02 3.715748772605146147e-03 2.625478324701121993e-03 9.354195336817641964e-04
3.603861357263554027e-02 1.234083504581936358e-02 4.660809533096887947e-03 9.447737290185818189e-04
3.639899970836189824e-02 6.924802827383795892e-03 3.459664002557966307e-03 9.542214663087677465e-04
3.676298970544551736e-02 1.664659130445557411e-02 5.259724552345348622e-03 9.637636809718553698e-04
3.713061960249997018e-02 9.737192073321149915e-03 3.971860516943808740e-03 9.734013177815738823e-04
3.750192579852497377e-02 9.117389443548742922e-03 3.718963825447972604e-03 9.831353309593896667e-04
3.787694505651022225e-02 5.974549838815490163e-03 2.984595408142000708e-03 9.929666842689835633e-04
3.825571450707532239e-02 5.720368554603385766e-03 2.857628062471464711e-03 1.002896351111673455e-03
3.863827165214607506e-02 5.469699027340783892e-03 2.732373238046689745e-03 1.012925314622790084e-03
3.902465436866753290e-02 9.263869847843039795e-03 3.498203169946124957e-03 1.023054567769017802e-03
3.941490091235420878e-02 2.900143662027355670e-03 3.422389038368108243e-03 1.033285113446708080e-03
3.980904992147775434e-02 4.911892632109546297e-03 2.453672085104116520e-03 1.043617964581175289e-03
4.020714042069253868e-02 9.486970308608413949e-03 3.351115462748742533e-03 1.054054144226987139e-03
4.060921182489946046e-02 2.268926140907045683e-03 1.602921591308950795e-03 1.064594685669256920e-03
4.101530394314845812e-02 6.581247103360631824e-03 2.684380031346167081e-03 1.075240632525949680e-03
4.142545698257994735e-02 2.116549349409060400e-03 1.495305322568804508e-03 1.085993038851209300e-03
4.183971155240574780e-02 6.094060670655838258e-03 2.485706230170466307e-03 1.096852969239721408e-03
4.225810866792979736e-02 1.994650470507230988e-03 1.409201561906622911e-03 1.107821498932118429e-03
4.268068975460909131e-02 2.871591914336152525e-03 1.656463602601140808e-03 1.118899713921439349e-03
4.310749665215518611e-02 6.563984913811380002e-03 2.478802575503707625e-03 1.130088711060653946e-03
4.353857161867674685e-02 4.664436723439988573e-03 2.084149083114716049e-03 1.141389598171260603e-03
4.397395733486350600e-02 2.601916554123736604e-03 1.500879334471203657e-03 1.152803494152973085e-03
4.441369690821214689e-02 4.139192340670868990e-03 1.849406771824388309e-03 1.164331529094503022e-03
4.485783387729427168e-02 3.228594652886435015e-03 1.612776857334618022e-03 1.175974844385448050e-03
4.530641221606721003e-02 6.190166210848114560e-03 2.186410965847427820e-03 1.187734592829302544e-03
4.575947633822788352e-02 3.041049882576326788e-03 1.518973941973394536e-03 1.199611938757595480e-03
4.621707110161016319e-02 4.426888651782235305e-03 1.805365034017359640e-03 1.211608058145171489e-03
4.667924181262626815e-02 2.867347655167104287e-03 1.432091057476714713e-03 1.223724138726623323e-03
4.714603423075253152e-02 8.472038545328813451e-04 1.666910575909685572e-03 1.235961380113889630e-03
4.761749457306005406e-02 6.689478391134665025e-03 2.112904674783944951e-03 1.248320993915028434e-03
4.809366951879065488e-02 2.595670564532197907e-03 1.296265855464548162e-03 1.260804203854178681e-03
4.857460621397855643e-02 3.833091573285312293e-03 1.562930295341217113e-03 1.273412245892720273e-03
4.906035227611834498e-02 1.252259264770843629e-03 8.844179134416274308e-04 1.286146368351647525e-03
4.955095579887952573e-02 2.659031504493501730e-03 1.327932236688189648e-03 1.299007832035164100e-03
5.004646535686832487e-02 3.443099169030231464e-03 1.403807569714040021e-03 1.311997910355515657e-03
5.054693001043701617e-02 3.339043550342212213e-03 1.361381739157726829e-03 1.325117889459071071e-03
5.105239931054138258e-02 2.721933606482703633e-03 1.215721746840935352e-03 1.338369068353661767e-03
5.156292330364679183e-02 4.184813857900892588e-03 1.477676501072872897e-03 1.351752759037198231e-03
5.207855253668326745e-02 2.565653890503124569e-03 1.145944155564726768e-03 1.365270286627570445e-03
5.259933806205009665e-02 2.998018732143816357e-03 1.222429137298323672e-03 1.378922989493846108e-03
5.312533144267059942e-02 1.502133494336094525e-03 8.662384613405857111e-04 1.392712219388784643e-03
5.365658475709730868e-02 1.014296384869983574e-03 7.164106361042734284e-04 1.406639341582672413e-03
5.419315060466827622e-02 2.594997593374064222e-03 1.159259439871458642e-03 1.420705734998499101e-03
5.473508211071495544e-02 4.695831355890676224e-04 4.690420309323181484e-04 1.434912792348483910e-03
5.528243293182211193e-02 1.774572790542726635e-03 8.862594882711596423e-04 1.449261920271968955e-03
5.583525726114033083e-02 2.643467719786877276e-03 1.077925053814636751e-03 1.463754539474688499e-03
5.639360983375173858e-02 8.735388764862991049e-04 6.169578149913855850e-04 1.478392084869435512e-03
5.695754593208925132e-02 1.741469255223383273e-03 8.697293206437771212e-04 1.493176005718129884e-03
5.752712139141014092e-02 2.156676393156592517e-03 9.633729531652163430e-04 1.508107765775311068e-03
5.810239260532423788e-02 8.327482728986215776e-04 5.881343598953278715e-04 1.523188843433064031e-03
5.868341653137748581e-02 1.652384174011507041e-03 8.251618449471593685e-04 1.538420731867394791e-03
5.927025069669127066e-02 2.024193181942250848e-03 9.041001831887085808e-04 1.553804939186068969e-03
5.986295320365817713e-02 2.773077454597425769e-03 1.046766348244300990e-03 1.569342988577929632e-03
6.046158273569476188e-02 1.174575216930784502e-03 6.772545397609367563e-04 1.585036418463708950e-03
6.106619856305171151e-02 1.184366452715561934e-03 6.829000525596635009e-04 1.600886782648346020e-03
6.167686054868222467e-02 2.289607734503614541e-03 9.335044353854818301e-04 1.616895650474829520e-03
6.229362915416905566e-02 1.532509775205860916e-03 7.651541401366952029e-04 1.633064606979577971e-03
6.291656544571075371e-02 3.750218104904704864e-04 3.744400877698878471e-04 1.649395253049373887e-03
6.354573110016785431e-02 2.979180997643626240e-03 1.051990849290467206e-03 1.665889205579867407e-03
6.418118841116952911e-02 7.410807958582772562e-04 5.233957808084544177e-04 1.682548097635666118e-03
6.482300029528123564e-02 1.501678449465275976e-03 7.500030509281492390e-04 1.699373578612022994e-03
6.547123029823403995e-02 1.230785960431167621e-03 7.098693621582438402e-04 1.716367314398143046e-03
6.612594260121637535e-02 4.043465576599300959e-04 4.039518329674304862e-04 1.733530987542124301e-03
6.678720202722854271e-02 1.545210501366533346e-03 7.718361542942683623e-04 1.750866297417545681e-03
6.745507404750082647e-02 2.661659011515428615e-03 1.005014808950181835e-03 1.768374960391721085e-03
6.812962478797583710e-02 1.833633253187048895e-03 8.192103931544548589e-04 1.786058709995638327e-03
6.881092103585559339e-02 2.534985995668462191e-03 9.571591699879818766e-04 1.803919297095594619e-03
6.949903024621414960e-02 1.395330048664826040e-03 6.969485135052810171e-04 1.821958490066550749e-03
7.019402054867629470e-02 1.020491792212811300e-03 5.885607805837483712e-04 1.840178074967216285e-03
7.089596075416305931e-02 9.928013321886927558e-04 5.725713818514524935e-04 1.858579855716888368e-03
7.160492036170468255e-02 1.293155542105945679e-03 6.458654863959521850e-04 1.877165654274057108e-03
7.232096956532173271e-02 6.420462868115435484e-04 4.534961968530667347e-04 1.895937310816797746e-03
7.304417926097495073e-02 9.599374275270599862e-04 5.536115251017042745e-04 1.914896683924965839e-03
7.377462105358470468e-02 1.900805399716797191e-03 7.751557646422764991e-04 1.934045650764215640e-03
7.451236726412055478e-02 9.333758667249025288e-04 5.383094864808559777e-04 1.953386107271857727e-03
7.525749093676176171e-02 6.884837161509813324e-04 8.123032710988707878e-04 1.972919968344576461e-03
7.601006584612937655e-02 6.041804057117740236e-04 4.267753231512061581e-04 1.992649168028022034e-03
7.677016650459067559e-02 5.896853195278791478e-04 4.165438398467562263e-04 2.012575659708302697e-03
7.753786816963659234e-02 2.955094060815294113e-04 2.952098299320885465e-04 2.032701416305385603e-03
7.831324685133295160e-02 8.612277285602423001e-04 4.967329909514317521e-04 2.053028430468439251e-03
7.909637931984628278e-02 2.857828837965053223e-04 2.855030012442176133e-04 2.073558714773124020e-03
7.988734311304473978e-02 2.834421505937895691e-04 2.831668682239204984e-04 2.094294301920855087e-03
8.068621654417518219e-02 2.800095422626097154e-04 2.797359794910420170e-04 2.115237244940063304e-03
8.149307870961694511e-02 5.623522504420077478e-04 3.972543890399797984e-04 2.136389617389464462e-03
8.230800949671310263e-02 1.103020165249607096e-03 5.509706802799718044e-04 2.157753513563358608e-03
8.313108959168023782e-02 5.481340851508474535e-04 3.872052268977590485e-04 2.179331048698992385e-03
8.396240048759703867e-02 1.364345207102057606e-03 6.095413752573845302e-04 2.201124359185982222e-03
8.480202449247301044e-02 1.369812351235273921e-03 6.119865965683432465e-04 2.223135602777842178e-03
8.565004473739774860e-02 2.728804977343292598e-04 2.726127808834131463e-04 2.245366958805620778e-03
8.650654518477171595e-02 2.685125596671811363e-04 2.682570593479248391e-04 2.267820628393676756e-03
8.737161063661944005e-02 2.659776710358912190e-04 2.657316335419136538e-04 2.290498834677613671e-03
8.824532674298563029e-02 5.306232723893617494e-04 3.748602359173768060e-04 2.313403823024389860e-03
8.912778001041549159e-02 5.267731145774474846e-04 3.721576850639980640e-04 2.336537861254633659e-03
9.001905781051965094e-02 0.000000000000000000e+00 0.000000000000000000e+00 2.359903239867179939e-03
9.091924838862484870e-02 1.064311076527609630e-03 5.317079467564496831e-04 2.383502272265851808e-03
9.182844087251110232e-02 7.995126317176360449e-04 4.612136874731535764e-04 2.407337294988510460e-03
9.274672528123620308e-02 5.624762634154257699e-04 3.974274932579902270e-04 2.431410667938395300e-03
9.367419253404857260e-02 2.814490042570894947e-04 2.812313745792129212e-04 2.455724774617779483e-03
9.461093445938906221e-02 -2.019252091952807699e-04 5.422380855254224728e-04 2.480282022363957360e-03
9.555704380398294395e-02 0.000000000000000000e+00 0.000000000000000000e+00 2.505084842587596786e-03
9.651261424202278727e-02 2.759844260790750227e-04 2.757795564151025000e-04 2.530135691013473201e-03
9.747774038444301237e-02 5.648130790481562056e-04 3.990890383845091538e-04 2.555437047923608037e-03
9.845251778828745248e-02 0.000000000000000000e+00 0.000000000000000000e+00 2.580991418402843983e-03
9.943704296617031368e-02 6.803425247249700303e-05 6.118662323358449798e-04 2.606801332586872275e-03
1.004314133958320171e-01 2.744830611648627332e-04 2.742849053222378764e-04 2.632869345912741080e-03
