2.810177359318865101e-02 1.516098443692642968e-02 2.411668117870641257e-03 7.367286543728195731e-04
2.838279132912053734e-02 1.849600926729074932e-02 2.515872264470115673e-03 7.440959409165477569e-04
2.866661924241174081e-02 2.053991620062795703e-02 2.607437273909801300e-03 7.515369003257132020e-04
2.895328543483586051e-02 1.947575229546152226e-02 2.433380059526018407e-03 7.590522693289704446e-04
2.924281828918421852e-02 1.336223642424296323e-02 2.168444385698465628e-03 7.666427920222600558e-04
2.953524647207605991e-02 1.076481553499345802e-02 1.745487483877041510e-03 7.743092199424826726e-04
2.983059893679682051e-02 1.280186733088161354e-02 1.897895477873917441e-03 7.820523121419074679e-04
3.012890492616479218e-02 1.513305585900234090e-02 2.013788367892941234e-03 7.898728352633266597e-04
3.043019397542644222e-02 1.484465176663841805e-02 1.931717317839909886e-03 7.977715636159599631e-04
3.073449591518070609e-02 1.000053090655928477e-02 1.674870058502245978e-03 8.057492792521196105e-04
3.104184087433251027e-02 1.263135756330470601e-02 1.760343192998756450e-03 8.138067720446407090e-04
3.135225928307583398e-02 1.004470340912619677e-02 1.522724407023898783e-03 8.219448397650870207e-04
3.166578187590659427e-02 1.036118745031519572e-02 1.450158589195268098e-03 8.301642881627380177e-04
3.198243969466565972e-02 1.067265634130395296e-02 1.496338290767417790e-03 8.384659310443653459e-04
3.230226409161231216e-02 1.031872422923980383e-02 1.452200645254631472e-03 8.468505903548088866e-04
3.262528673252844402e-02 8.667353357862584221e-03 1.250383794607206733e-03 8.553190962583571890e-04
3.295153959985372416e-02 1.080287046292326657e-02 1.360310877539850022e-03 8.638722872209406200e-04
3.328105499585226612e-02 7.669985109044063533e-03 1.176290063733160434e-03 8.725110100931502419e-04
3.361386554581079211e-02 8.233855182387783689e-03 1.141180006598402916e-03 8.812361201940817693e-04
3.395000420126889629e-02 7.432125471942412596e-03 1.128948609719381165e-03 8.900484813960224915e-04
3.428950424328158775e-02 8.915586992322858950e-03 1.150276870344420655e-03 8.989489662099827902e-04
3.463239928571439780e-02 7.848875461818482710e-03 1.104441387107454658e-03 9.079384558720824403e-04
3.497872327857154406e-02 6.286084634850128139e-03 9.945845044974199311e-04 9.170178404308032983e-04
3.532851051135725562e-02 9.229407039615966993e-03 1.094550696059881081e-03 9.261880188351113031e-04
3.568179561647083498e-02 8.105039515531084482e-03 1.025243606337084825e-03 9.354498990234625354e-04
3.603861357263554027e-02 9.243573881738367803e-03 1.063862560560957298e-03 9.448043980136971304e-04
3.639899970836189824e-02 9.467830536773571767e-03 1.044715424228625416e-03 9.542524419938341624e-04
3.676298970544551736e-02 7.539290281003377392e-03 9.135129936912683799e-04 9.637949664137724888e-04
3.713061960249997018e-02 1.092596186681323890e-02 1.086254960771583641e-03 9.734329160779101302e-04
3.750192579852497377e-02 9.938311553704996804e-03 1.003052381620468453e-03 9.831672452386894506e-04
3.787694505651022225e-02 7.773524973488278242e-03 8.793909050444361723e-04 9.929989176910762692e-04
3.825571450707532239e-02 9.142666300107992958e-03 9.322758012299737400e-04 1.002928906867986891e-03
3.863827165214607506e-02 7.017413896309806012e-03 7.989844175232025140e-04 1.012958195936666849e-03
3.902465436866753290e-02 8.270480110764207027e-03 8.692678086743921631e-04 1.023087777896033394e-03
3.941490091235420878e-02 6.949548771724794148e-03 7.714676170581571393e-04 1.033318655674993767e-03
3.980904992147775434e-02 6.976952734201891798e-03 7.843824579422384096e-04 1.043651842231743806e-03
4.020714042069253868e-02 6.683014246312627554e-03 7.402065952591771079e-04 1.054088360654061420e-03
4.060921182489946046e-02 5.219954803084965456e-03 6.278400204579907221e-04 1.064629244260601858e-03
4.101530394314845812e-02 5.242369760543450462e-03 6.776956844323941921e-04 1.075275536703208020e-03
4.142545698257994735e-02 3.923150016399420265e-03 5.413242997092888907e-04 1.086028292070240122e-03
4.183971155240574780e-02 5.475231475484274024e-03 6.383968423522963726e-04 1.096888574990942519e-03
4.225810866792979736e-02 4.123730878468554774e-03 5.232582915714086968e-04 1.107857460740851790e-03
4.268068975460909131e-02 5.165012021695189991e-03 5.733884816350745756e-04 1.118936035348260189e-03
4.310749665215518611e-02 3.875058543905221878e-03 4.917056915351995967e-04 1.130125395701742910e-03
4.353857161867674685e-02 3.360252805730495115e-03 4.568687440135951760e-04 1.141426649658760671e-03
4.397395733486350600e-02 3.618201540407910404e-03 4.689971329024091528e-04 1.152840916155348011e-03
4.441369690821214689e-02 3.475964900687243328e-03 4.375303069369414059e-04 1.164369325316901623e-03
4.485783387729427168e-02 3.336265074674850221e-03 4.233070719075702755e-04 1.176013018570070670e-03
4.530641221606721003e-02 4.023666730348950983e-03 4.551442231991127750e-04 1.187773148755771413e-03
4.575947633822788352e-02 3.102190310497656561e-03 4.173236498818435323e-04 1.199650880243328986e-03
4.621707110161016319e-02 3.372899403203771102e-03 4.166454120591666743e-04 1.211647389045762344e-03
4.667924181262626815e-02 3.807128236032114761e-03 4.351540767689294716e-04 1.223763862936220201e-03
4.714603423075253152e-02 3.837360209330274632e-03 4.157529179360102160e-04 1.236001501565582280e-03
4.761749457306005406e-02 4.014908067912841341e-03 4.227104671676392865e-04 1.248361516581237987e-03
4.809366951879065488e-02 3.934237347612553476e-03 4.119209057477387194e-04 1.260845131747050573e-03
4.857460621397855643e-02 3.274049121387969784e-03 3.923504779261672518e-04 1.273453583064520838e-03
4.906035227611834498e-02 3.087320705780893966e-03 3.584557564344540109e-04 1.286188118895166240e-03
4.955095579887952573e-02 2.685753221484249702e-03 3.540272871661406698e-04 1.299050000084117770e-03
5.004646535686832487e-02 3.062746082947246165e-03 3.419818392365448325e-04 1.312040500084958898e-03
5.054693001043701617e-02 3.383050066679984744e-03 3.628992396780862661e-04 1.325160905085808740e-03
5.105239931054138258e-02 3.121792660901330160e-03 3.361987144733151012e-04 1.338412514136666813e-03
5.156292330364679183e-02 3.088697878362143059e-03 3.338792977923626883e-04 1.351796639278033448e-03
5.207855253668326745e-02 2.941776491018683725e-03 3.168200376836238460e-04 1.365314605670813917e-03
5.259933806205009665e-02 2.783898317938958509e-03 3.101496448479742953e-04 1.378967751727521850e-03
5.312533144267059942e-02 2.673601827143819425e-03 2.985602671829741105e-04 1.392757429244797151e-03
5.365658475709730868e-02 2.406756625538534946e-03 2.980501993813406553e-04 1.406685003537245333e-03
5.419315060466827622e-02 1.804469215071833558e-03 2.650572207587001861e-04 1.420751853572617580e-03
5.473508211071495544e-02 2.220603205901229473e-03 2.632345201375255466e-04 1.434959372108343678e-03
5.528243293182211193e-02 1.674978655350255110e-03 2.288872594036349851e-04 1.449308965829427349e-03
5.583525726114033083e-02 1.908396988893006681e-03 2.364295609181096987e-04 1.463802055487721564e-03
5.639360983375173858e-02 2.230584151419843543e-03 2.600852641222895379e-04 1.478440076042598786e-03
5.695754593208925132e-02 1.857850653027576108e-03 2.319631958302214930e-04 1.493224476803024607e-03
5.752712139141014092e-02 2.073264473054673568e-03 2.440498436565826713e-04 1.508156721571054940e-03
5.810239260532423788e-02 1.964143459786077493e-03 2.461382096312545961e-04 1.523238288786765227e-03
5.868341653137748581e-02 1.763540289203285091e-03 2.201659015464653337e-04 1.538470671674633129e-03
5.927025069669127066e-02 2.334576125921023707e-03 2.553669436742471237e-04 1.553855378391379681e-03
5.986295320365817713e-02 2.056472937374145046e-03 2.446841735976693923e-04 1.569393932175293209e-03
6.046158273569476188e-02 1.642824314753955298e-03 2.199963602437431196e-04 1.585087871497046401e-03
6.106619856305171151e-02 1.840617761932352835e-03 2.197081788126425538e-04 1.600938750212016742e-03
6.167686054868222467e-02 1.492312981702109990e-03 2.001927685364718725e-04 1.616948137714136965e-03
6.229362915416905566e-02 1.861379986651214751e-03 2.175522777139114717e-04 1.633117619091278578e-03
6.291656544571075371e-02 1.925505328004355979e-03 2.191142789813115661e-04 1.649448795282191420e-03
6.354573110016785431e-02 1.614663024952379912e-03 2.000263623270835775e-04 1.665943283235013159e-03
6.418118841116952911e-02 1.491775446979368754e-03 2.119802243306067029e-04 1.682602716067363230e-03
6.482300029528123564e-02 1.402789971125734721e-03 1.872459389219800687e-04 1.699428743228037064e-03
6.547123029823403995e-02 1.393594405568645460e-03 1.949435126904326362e-04 1.716423030660317291e-03
6.612594260121637535e-02 1.148638829561088445e-03 1.826162518440542656e-04 1.733587260966920358e-03
6.678720202722854271e-02 1.267710114637153954e-03 1.890735282412725796e-04 1.750923133576589609e-03
6.745507404750082647e-02 1.419558394189248101e-03 1.895082724601295605e-04 1.768432364912355444e-03
6.812962478797583710e-02 1.173534854968243286e-03 1.692168051767582759e-04 1.786116688561479237e-03
6.881092103585559339e-02 9.473070912349720396e-04 1.600456597706320248e-04 1.803977855447093815e-03
6.949903024621414960e-02 8.195144467302235879e-04 1.505837912165017452e-04 1.822017634001564784e-03
7.019402054867629470e-02 9.412639128092634144e-04 1.620028726728282181e-04 1.840237810341580505e-03
7.089596075416305931e-02 9.476438812150445859e-04 1.443580062853876589e-04 1.858640188444996314e-03
7.160492036170468255e-02 1.099859094361806903e-03 1.538411875539269990e-04 1.877226590329446202e-03
7.232096956532173271e-02 7.397625940089581605e-04 1.315833608182738089e-04 1.895998856232740826e-03
7.304417926097495073e-02 1.044980996807721475e-03 1.491191019262479796e-04 1.914958844795068126e-03
7.377462105358470468e-02 1.104347446758627586e-03 1.594867847251378134e-04 1.934108433243018855e-03
7.451236726412055478e-02 6.634910982433616820e-04 1.171645376829220898e-04 1.953449517575449410e-03
7.525749093676176171e-02 8.158272443401403317e-04 1.288570734323170471e-04 1.972984012751203848e-03
7.601006584612937655e-02 6.972556850957292024e-04 1.240300540726210180e-04 1.992713852878715691e-03
7.677016650459067559e-02 5.354787529774500702e-04 1.111544872717585056e-04 2.012640991407502970e-03
7.753786816963659234e-02 7.486761555854348207e-04 1.213285925867676888e-04 2.032767401321578394e-03
7.831324685133295160e-02 5.355760878553343998e-04 1.011134056529445905e-04 2.053095075334793965e-03
7.909637931984628278e-02 7.481078498187941368e-04 1.263960733488185019e-04 2.073626026088141918e-03
7.988734311304473978e-02 4.130383393370601450e-04 1.034763441873694521e-04 2.094362286349023272e-03
8.068621654417518219e-02 6.902684747316259299e-04 1.133686954179789557e-04 2.115305909212513054e-03
8.149307870961694511e-02 6.487568726510224140e-04 1.154101924341366945e-04 2.136458968304638661e-03
8.230800949671310263e-02 4.598381484779200741e-04 9.187767332280025385e-05 2.157823557987684823e-03
8.313108959168023782e-02 5.295082047531785366e-04 9.823023272467923557e-05 2.179401793567561571e-03
8.396240048759703867e-02 5.091994495339760172e-04 9.613307481547977572e-05 2.201195811503237412e-03
8.480202449247301044e-02 5.668591777867375498e-04 1.017091697870268704e-04 2.223207769618269769e-03
8.565004473739774860e-02 4.835662757125541310e-04 9.940708543511600503e-05 2.245439847314452658e-03
8.650654518477171595e-02 4.446388600814251009e-04 1.027217747285371903e-04 2.267894245787596772e-03
8.737161063661944005e-02 4.761715646198084323e-04 1.048530382493447795e-04 2.290573188245473204e-03
8.824532674298563029e-02 3.892301823931164102e-04 8.290739090172832891e-05 2.313478920127927732e-03
8.912778001041549159e-02 3.685125869173821924e-04 8.034523032891000157e-05 2.336613709329206888e-03
9.001905781051965094e-02 2.741087166177997810e-04 7.644337641202753725e-05 2.359979846422499260e-03
9.091924838862484870e-02 5.547465868917362229e-04 1.065131972350762276e-04 2.383579644886724136e-03
9.182844087251110232e-02 3.122759904278109332e-04 8.116317936660257990e-05 2.407415441335591759e-03
9.274672528123620308e-02 4.055248496909883479e-04 9.372484203504567897e-05 2.431489595748947356e-03
9.367419253404857260e-02 2.550197772006340289e-04 7.716345499385997774e-05 2.455804491706437085e-03
9.461093445938906221e-02 3.412843999456545234e-04 7.823546528062496740e-05 2.480362536623501556e-03
9.555704380398294395e-02 2.644682099654614834e-04 7.670748818887111948e-05 2.505166161989736372e-03
9.651261424202278727e-02 3.913005457231083831e-04 9.393691545931699824e-05 2.530217823609634022e-03
9.747774038444301237e-02 2.184745525195718385e-04 7.279257752417331751e-05 2.555520001845730093e-03
9.845251778828745248e-02 2.411328617831543539e-04 7.728754362977930217e-05 2.581075201864187641e-03
9.943704296617031368e-02 1.087936002475387801e-04 4.438273722444408562e-05 2.606885953882829253e-03
1.004314133958320171e-01 1.327162967226014128e-04 6.353438103193112356e-05 2.632954813421657572e-03
