2.810177359318865101e-02 2.314636080562669160e-02 2.869723055022741810e-03 7.367137074942687420e-04
2.838279132912053734e-02 1.882754419821157377e-02 2.537581747206446147e-03 7.440808445692113785e-04
2.866661924241174081e-02 2.127327778762404600e-02 2.750388425600416333e-03 7.515216530149034391e-04
2.895328543483586051e-02 1.760403284288052789e-02 2.471493665678209991e-03 7.590368695450525408e-04
2.924281828918421852e-02 1.809036642858477886e-02 2.386341914915842029e-03 7.666272382405030401e-04
2.953524647207605991e-02 1.867018626428384315e-02 2.297099483143594072e-03 7.742935106229081139e-04
2.983059893679682051e-02 1.632423545489883332e-02 2.072233690424623870e-03 7.820364457291371441e-04
3.012890492616479218e-02 1.087992567635655099e-02 1.812825887354357424e-03 7.898568101864286012e-04
3.043019397542644222e-02 1.113412822633460739e-02 1.761638109702015967e-03 7.977553782882929783e-04
3.073449591518070609e-02 1.058262061976193887e-02 1.559593357278151468e-03 8.057329320711758593e-04
3.104184087433251027e-02 9.495971253183131330e-03 1.482256917110454141e-03 8.137902613918875181e-04
3.135225928307583398e-02 1.249734938259143904e-02 1.640082832919331985e-03 8.219281640058064215e-04
3.166578187590659427e-02 9.351618380546695627e-03 1.378157785912345265e-03 8.301474456458645497e-04
3.198243969466565972e-02 8.308887748386927993e-03 1.266475107184093828e-03 8.384489201023231008e-04
3.230226409161231216e-02 8.660225788132190280e-03 1.290337486514931114e-03 8.468334093033462765e-04
3.262528673252844402e-02 7.247900859001570224e-03 1.234360167711768836e-03 8.553017433963799789e-04
3.295153959985372416e-02 7.074807068931810577e-03 1.188074798019231326e-03 8.638547608303436594e-04
3.328105499585226612e-02 5.379377481198276828e-03 9.504311279491007040e-04 8.724933084386472457e-04
3.361386554581079211e-02 6.814541032859156716e-03 1.038617084216328064e-03 8.812182415230337962e-04
3.395000420126889629e-02 6.344061025408520571e-03 9.783276658172626247e-04 8.900304239382640387e-04
3.428950424328158775e-02 6.384679076350766730e-03 9.730438212822200075e-04 8.989307281776466943e-04
3.463239928571439780e-02 9.669227326379483192e-03 1.189422622800461685e-03 9.079200354594230441e-04
3.497872327857154406e-02 5.825729606223252130e-03 1.011320920179454132e-03 9.169992358140173407e-04
3.532851051135725562e-02 9.353207698254114785e-03 1.101501618172618518e-03 9.261692281721573992e-04
3.568179561647083498e-02 8.317450454345941616e-03 1.049129525485741066e-03 9.354309204538791391e-04
3.603861357263554027e-02 8.183445974240128803e-03 1.003544568009153261e-03 9.447852296584178947e-04
3.639899970836189824e-02 7.769193199855486953e-03 9.799247682438050160e-04 9.542330819550021073e-04
3.676298970544551736e-02 8.866375556537915703e-03 9.904659542434354064e-04 9.637754127745521088e-04
3.713061960249997018e-02 9.885500507095790895e-03 1.060902915541220596e-03 9.734131669022975508e-04
3.750192579852497377e-02 9.013228960947597401e-03 9.545726183094345712e-04 9.831472985713206325e-04
3.787694505651022225e-02 7.666069833877665884e-03 8.728482916699328506e-04 9.929787715570338041e-04
3.825571450707532239e-02 8.068497734118497758e-03 8.936606619486472686e-04 1.002908559272604194e-03
3.863827165214607506e-02 8.561359449065230470e-03 8.822376560927031866e-04 1.012937644865330184e-03
3.902465436866753290e-02 7.902241941973036851e-03 8.782560784965713326e-04 1.023067021313983464e-03
3.941490091235420878e-02 7.265712698715353496e-03 8.047357667277034617e-04 1.033297691527123186e-03
3.980904992147775434e-02 7.939876336834067808e-03 8.054239277153826945e-04 1.043630668442394570e-03
4.020714042069253868e-02 6.528466664790596834e-03 7.321276256208774291e-04 1.054066975126818689e-03
4.060921182489946046e-02 6.173885065715240157e-03 6.967588760165196451e-04 1.064607644878086661e-03
4.101530394314845812e-02 5.224915703328805901e-03 6.655435588263324247e-04 1.075253721326867784e-03
4.142545698257994735e-02 4.885095913986109775e-03 6.065563415376386226e-04 1.086006258540136602e-03
4.183971155240574780e-02 3.317138180009868414e-03 4.734608466507860837e-04 1.096866321125537997e-03
4.225810866792979736e-02 4.122759274964841840e-03 5.231349479740069874e-04 1.107834984336793097e-03
4.268068975460909131e-02 4.146519087131329481e-03 5.138627877514775682e-04 1.118913334180160783e-03
4.310749665215518611e-02 3.976361137477565227e-03 5.111623135814008729e-04 1.130102467521962566e-03
4.353857161867674685e-02 3.896132251244814951e-03 5.050282942658351456e-04 1.141403492197182352e-03
4.397395733486350600e-02 3.407078500347299199e-03 4.431672281899977752e-04 1.152817527119154089e-03
4.441369690821214689e-02 3.752851644629918645e-03 4.546848297844706399e-04 1.164345702390345762e-03
4.485783387729427168e-02 2.961465808123568428e-03 3.989478591442064889e-04 1.175989159414249276e-03
4.530641221606721003e-02 2.993249670508336697e-03 3.926480134096439994e-04 1.187749051008391617e-03
4.575947633822788352e-02 3.293665606541283652e-03 4.081101508960697220e-04 1.199626541518475538e-03
4.621707110161016319e-02 3.296417910805183715e-03 4.022974202391500385e-04 1.211622806933660389e-03
4.667924181262626815e-02 3.261306238619874134e-03 4.079996956360004983e-04 1.223739035002997192e-03
4.714603423075253152e-02 4.135291181124434168e-03 4.394334771162483979e-04 1.235976425353027064e-03
4.761749457306005406e-02 3.595008573855991169e-03 4.082143226042883404e-04 1.248336189606557298e-03
4.809366951879065488e-02 3.529387829423484904e-03 3.981899755892241710e-04 1.260819551502622912e-03
4.857460621397855643e-02 4.484255692922357005e-03 4.464307403636109603e-04 1.273427747017649063e-03
4.906035227611834498e-02 3.529491078279279378e-03 3.908006441034153644e-04 1.286162024487825595e-03
4.955095579887952573e-02 3.939262085423726051e-03 4.361978829803527186e-04 1.299023644732703701e-03
5.004646535686832487e-02 3.338289882904961307e-03 3.666377875631470829e-04 1.312013881180030964e-03
5.054693001043701617e-02 3.382693285690958722e-03 3.665536775841197114e-04 1.325134019991831488e-03
5.105239931054138258e-02 3.520610002933665869e-03 3.570043525400042007e-04 1.338385360191749569e-03
5.156292330364679183e-02 2.580648075556689867e-03 2.996132364100966374e-04 1.351769213793667075e-03
5.207855253668326745e-02 2.975433083544505065e-03 3.185976685435797616e-04 1.365286905931603883e-03
5.259933806205009665e-02 2.005856089800950835e-03 2.682079525923016048e-04 1.378939774990919779e-03
5.312533144267059942e-02 2.772478293196466766e-03 3.039576903382329659e-04 1.392729172740829122e-03
5.365658475709730868e-02 2.624449106437325152e-03 3.039654089656383803e-04 1.406656464468237361e-03
5.419315060466827622e-02 1.991982340509224330e-03 2.697211379933380578e-04 1.420723029112919578e-03
5.473508211071495544e-02 1.947363962221575987e-03 2.558869383274709895e-04 1.434930259404048648e-03
5.528243293182211193e-02 1.623439278921909616e-03 2.346955708275902082e-04 1.449279561998089490e-03
5.583525726114033083e-02 1.643551898573852952e-03 2.193706592877008846e-04 1.463772357618070260e-03
5.639360983375173858e-02 1.718406297381174603e-03 2.234546643773557481e-04 1.478410081194251073e-03
5.695754593208925132e-02 2.019345029539433480e-03 2.475383744614182541e-04 1.493194182006193525e-03
5.752712139141014092e-02 1.763431475005742622e-03 2.337327173181139560e-04 1.508126123826255280e-03
5.810239260532423788e-02 1.498483258619514149e-03 2.036693979914341792e-04 1.523207385064517761e-03
5.868341653137748581e-02 1.641471527402624210e-03 2.182606545805448927e-04 1.538439458915162985e-03
5.927025069669127066e-02 1.640553174981846394e-03 2.268811028357795088e-04 1.553823853504314933e-03
5.986295320365817713e-02 1.585022982360982224e-03 2.043588561226836479e-04 1.569362092039358050e-03
6.046158273569476188e-02 1.722880273093719931e-03 2.117945706130912949e-04 1.585055712959751711e-03
6.106619856305171151e-02 1.643244051387677184e-03 2.260298225620550774e-04 1.600906270089349137e-03
6.167686054868222467e-02 1.873261408494874191e-03 2.229890800663671536e-04 1.616915332790242648e-03
6.229362915416905566e-02 2.042242565077324445e-03 2.280121329091473498e-04 1.633084486118145228e-03
6.291656544571075371e-02 1.874280868419976424e-03 2.161160167585218458e-04 1.649415330979326841e-03
6.354573110016785431e-02 1.777801348353384844e-03 2.147077975828698285e-04 1.665909484289120014e-03
6.418118841116952911e-02 1.148917869468271636e-03 1.848837595506610534e-04 1.682568579132010965e-03
6.482300029528123564e-02 1.401516463988356420e-03 1.870771944894226253e-04 1.699394264923331441e-03
6.547123029823403995e-02 1.094071016406693991e-03 1.728123904331998746e-04 1.716388207572564504e-03
6.612594260121637535e-02 8.895290679330003850e-04 1.546958046721430135e-04 1.733552089648290060e-03
6.678720202722854271e-02 7.983167071856602697e-04 1.432398064546854498e-04 1.750887610544773175e-03
6.745507404750082647e-02 8.363296402436244149e-04 1.454418664183611341e-04 1.768396486650220759e-03
6.812962478797583710e-02 1.042252326646937602e-03 1.656996403412057059e-04 1.786080451516723101e-03
6.881092103585559339e-02 1.148219529070006574e-03 1.720251446081831690e-04 1.803941256031890228e-03
6.949903024621414960e-02 9.133270831026563943e-04 1.543034531823926571e-04 1.821980668592209111e-03
7.019402054867629470e-02 1.108218577601166122e-03 1.711305223877466629e-04 1.840200475278131256e-03
7.089596075416305931e-02 1.173895695509293274e-03 1.677982588220377038e-04 1.858602480030912586e-03
7.160492036170468255e-02 9.913036350174305854e-04 1.459986381162641682e-04 1.877188504831221651e-03
7.232096956532173271e-02 1.011107021583019681e-03 1.542337670993635074e-04 1.895960389879533959e-03
7.304417926097495073e-02 1.071546374764953706e-03 1.580613674508581014e-04 1.914919993778329329e-03
7.377462105358470468e-02 1.006258690981694931e-03 1.507467396883959798e-04 1.934069193716112661e-03
7.451236726412055478e-02 1.098482984581774851e-03 1.507271753328742725e-04 1.953409885653273944e-03
7.525749093676176171e-02 6.527741075220646651e-04 1.152734392690748285e-04 1.972943984509806584e-03
7.601006584612937655e-02 8.061338349811610375e-04 1.273279442851937891e-04 1.992673424354904441e-03
7.677016650459067559e-02 4.295400319286424664e-04 1.076044593229032344e-04 2.012600158598453620e-03
7.753786816963659234e-02 8.863870855818955022e-04 1.320012458473271140e-04 2.032726160184438521e-03
7.831324685133295160e-02 7.571837040164619125e-04 1.252000665266256058e-04 2.053053421786282980e-03
7.909637931984628278e-02 7.359595827623208273e-04 1.233840052390211951e-04 2.073583956004145575e-03
7.988734311304473978e-02 5.901401416425755553e-04 1.132950473976782356e-04 2.094319795564186879e-03
8.068621654417518219e-02 6.346174329179774800e-04 1.087298278863407081e-04 2.115262993519828605e-03
8.149307870961694511e-02 5.060651997188179681e-04 9.729706219467824089e-05 2.136415623455027203e-03
8.230800949671310263e-02 4.417144710380606137e-04 9.007639306952756571e-05 2.157779779689577085e-03
8.313108959168023782e-02 5.408905795441977136e-04 1.048050254074735395e-04 2.179357577486473393e-03
8.396240048759703867e-02 4.955746676382847540e-04 1.028739004866949648e-04 2.201151153261337798e-03
8.480202449247301044e-02 5.660978013079945650e-04 1.015725303453616168e-04 2.223162664793951106e-03
8.565004473739774860e-02 4.363466953938006476e-04 8.898104196501767707e-05 2.245394291441890969e-03
8.650654518477171595e-02 4.477939661188470193e-04 8.947198733740971746e-05 2.267848234356309792e-03
8.737161063661944005e-02 2.881347112675098992e-04 8.129921322869985598e-05 2.290526716699872820e-03
8.824532674298563029e-02 3.448641224401870144e-04 9.535521498123147692e-05 2.313431983866871561e-03
8.912778001041549159e-02 5.092406731229723966e-04 9.448056313411089268e-05 2.336566303705540307e-03
9.001905781051965094e-02 3.838847816840979020e-04 9.618212494765596284e-05 2.359931966742595706e-03
9.091924838862484870e-02 3.192080559911952657e-04 7.517427281360128150e-05 2.383531286410021932e-03
9.182844087251110232e-02 2.308165098745480531e-04 6.396356763638112015e-05 2.407366599274122273e-03
9.274672528123620308e-02 3.603260648165936128e-04 9.547301866209244585e-05 2.431440265266863153e-03
9.367419253404857260e-02 3.749519277029526474e-04 8.377732847840052056e-05 2.455754667919531845e-03
9.461093445938906221e-02 2.622428710681671822e-04 7.606204835310363015e-05 2.480312214598727385e-03
9.555704380398294395e-02 1.992702165844687651e-04 6.003576182315102818e-05 2.505115336744714611e-03
9.651261424202278727e-02 2.394413679197909741e-04 6.635963102182148524e-05 2.530166490112162152e-03
9.747774038444301237e-02 2.635821959814507384e-04 7.039327853603354079e-05 2.555468155013283435e-03
9.845251778828745248e-02 3.640775016911476408e-04 8.135036913128163797e-05 2.581022836563416720e-03
9.943704296617031368e-02 1.178127372867034264e-04 7.273025510982405659e-05 2.606833064929050658e-03
1.004314133958320171e-01 3.662375186127606432e-04 8.183596148309450833e-05 2.632901395578340908e-03
