2.810177359318865101e-02 1.956148144217507989e-02 2.636529338087351387e-03 7.367017504280950774e-04
2.838279132912053734e-02 2.244246146216561863e-02 2.839710449869670226e-03 7.440687679323759653e-04
2.866661924241174081e-02 1.687628865733908218e-02 2.362116926960421658e-03 7.515094556116996578e-04
2.895328543483586051e-02 1.948467693858035171e-02 2.434495192089373983e-03 7.590245501678167563e-04
2.924281828918421852e-02 1.550707744811601931e-02 2.149470882113598425e-03 7.666147956694949065e-04
2.953524647207605991e-02 1.833394152641718358e-02 2.338585475249109827e-03 7.742809436261897937e-04
2.983059893679682051e-02 1.197421996651464385e-02 1.836554273165094285e-03 7.820237530624517697e-04
3.012890492616479218e-02 1.295976508425157256e-02 1.813897981943730616e-03 7.898439905930763503e-04
3.043019397542644222e-02 1.282670621486493856e-02 1.795267300327605363e-03 7.977424304990071496e-04
3.073449591518070609e-02 1.082056941829486786e-02 1.577605367614592566e-03 8.057198548039972135e-04
3.104184087433251027e-02 9.723174874452690172e-03 1.499567005916737196e-03 8.137770533520371011e-04
3.135225928307583398e-02 7.765321341822868997e-03 1.293487016720387293e-03 8.219148238855574114e-04
3.166578187590659427e-02 8.645413764158577791e-03 1.375172452588618952e-03 8.301339721244131286e-04
3.198243969466565972e-02 8.486507468666529969e-03 1.395220872045326325e-03 8.384353118456571580e-04
3.230226409161231216e-02 7.543666567115951509e-03 1.275137898322217800e-03 8.468196649641136775e-04
3.262528673252844402e-02 8.801786607086539704e-03 1.359902051597481135e-03 8.552878616137549921e-04
3.295153959985372416e-02 5.949788967055030797e-03 1.058903244353992480e-03 8.638407402298925149e-04
3.328105499585226612e-02 7.732615953427246849e-03 1.139488540610662272e-03 8.724791476321915257e-04
3.361386554581079211e-02 7.614728526070887668e-03 1.098466678931267091e-03 8.812039391085135006e-04
3.395000420126889629e-02 6.793500491092009999e-03 1.012114382588199125e-03 8.900159784995985901e-04
3.428950424328158775e-02 7.958257658785864233e-03 1.119866439273649967e-03 8.989161382845946421e-04
3.463239928571439780e-02 7.982244948399408804e-03 1.172078313272348609e-03 9.079052996674403598e-04
3.497872327857154406e-02 9.559467943269023965e-03 1.169326974138115271e-03 9.169843526641148447e-04
3.532851051135725562e-02 7.534236900652791641e-03 9.885902498024728893e-04 9.261541961907559118e-04
3.568179561647083498e-02 9.165223046071448859e-03 1.064644897065808796e-03 9.354157381526636552e-04
3.603861357263554027e-02 8.106214846834840573e-03 9.751251305202936551e-04 9.447698955341902408e-04
3.639899970836189824e-02 9.302094997021162145e-03 1.056665008628156818e-03 9.542175944895321888e-04
3.676298970544551736e-02 8.324556708595559282e-03 9.604375865417081812e-04 9.637597704344275313e-04
3.713061960249997018e-02 8.360679802804882668e-03 9.795974350209997114e-04 9.733973681387717231e-04
3.750192579852497377e-02 1.021123516461975959e-02 1.056288151059607810e-03 9.831313418201595693e-04
3.787694505651022225e-02 8.069412670741227950e-03 8.957992157319357536e-04 9.929626552383611932e-04
3.825571450707532239e-02 9.748329546332517442e-03 9.855834292850067929e-04 1.002892281790744621e-03
3.863827165214607506e-02 7.749687923177207317e-03 8.398108916011033567e-04 1.012921204608652030e-03
3.902465436866753290e-02 8.199989442181207858e-03 8.495209690658491429e-04 1.023050416654738446e-03
3.941490091235420878e-02 7.393143058878253425e-03 7.964956939065987764e-04 1.033280920821285894e-03
3.980904992147775434e-02 7.714482994070244459e-03 8.139117781120063129e-04 1.043613730029498967e-03
4.020714042069253868e-02 6.677102748708012986e-03 7.739136696394097745e-04 1.054049867329793968e-03
4.060921182489946046e-02 3.599923081113390842e-03 5.393957439488366928e-04 1.064590366003091790e-03
4.101530394314845812e-02 5.048063085871351899e-03 6.071660458629547308e-04 1.075236269663122808e-03
4.142545698257994735e-02 4.105450294922820612e-03 5.678657320669315686e-04 1.085988632359754158e-03
4.183971155240574780e-02 5.278935897612789876e-03 5.971968449205595489e-04 1.096848518683351788e-03
4.225810866792979736e-02 4.388088125590126030e-03 5.396659031788940235e-04 1.107817003870185078e-03
4.268068975460909131e-02 3.445798247142853408e-03 4.685037360148428193e-04 1.118895173908886816e-03
4.310749665215518611e-02 3.627263873723041761e-03 4.758692267159291456e-04 1.130084125647975914e-03
4.353857161867674685e-02 4.165424549229121420e-03 5.084374783339320721e-04 1.141384966904455869e-03
4.397395733486350600e-02 3.354162747919890893e-03 4.400293145680479723e-04 1.152798816573500241e-03
4.441369690821214689e-02 2.791166003814452099e-03 4.048309559910385136e-04 1.164326804739235352e-03
4.485783387729427168e-02 3.445301714817441355e-03 4.302575774969089875e-04 1.175970072786627777e-03
4.530641221606721003e-02 2.990530588378552401e-03 3.922923133901995104e-04 1.187729773514493992e-03
4.575947633822788352e-02 3.084533955120021681e-03 4.207083603339751665e-04 1.199607071249638888e-03
4.621707110161016319e-02 3.102742249366552928e-03 4.340014376950156964e-04 1.211603141962135305e-03
4.667924181262626815e-02 4.132870716292879470e-03 4.679275934509119820e-04 1.223719173381756717e-03
4.714603423075253152e-02 3.095461384488619200e-03 3.989714037073201496e-04 1.235956365115574353e-03
4.761749457306005406e-02 2.730799806794212067e-03 3.619517730717971746e-04 1.248315928766730032e-03
4.809366951879065488e-02 3.677095755305811835e-03 3.983542079583678804e-04 1.260799088054397271e-03
4.857460621397855643e-02 4.088792653826960402e-03 4.167984660328245437e-04 1.273407078934941103e-03
4.906035227611834498e-02 3.840836493671016209e-03 3.999465446746719379e-04 1.286141149724290668e-03
4.955095579887952573e-02 3.899380402819361234e-03 4.151865947249549441e-04 1.299002561221533495e-03
5.004646535686832487e-02 3.442532237450063402e-03 3.624041912609763305e-04 1.311992586833749018e-03
5.054693001043701617e-02 3.451085398786775307e-03 3.573947696869439277e-04 1.325112512702086550e-03
5.105239931054138258e-02 3.239221473154349495e-03 3.515452511038898338e-04 1.338363637829107422e-03
5.156292330364679183e-02 3.069574189681945325e-03 3.532602424452613928e-04 1.351747274207398255e-03
5.207855253668326745e-02 2.894819665394649400e-03 3.205128859953014411e-04 1.365264746949472474e-03
5.259933806205009665e-02 2.996196504404871185e-03 3.154369568052625087e-04 1.378917394418967225e-03
5.312533144267059942e-02 1.978974287563944976e-03 2.670142951658666716e-04 1.392706568363156951e-03
5.365658475709730868e-02 1.834012970471122399e-03 2.595210676663228192e-04 1.406633634046788612e-03
5.419315060466827622e-02 1.833851760200185628e-03 2.516260985122427082e-04 1.420699970387256320e-03
5.473508211071495544e-02 1.860013180689848271e-03 2.632943335614788567e-04 1.434906970091128636e-03
5.528243293182211193e-02 1.911654482835741702e-03 2.436699504557691975e-04 1.449256039792040218e-03
5.583525726114033083e-02 1.702543207012329092e-03 2.232923755519930031e-04 1.463748600189960624e-03
5.639360983375173858e-02 1.310259236544793551e-03 1.950924494965599904e-04 1.478386086191860226e-03
5.695754593208925132e-02 1.729794537694991172e-03 2.300276917917158973e-04 1.493169947053778852e-03
5.752712139141014092e-02 1.772954624942497254e-03 2.317026361488727269e-04 1.508101646524316478e-03
5.810239260532423788e-02 1.803683760066314944e-03 2.234459464758586651e-04 1.523182662989559615e-03
5.868341653137748581e-02 2.120832259781528766e-03 2.413885862274540181e-04 1.538414489619455323e-03
5.927025069669127066e-02 1.834768458518609875e-03 2.222166355802198442e-04 1.553798634515649989e-03
5.986295320365817713e-02 1.933694958071227295e-03 2.329346510728924201e-04 1.569336620860806294e-03
6.046158273569476188e-02 1.885189315360100669e-03 2.316557019613516390e-04 1.585029987069414437e-03
6.106619856305171151e-02 1.812282696740294494e-03 2.307078348468844387e-04 1.600880286940108664e-03
6.167686054868222467e-02 1.872942548019490084e-03 2.229510766020141338e-04 1.616889089809509699e-03
6.229362915416905566e-02 2.083323460858625339e-03 2.349922844116045944e-04 1.633057980707605010e-03
6.291656544571075371e-02 1.570163913472700980e-03 2.102461095812327928e-04 1.649388560514681223e-03
6.354573110016785431e-02 1.480408207034110673e-03 1.968470312288375711e-04 1.665882446119827968e-03
6.418118841116952911e-02 1.505987225103347068e-03 1.925921664828325402e-04 1.682541270581026189e-03
6.482300029528123564e-02 1.377118932433956744e-03 1.854838223906829097e-04 1.699366683286836731e-03
6.547123029823403995e-02 9.806462576579541655e-04 1.813060953724605819e-04 1.716360350119704821e-03
6.612594260121637535e-02 1.294064554197267005e-03 1.865995976236780771e-04 1.733523953620901698e-03
6.678720202722854271e-02 9.781899101425231644e-04 1.585255561618061071e-04 1.750859193157110758e-03
6.745507404750082647e-02 1.089627384996364346e-03 1.660017340315101471e-04 1.768367785088681855e-03
6.812962478797583710e-02 9.345705719289335934e-04 1.638086094910291130e-04 1.786051462939568712e-03
6.881092103585559339e-02 8.837906094989874881e-04 1.524894807788927545e-04 1.803911977568964419e-03
6.949903024621414960e-02 7.638886427746803803e-04 1.487849235538528912e-04 1.821951097344654078e-03
7.019402054867629470e-02 1.088260715127457650e-03 1.569118374778367562e-04 1.840170608318100667e-03
7.089596075416305931e-02 1.036807226848429414e-03 1.510705399693372574e-04 1.858572314401281877e-03
7.160492036170468255e-02 9.397361541804311611e-04 1.475379279208634590e-04 1.877158037545294429e-03
7.232096956532173271e-02 1.031974846397645069e-03 1.556279236862023469e-04 1.895929617920747530e-03
7.304417926097495073e-02 8.539001381402477149e-04 1.348652423393477168e-04 1.914888914099955024e-03
7.377462105358470468e-02 1.077158254866837205e-03 1.506694637281510703e-04 1.934037803240954648e-03
7.451236726412055478e-02 7.709345450937875191e-04 1.371960282391662873e-04 1.953378181273364347e-03
7.525749093676176171e-02 9.995159348801675031e-04 1.426370408566824408e-04 1.972911963086097786e-03
7.601006584612937655e-02 9.270579293407365390e-04 1.365446449785218163e-04 1.992641082716959007e-03
7.677016650459067559e-02 7.076838070545298344e-04 1.178264308173770865e-04 2.012567493544128571e-03
7.753786816963659234e-02 7.094143211438817863e-04 1.181159963298246087e-04 2.032693168479570052e-03
7.831324685133295160e-02 6.117358898267029593e-04 1.080326806934718288e-04 2.053020100164365536e-03
7.909637931984628278e-02 5.528824400894193167e-04 1.025671438382416874e-04 2.073550301166009191e-03
7.988734311304473978e-02 6.155684150127150971e-04 1.131218383943035429e-04 2.094285804177669318e-03
8.068621654417518219e-02 2.895743033038344297e-04 9.355310283147730505e-05 2.115228662219445759e-03
8.149307870961694511e-02 4.682198295119137724e-04 9.355242595730874674e-05 2.136380948841640464e-03
8.230800949671310263e-02 4.966495706715274433e-04 9.548675748861343337e-05 2.157744758330056804e-03
8.313108959168023782e-02 5.345955566804315830e-04 1.065639903631145991e-04 2.179322205913357142e-03
8.396240048759703867e-02 4.228760064449076312e-04 9.625364614318199740e-05 2.201115427972490796e-03
8.480202449247301044e-02 4.127862206495242609e-04 9.296824764383720789e-05 2.223126582252215808e-03
8.565004473739774860e-02 6.543142202803190746e-04 1.089446127169686393e-04 2.245357848074737948e-03
8.650654518477171595e-02 4.765559973376232205e-04 9.796731758881367885e-05 2.267811426555485163e-03
8.737161063661944005e-02 3.368238959030913889e-04 7.719992795092811100e-05 2.290489540821040448e-03
8.824532674298563029e-02 4.878824614094612322e-04 9.826631696648689533e-05 2.313394436229250506e-03
8.912778001041549159e-02 3.268428069588013608e-04 8.227360809094520896e-05 2.336528380591543132e-03
9.001905781051965094e-02 3.310622360282430344e-04 9.121846449655053666e-05 2.359893664397458984e-03
9.091924838862484870e-02 4.612882675136498146e-04 9.038937427130979058e-05 2.383492601041433279e-03
9.182844087251110232e-02 5.076283413657219166e-04 1.002583836860878398e-04 2.407327527051847816e-03
9.274672528123620308e-02 3.565988784327498427e-04 8.174701027545911499e-05 2.431400802322365891e-03
9.367419253404857260e-02 4.798151949246172183e-04 1.007858104263064855e-04 2.455714810345590009e-03
9.461093445938906221e-02 4.896627907247524687e-04 1.016701184281974590e-04 2.480271958449045862e-03
9.555704380398294395e-02 3.622576801958070120e-04 8.094062988126888214e-05 2.505074678033536364e-03
9.651261424202278727e-02 2.256825098585420761e-04 7.604324479088531955e-05 2.530125424813871836e-03
9.747774038444301237e-02 3.198836410424320004e-04 7.752585578370125544e-05 2.555426679062010580e-03
9.845251778828745248e-02 4.188195267325308183e-04 8.726576075494448523e-05 2.580980945852631107e-03
9.943704296617031368e-02 2.536569496359567292e-04 6.774373027991563261e-05 2.606790755311156824e-03
1.004314133958320171e-01 1.501678608344958769e-04 7.068834604035717408e-05 2.632858662864268322e-03
