2.810177359318865101e-02 1.748558538013438371e-02 1.009072189526289375e-02 7.367137074942687420e-04
2.838279132912053734e-02 2.801453527531581195e-02 1.252278455784661647e-02 7.440808445692113785e-04
2.866661924241174081e-02 1.083865263867766354e-02 7.660645673412392470e-03 7.515216530149034391e-04
2.895328543483586051e-02 9.961508240145687185e-03 7.040600408622042609e-03 7.590368695450525408e-04
2.924281828918421852e-02 4.886005771543464223e-03 4.883778316418641366e-03 7.666272382405030401e-04
2.953524647207605991e-02 1.852029558596984121e-02 9.255874146044531375e-03 7.742935106229081139e-04
2.983059893679682051e-02 2.585695305173075359e-02 1.055116014694630448e-02 7.820364457291371441e-04
3.012890492616479218e-02 1.662343194128649768e-02 8.307855160010320372e-03 7.898568101864286012e-04
3.043019397542644222e-02 8.236779884348293876e-03 5.821562766045256486e-03 7.977553782882929783e-04
3.073449591518070609e-02 3.765490403548452710e-03 3.763711292909761429e-03 8.057329320711758593e-04
3.104184087433251027e-02 3.032705748073643778e-02 1.071667672743498514e-02 8.137902613918875181e-04
3.135225928307583398e-02 3.526194136879485901e-03 3.524525302943303396e-03 8.219281640058064215e-04
3.166578187590659427e-02 6.654936374603661643e-03 4.703475331733378111e-03 8.301474456458645497e-04
3.198243969466565972e-02 1.265080645473752423e-02 6.322312329774710214e-03 8.384489201023231008e-04
3.230226409161231216e-02 3.149955333072513002e-03 3.148345821559488718e-03 8.468334093033462765e-04
3.262528673252844402e-02 5.901985580361064979e-03 4.171199761848274137e-03 8.553017433963799789e-04
3.295153959985372416e-02 5.621249016436364460e-03 3.972697539141319990e-03 8.638547608303436594e-04
3.328105499585226612e-02 2.751525599026986759e-03 2.750005001737002713e-03 8.724933084386472457e-04
3.361386554581079211e-02 1.037567760147625577e-02 5.184864653282115002e-03 8.812182415230337962e-04
3.395000420126889629e-02 4.944567771195443849e-03 3.494273663211267585e-03 8.900304239382640387e-04
3.428950424328158775e-02 9.721065098350061690e-03 4.857489938133788959e-03 8.989307281776466943e-04
3.463239928571439780e-02 1.438754937581238069e-02 5.869831731610397965e-03 9.079200354594230441e-04
3.497872327857154406e-02 1.098547664201558922e-02 4.909455163780136223e-03 9.169992358140173407e-04
3.532851051135725562e-02 2.126243093550314947e-03 2.124727996874292181e-03 9.261692281721573992e-04
3.568179561647083498e-02 8.097324282850362417e-03 4.045653099543338599e-03 9.354309204538791391e-04
3.603861357263554027e-02 3.848990108243958552e-03 2.719544992387167622e-03 9.447852296584178947e-04
3.639899970836189824e-02 1.701813710491892340e-02 5.668195317036608775e-03 9.542330819550021073e-04
3.676298970544551736e-02 1.269813871599873370e-02 4.795443032760562420e-03 9.637754127745521088e-04
3.713061960249997018e-02 7.092655611625316159e-03 3.543338035586388046e-03 9.734131669022975508e-04
3.750192579852497377e-02 9.945534586291252324e-03 4.056720553125436717e-03 9.831472985713206325e-04
3.787694505651022225e-02 1.629545960380490363e-02 5.148467906791182394e-03 9.929787715570338041e-04
3.825571450707532239e-02 4.682983912771779972e-03 2.701299744989608953e-03 1.002908559272604194e-03
3.863827165214607506e-02 5.962932464848615978e-03 2.978766656954267341e-03 1.012937644865330184e-03
3.902465436866753290e-02 1.156120826561600132e-02 4.083757131752508568e-03 1.023067021313983464e-03
3.941490091235420878e-02 1.546271424736651683e-02 4.657920919129521047e-03 1.033297691527123186e-03
3.980904992147775434e-02 5.358984831559463445e-03 2.677017987564039078e-03 1.043630668442394570e-03
4.020714042069253868e-02 7.761885212794374621e-03 3.165914349434378709e-03 1.054066975126818689e-03
4.060921182489946046e-02 4.953508866837427922e-03 2.474514329798701943e-03 1.064607644878086661e-03
4.101530394314845812e-02 5.984595706281779261e-03 2.673962610075496411e-03 1.075253721326867784e-03
4.142545698257994735e-02 3.463885874435834386e-03 1.998110153132036555e-03 1.086006258540136602e-03
4.183971155240574780e-02 7.313012521929057944e-03 3.493822663395119380e-03 1.096866321125537997e-03
4.225810866792979736e-02 2.176763763515432697e-03 1.537863784154504991e-03 1.107834984336793097e-03
4.268068975460909131e-02 2.088265016491153234e-03 1.475334913287916667e-03 1.118913334180160783e-03
4.310749665215518611e-02 5.116660123813905614e-03 2.286244168801580563e-03 1.130102467521962566e-03
4.353857161867674685e-02 2.037388566603733769e-03 1.439378489969362013e-03 1.141403492197182352e-03
4.397395733486350600e-02 2.835545414420224779e-03 1.635638661050262512e-03 1.152817527119154089e-03
4.441369690821214689e-02 6.323241702366636484e-03 2.387768155431129087e-03 1.164345702390345762e-03
4.485783387729427168e-02 4.406549172646451011e-03 1.968813570106235904e-03 1.175989159414249276e-03
4.530641221606721003e-02 5.067934336175833332e-03 2.066997401792846495e-03 1.187749051008391617e-03
4.575947633822788352e-02 4.976218517316778091e-03 2.029457087805876421e-03 1.199626541518475538e-03
4.621707110161016319e-02 3.221181441458174314e-03 1.608889496870433969e-03 1.211622806933660389e-03
4.667924181262626815e-02 5.474862155225425006e-03 2.067033156347384062e-03 1.223739035002997192e-03
4.714603423075253152e-02 3.694548515207846627e-03 1.650405056722885908e-03 1.235976425353027064e-03
4.761749457306005406e-02 6.570408954443851882e-03 2.187552257688814457e-03 1.248336189606557298e-03
4.809366951879065488e-02 1.415870078507057254e-03 9.999606511427846980e-04 1.260819551502622912e-03
4.857460621397855643e-02 3.486766433745393853e-03 1.557414560077440609e-03 1.273427747017649063e-03
4.906035227611834498e-02 2.731313096646603884e-03 1.364016948730177115e-03 1.286162024487825595e-03
4.955095579887952573e-02 5.079719234282840425e-03 1.917700695474315120e-03 1.299023644732703701e-03
5.004646535686832487e-02 1.409085362551063415e-03 1.662113173629039316e-03 1.312013881180030964e-03
5.054693001043701617e-02 4.249616872919077630e-03 1.604114463476659629e-03 1.325134019991831488e-03
5.105239931054138258e-02 5.940622123767790724e-03 1.876173657090587530e-03 1.338385360191749569e-03
5.156292330364679183e-02 4.566377473880856366e-03 1.612408321446050187e-03 1.351769213793667075e-03
5.207855253668326745e-02 3.918472516259907321e-03 1.479171134293385268e-03 1.365286905931603883e-03
5.259933806205009665e-02 1.634731322811166631e-03 9.426505658719318411e-04 1.378939774990919779e-03
5.312533144267059942e-02 2.733705257839693509e-03 1.221089296429720035e-03 1.392729172740829122e-03
5.365658475709730868e-02 2.214303264403462597e-03 1.105887904291822255e-03 1.406656464468237361e-03
5.419315060466827622e-02 2.264165544851695720e-03 1.130856663204139788e-03 1.420723029112919578e-03
5.473508211071495544e-02 2.048118428459574491e-03 1.022879182740259532e-03 1.434930259404048648e-03
5.528243293182211193e-02 9.688936859638245559e-04 6.843183770728868609e-04 1.449279561998089490e-03
5.583525726114033083e-02 1.441108903206911795e-03 8.310511537289455575e-04 1.463772357618070260e-03
5.639360983375173858e-02 9.534360807775078351e-04 6.733871347508774575e-04 1.478410081194251073e-03
5.695754593208925132e-02 2.374391878885418437e-03 1.060640712903155192e-03 1.493194182006193525e-03
5.752712139141014092e-02 1.884899946521528032e-03 9.413535683675029351e-04 1.508126123826255280e-03
5.810239260532423788e-02 1.816796953670119516e-03 9.072888136171177072e-04 1.523207385064517761e-03
5.868341653137748581e-02 2.253969258798547461e-03 1.006736490596157928e-03 1.538439458915162985e-03
5.927025069669127066e-02 8.832885341913097616e-04 6.237877924264334951e-04 1.553823853504314933e-03
5.986295320365817713e-02 2.161936236958764395e-03 9.655830858547017129e-04 1.569362092039358050e-03
6.046158273569476188e-02 8.545278302547669545e-04 6.034522442044986182e-04 1.585055712959751711e-03
6.106619856305171151e-02 1.722720783955517540e-03 8.602336169087889881e-04 1.600906270089349137e-03
6.167686054868222467e-02 3.332669012435739847e-03 1.176736414931667208e-03 1.616915332790242648e-03
6.229362915416905566e-02 2.507610221067108590e-03 1.022178726484241143e-03 1.633084486118145228e-03
6.291656544571075371e-02 1.227177580352861340e-03 7.074827448720587275e-04 1.649415330979326841e-03
6.354573110016785431e-02 4.063952976289238704e-03 1.283556499625179486e-03 1.665909484289120014e-03
6.418118841116952911e-02 2.426457032531740242e-03 9.894200033647600461e-04 1.682568579132010965e-03
6.482300029528123564e-02 8.192992773747786398e-04 5.786761198414450092e-04 1.699394264923331441e-03
6.547123029823403995e-02 1.343066454128107696e-03 7.746283738841333675e-04 1.716388207572564504e-03
6.612594260121637535e-02 4.411947334105994004e-04 4.407640373846564703e-04 1.733552089648290060e-03
6.678720202722854271e-02 2.107523234607561712e-03 9.415748109379248106e-04 1.750887610544773175e-03
6.745507404750082647e-02 1.659236570824486551e-03 8.287954916138152040e-04 1.768396486650220759e-03
6.812962478797583710e-02 2.402703312902456940e-03 9.799242412943229199e-04 1.786080451516723101e-03
6.881092103585559339e-02 1.974131552313548258e-03 8.819596319667525599e-04 1.803941256031890228e-03
6.949903024621414960e-02 7.617332578381162071e-04 5.380735754682223603e-04 1.821980668592209111e-03
7.019402054867629470e-02 3.713001667946133578e-04 3.709188367090447973e-04 1.840200475278131256e-03
7.089596075416305931e-02 1.443305354880617059e-03 7.208686533159029469e-04 1.858602480030912586e-03
7.160492036170468255e-02 1.410890620146336991e-03 7.046681756072487772e-04 1.877188504831221651e-03
7.232096956532173271e-02 1.050757613751087966e-03 6.059867929584379339e-04 1.895960389879533959e-03
7.304417926097495073e-02 1.047083552760899637e-03 6.038701127073135919e-04 1.914919993778329329e-03
7.377462105358470468e-02 3.460215540399560704e-04 3.456417820748398321e-04 1.934069193716112661e-03
7.451236726412055478e-02 6.784775466715930060e-04 4.792423211674636126e-04 1.953409885653273944e-03
7.525749093676176171e-02 6.677855852225760783e-04 4.716923593323425366e-04 1.972943984509806584e-03
7.601006584612937655e-02 6.597316165683205858e-04 4.660111752073073832e-04 1.992673424354904441e-03
7.677016650459067559e-02 9.653032852846292911e-04 5.567425926861147489e-04 2.012600158598453620e-03
7.753786816963659234e-02 9.672081430232999091e-04 5.578517790789536352e-04 2.032726160184438521e-03
7.831324685133295160e-02 9.388878702658478952e-04 5.415252720028373035e-04 2.053053421786282980e-03
7.909637931984628278e-02 3.120697852712998595e-04 3.117641585422811562e-04 2.073583956004145575e-03
7.988734311304473978e-02 1.854561420081216191e-04 6.144910569121008956e-04 2.094319795564186879e-03
8.068621654417518219e-02 3.055022814500358880e-04 3.052055740195238243e-04 2.115262993519828605e-03
8.149307870961694511e-02 6.135606641760805351e-04 4.334288101357224748e-04 2.136415623455027203e-03
8.230800949671310263e-02 3.012418767880746507e-04 3.009472482712805723e-04 2.157779779689577085e-03
8.313108959168023782e-02 1.495442618402018651e-03 6.681245614267764628e-04 2.179357577486473393e-03
8.396240048759703867e-02 8.929947564219018223e-04 5.150533361117879414e-04 2.201151153261337798e-03
8.480202449247301044e-02 5.977842415180557390e-04 4.222749305966528406e-04 2.223162664793951106e-03
8.565004473739774860e-02 0.000000000000000000e+00 0.000000000000000000e+00 2.245394291441890969e-03
8.650654518477171595e-02 8.795384255961202161e-04 5.073035540771607442e-04 2.267848234356309792e-03
8.737161063661944005e-02 5.804302047740706903e-04 4.100410369876342415e-04 2.290526716699872820e-03
8.824532674298563029e-02 2.894666041600585122e-04 2.891988386833280861e-04 2.313431983866871561e-03
8.912778001041549159e-02 2.874154751520547582e-04 2.871630358412593240e-04 2.336566303705540307e-03
9.001905781051965094e-02 0.000000000000000000e+00 0.000000000000000000e+00 2.359931966742595706e-03
9.091924838862484870e-02 0.000000000000000000e+00 0.000000000000000000e+00 2.383531286410021932e-03
9.182844087251110232e-02 0.000000000000000000e+00 0.000000000000000000e+00 2.407366599274122273e-03
9.274672528123620308e-02 0.000000000000000000e+00 0.000000000000000000e+00 2.431440265266863153e-03
9.367419253404857260e-02 0.000000000000000000e+00 0.000000000000000000e+00 2.455754667919531845e-03
9.461093445938906221e-02 0.000000000000000000e+00 0.000000000000000000e+00 2.480312214598727385e-03
9.555704380398294395e-02 5.930137531414262676e-04 4.189997302134222581e-04 2.505115336744714611e-03
9.651261424202278727e-02 -1.205865323440162134e-04 5.182772719112005173e-04 2.530166490112162152e-03
9.747774038444301237e-02 0.000000000000000000e+00 0.000000000000000000e+00 2.555468155013283435e-03
9.845251778828745248e-02 2.979546519009381388e-04 2.977352275180723427e-04 2.581022836563416720e-03
9.943704296617031368e-02 2.966633880139090502e-04 2.964492196660658348e-04 2.606833064929050658e-03
1.004314133958320171e-01 0.000000000000000000e+00 0.000000000000000000e+00 2.632901395578340908e-03
