2.838279132912053734e-02 2.098571857674765700e-02 1.211055510097534815e-02 7.440899023041054258e-04
2.866661924241174081e-02 2.033240666300258070e-02 1.173363935373321690e-02 7.515308013271464931e-04
2.895328543483586051e-02 2.491462176024427516e-02 1.245160339642507712e-02 7.590461093404179960e-04
2.924281828918421852e-02 6.092099100691984390e-03 6.089244923017062688e-03 7.666365704338221499e-04
2.953524647207605991e-02 1.739452188412137987e-02 1.003807359875083342e-02 7.743029361381603042e-04
2.983059893679682051e-02 0.000000000000000000e+00 0.000000000000000000e+00 7.820459654995419538e-04
3.012890492616479218e-02 2.598336928155562178e-02 1.161472750137728348e-02 7.898664251545374059e-04
3.043019397542644222e-02 1.543004017678354690e-02 8.904363089217685531e-03 7.977650894060828819e-04
3.073449591518070609e-02 1.412507582194968449e-02 8.151266471104276143e-03 8.057427403001436944e-04
3.104184087433251027e-02 9.472437622139303834e-03 6.693426100225505562e-03 8.138001677031450392e-04
3.135225928307583398e-02 8.819955095143794735e-03 6.233033264591254091e-03 8.219381693801764734e-04
3.166578187590659427e-02 4.154801470695311354e-03 4.152805655088760879e-03 8.301575510739783205e-04
3.198243969466565972e-02 1.581264395905210632e-02 7.902412689198459739e-03 8.384591265847180256e-04
3.230226409161231216e-02 1.181911845876217407e-02 6.820294181479716854e-03 8.468437178505651333e-04
3.262528673252844402e-02 7.383591240522104082e-03 5.218344740476779479e-03 8.553121550290709602e-04
3.295153959985372416e-02 0.000000000000000000e+00 0.000000000000000000e+00 8.638652765793616373e-04
3.328105499585226612e-02 6.878357791556987365e-03 4.861045723288919679e-03 8.725039293451553610e-04
3.361386554581079211e-02 3.239701113053084468e-03 3.237795822510087726e-03 8.812289686386070003e-04
3.395000420126889629e-02 3.091726875004248681e-03 3.089895168523261373e-03 8.900412583249929597e-04
3.428950424328158775e-02 6.076816322920617838e-03 4.294252597068005418e-03 8.989416709082429131e-04
3.463239928571439780e-02 0.000000000000000000e+00 0.000000000000000000e+00 9.079310876173252382e-04
3.497872327857154406e-02 1.372451650246171544e-02 6.133597638175345215e-03 9.170103984934985112e-04
3.532851051135725562e-02 2.659363788827209373e-03 2.657468806514088656e-03 9.261805024784333998e-04
3.568179561647083498e-02 1.770067682887643476e-02 6.685260651018389531e-03 9.354423075032179636e-04
3.603861357263554027e-02 7.214903125182768606e-03 4.162324253932214030e-03 9.447967305782500489e-04
3.639899970836189824e-02 7.083494352832521955e-03 4.086417615363932727e-03 9.542446978840326069e-04
3.676298970544551736e-02 6.813402049461772005e-03 3.930475715341700052e-03 9.637871448628729113e-04
3.713061960249997018e-02 4.423713186099112807e-03 3.125414680610445577e-03 9.734250163115016133e-04
3.750192579852497377e-02 1.245019528603716168e-02 5.078351606712606416e-03 9.831592664746166207e-04
3.787694505651022225e-02 1.222490478399772436e-02 4.986327199203385158e-03 9.929908591393627523e-04
3.825571450707532239e-02 1.948889624894069956e-03 1.947160533489358022e-03 1.002920767730756382e-03
3.863827165214607506e-02 5.592458349331547000e-03 3.225881417372656722e-03 1.012949975408063965e-03
3.902465436866753290e-02 7.229547331563918912e-03 3.611466973345198953e-03 1.023079475162144529e-03
3.941490091235420878e-02 1.053753568089984237e-02 4.297987513739000634e-03 1.033310269913765992e-03
3.980904992147775434e-02 5.024406901821192734e-03 2.898163827201353463e-03 1.043643372612903771e-03
4.020714042069253868e-02 3.232176700721638932e-03 2.283429785529513846e-03 1.054079806339032954e-03
4.060921182489946046e-02 1.548067380402365400e-03 1.546666846024627668e-03 1.064620604402423138e-03
4.101530394314845812e-02 2.990622799434454904e-03 2.112767710863173217e-03 1.075266810446447435e-03
4.142545698257994735e-02 7.214985551046755249e-03 3.223811749103803331e-03 1.086019478550912139e-03
4.183971155240574780e-02 1.385270884027784647e-03 1.384052710314287839e-03 1.096879673336421165e-03
4.225810866792979736e-02 2.721082909786331876e-03 1.922419162282820292e-03 1.107848470069785216e-03
4.268068975460909131e-02 9.131581256890227566e-03 3.448395451765944898e-03 1.118926954770483066e-03
4.310749665215518611e-02 3.839216825075248037e-03 2.214638168604119058e-03 1.130116224318187959e-03
4.353857161867674685e-02 3.308862643651084342e-03 3.104137805031186546e-03 1.141417386561369976e-03
4.397395733486350600e-02 2.364634964065817635e-03 1.670561217402623776e-03 1.152831560426983461e-03
4.441369690821214689e-02 4.514884217446590506e-03 2.255405846552469441e-03 1.164359876031253625e-03
4.485783387729427168e-02 2.202330905996902673e-03 1.555812411982555876e-03 1.176003474791566207e-03
4.530641221606721003e-02 1.055725463511752180e-03 1.054681058118302726e-03 1.187763509539481671e-03
4.575947633822788352e-02 5.184126950680136015e-03 2.316040254981187319e-03 1.199641144634876547e-03
4.621707110161016319e-02 3.018053150698324621e-03 1.740653889284467020e-03 1.211637556081225338e-03
4.667924181262626815e-02 4.887896432094887729e-03 2.183546261880474088e-03 1.223753931642037772e-03
4.714603423075253152e-02 4.620297935718200612e-03 2.063967831501817805e-03 1.235991470958458082e-03
4.761749457306005406e-02 2.737953244283127582e-03 1.578879908598952849e-03 1.248351385668042615e-03
4.809366951879065488e-02 1.769323225951164409e-03 1.249587537698603661e-03 1.260834899524723111e-03
4.857460621397855643e-02 4.354978714963280220e-03 1.945210939302523733e-03 1.273443248519970199e-03
4.906035227611834498e-02 2.561667836394986367e-03 1.477169528634614997e-03 1.286177681005169901e-03
4.955095579887952573e-02 4.535184495175886669e-03 2.025807598694989112e-03 1.299039457815221593e-03
5.004646535686832487e-02 3.913000885028976132e-03 1.747675922897194830e-03 1.312029852393373913e-03
5.054693001043701617e-02 3.034266713625767727e-03 1.515155544710376865e-03 1.325150150917307713e-03
5.105239931054138258e-02 6.688228038977912966e-03 2.226545005521229654e-03 1.338401652426480810e-03
5.156292330364679183e-02 3.565710544592963320e-03 1.592612432637192325e-03 1.351785668950745371e-03
5.207855253668326745e-02 2.797061900523058458e-03 1.396757950188922759e-03 1.365303525640253115e-03
5.259933806205009665e-02 2.045004077007614701e-03 1.179213146056777486e-03 1.378956560896655486e-03
5.312533144267059942e-02 2.733835465750310712e-03 1.365287333798983864e-03 1.392746126505622212e-03
5.365658475709730868e-02 2.074541288486996503e-03 1.196407230258314178e-03 1.406673587770678477e-03
5.419315060466827622e-02 2.122117492490417992e-03 1.223876653086905780e-03 1.420740323648385199e-03
5.473508211071495544e-02 2.560533081989255916e-03 1.278791279787461904e-03 1.434947726884868921e-03
5.528243293182211193e-02 1.815480116906351528e-03 1.046961304648388663e-03 1.449297204153717801e-03
5.583525726114033083e-02 1.801964194790666536e-03 1.039133868664713538e-03 1.463790176195254754e-03
5.639360983375173858e-02 1.787675144937943012e-03 1.030897416418230864e-03 1.478428077957207477e-03
5.695754593208925132e-02 2.374384030964543646e-03 1.185821342526451310e-03 1.493212358736779486e-03
5.752712139141014092e-02 3.534170566588556561e-03 1.441131367631216494e-03 1.508144482324147093e-03
5.810239260532423788e-02 1.703323006585052458e-03 9.822061756053280298e-04 1.523225927147388607e-03
5.868341653137748581e-02 4.506656222885318218e-03 1.591352327299715630e-03 1.538458186418862478e-03
5.927025069669127066e-02 5.518302205487511441e-04 5.511308944400307658e-04 1.553842768283051484e-03
5.986295320365817713e-02 2.160414718386594393e-03 1.078805814970522012e-03 1.569381195965881878e-03
6.046158273569476188e-02 1.603861613681336045e-03 9.247788716374514672e-04 1.585075007925540675e-03
6.106619856305171151e-02 2.152132996304801423e-03 1.074659465590491886e-03 1.600925758004796088e-03
6.167686054868222467e-02 3.125450939998072105e-03 1.274292315736655573e-03 1.616935015584844079e-03
6.229362915416905566e-02 1.043741617035249441e-03 7.370612020301556353e-04 1.633104365740692746e-03
6.291656544571075371e-02 2.046431026370551607e-03 1.021780978594974496e-03 1.649435409398099716e-03
6.354573110016785431e-02 3.047693692273027288e-03 1.242668418882689977e-03 1.665929763492080560e-03
6.418118841116952911e-02 1.516594543385076533e-03 8.745822688920652397e-04 1.682589061127001424e-03
6.482300029528123564e-02 1.023892395174557778e-03 7.232084432300248718e-04 1.699414951738271746e-03
6.547123029823403995e-02 2.236806551837379649e-03 1.117303444355253594e-03 1.716409101255654155e-03
6.612594260121637535e-02 1.103230018177778476e-03 7.793398891078666358e-04 1.733573192268210656e-03
6.678720202722854271e-02 5.265973535598435793e-04 5.260731476006665552e-04 1.750908924190892673e-03
6.745507404750082647e-02 1.555926046411559068e-03 8.974233968903523465e-04 1.768418013432801646e-03
6.812962478797583710e-02 1.501181416218312073e-03 8.658457534578508676e-04 1.786102193567129688e-03
6.881092103585559339e-02 1.480621987476579346e-03 8.539671934517903580e-04 1.803963215502800942e-03
6.949903024621414960e-02 9.523454510782660516e-04 6.727183258310024706e-04 1.822002847657828994e-03
7.019402054867629470e-02 1.392500670149711623e-03 8.031140354495235880e-04 1.840222876134407293e-03
7.089596075416305931e-02 4.510095521139496563e-04 4.505195623201659364e-04 1.858625104895751407e-03
7.160492036170468255e-02 2.205328245266478023e-03 9.851692925469362604e-04 1.877211355944708761e-03
7.232096956532173271e-02 4.374159559191247528e-04 4.369350954973383935e-04 1.895983469504155996e-03
7.304417926097495073e-02 0.000000000000000000e+00 0.000000000000000000e+00 1.914943304199197630e-03
7.377462105358470468e-02 0.000000000000000000e+00 0.000000000000000000e+00 1.934092737241189641e-03
7.451236726412055478e-02 1.271984243634146586e-03 7.335964099916250560e-04 1.953433664613601645e-03
7.525749093676176171e-02 0.000000000000000000e+00 0.000000000000000000e+00 1.972968001259737831e-03
7.601006584612937655e-02 4.123191614745119510e-04 4.118864924620209032e-04 1.992697681272334858e-03
7.677016650459067559e-02 1.608302908906031857e-03 8.033210411861918965e-04 2.012624658085058419e-03
7.753786816963659234e-02 1.209095096264677094e-03 6.973669783718436550e-04 2.032750904665909294e-03
7.831324685133295160e-02 7.825513514875167545e-04 5.527941980301774409e-04 2.053078413712568391e-03
7.909637931984628278e-02 7.798562979117405194e-04 5.509016201330364099e-04 2.073609197849693789e-03
7.988734311304473978e-02 3.866675554679840443e-04 3.862920193637206360e-04 2.094345289828190588e-03
8.068621654417518219e-02 -2.863610775954467829e-04 7.688204180817591283e-04 2.115288742726472663e-03
8.149307870961694511e-02 7.667048881042382589e-04 5.416122753281160098e-04 2.136441630153737559e-03
8.230800949671310263e-02 -2.822815863250061280e-04 7.578659556565146794e-04 2.157806046455274483e-03
8.313108959168023782e-02 0.000000000000000000e+00 0.000000000000000000e+00 2.179384106919827514e-03
8.396240048759703867e-02 3.719785471487744980e-04 3.716052293911468150e-04 2.201177947989025729e-03
8.480202449247301044e-02 0.000000000000000000e+00 0.000000000000000000e+00 2.223189727468915817e-03
8.565004473739774860e-02 7.438938874788786088e-04 5.254963535270930960e-04 2.245421624743605422e-03
8.650654518477171595e-02 3.661272598004162060e-04 3.657788752336534901e-04 2.267875840991041055e-03
8.737161063661944005e-02 3.626637063522700167e-04 3.623186174931352201e-04 2.290554599400951817e-03
8.824532674298563029e-02 3.621276622236954874e-04 3.617926830423069543e-04 2.313460145394961084e-03
8.912778001041549159e-02 3.588498420408982228e-04 3.585346613542307452e-04 2.336594746848910838e-03
9.001905781051965094e-02 7.191752986550285082e-04 5.080957578881451116e-04 2.359960694317399937e-03
9.091924838862484870e-02 3.628116089420570364e-04 3.624991388724751649e-04 2.383560301260574058e-03
9.182844087251110232e-02 1.453538564317463731e-03 7.261628854185236872e-04 2.407395904273179881e-03
9.274672528123620308e-02 3.836351713948667869e-04 3.833426330251025549e-04 2.431469863315911719e-03
9.367419253404857260e-02 0.000000000000000000e+00 0.000000000000000000e+00 2.455784561949070962e-03
9.461093445938906221e-02 7.349516649510565288e-04 5.192874114509993602e-04 2.480342407568561763e-03
9.555704380398294395e-02 0.000000000000000000e+00 0.000000000000000000e+00 2.505145831644247246e-03
9.651261424202278727e-02 0.000000000000000000e+00 0.000000000000000000e+00 2.530197289960690096e-03
9.747774038444301237e-02 3.849649619512744507e-04 3.846814600890842342e-04 2.555499262860296602e-03
9.845251778828745248e-02 1.118268960495507301e-03 6.451574184522419764e-04 2.581054255488900162e-03
9.943704296617031368e-02 3.707653572556075892e-04 3.704976929356687651e-04 2.606864798043788574e-03
1.004314133958320171e-01 7.493137939334584049e-04 5.294734344770685034e-04 2.632933446024226295e-03
