2.810177359318865101e-02 1.837249803793031613e-02 2.638476599908753592e-03 7.367107181913380102e-04
2.838279132912053734e-02 2.019447389863938958e-02 2.627936331819027103e-03 7.440778253732514055e-04
2.866661924241174081e-02 1.630487654356975805e-02 2.433151548148704095e-03 7.515186036269838566e-04
2.895328543483586051e-02 1.581399652693777844e-02 2.192021536800913776e-03 7.590337896632537266e-04
2.924281828918421852e-02 1.856586734636377772e-02 2.476858874911998069e-03 7.666241275598863029e-04
2.953524647207605991e-02 1.845584441927232422e-02 2.366462005000611636e-03 7.742903688354851183e-04
2.983059893679682051e-02 1.079380780713957814e-02 1.684935428737095123e-03 7.820332725238399868e-04
3.012890492616479218e-02 1.296424468779848981e-02 1.814525317443179157e-03 7.898536052490784777e-04
3.043019397542644222e-02 1.257423384418145454e-02 1.777441538237337776e-03 7.977521413015692831e-04
3.073449591518070609e-02 1.128014971726131951e-02 1.610697268425583754e-03 8.057296627145849608e-04
3.104184087433251027e-02 1.000441410005520164e-02 1.602809502500007277e-03 8.137869593417307746e-04
3.135225928307583398e-02 1.271158049683818354e-02 1.653984829375394370e-03 8.219248289351479804e-04
3.166578187590659427e-02 1.056659600367691396e-02 1.464618171865127161e-03 8.301440772244995806e-04
3.198243969466565972e-02 9.205604704717498810e-03 1.379901442597781126e-03 8.384455179967445103e-04
3.230226409161231216e-02 9.189171551988412762e-03 1.461815529627490942e-03 8.468299731767118567e-04
3.262528673252844402e-02 6.237502789249838031e-03 1.110132896911023969e-03 8.552982729084792311e-04
3.295153959985372416e-02 8.072168036592809737e-03 1.176818750063865450e-03 8.638512556375638586e-04
3.328105499585226612e-02 5.925004296741632343e-03 1.063316535805822584e-03 8.724897681939396132e-04
3.361386554581079211e-02 7.701176689902544496e-03 1.141581323823453965e-03 8.812146658758791308e-04
3.395000420126889629e-02 6.494373713022557996e-03 9.897925256211498758e-04 8.900268125346378050e-04
3.428950424328158775e-02 8.258668621175050892e-03 1.139836316824631175e-03 8.989270806599842199e-04
3.463239928571439780e-02 9.521680205611102177e-03 1.180244395900426589e-03 9.079163514665839580e-04
3.497872327857154406e-02 8.349431028466490490e-03 1.097637473591533226e-03 9.169955149812499028e-04
3.532851051135725562e-02 1.008387273478146898e-02 1.168403517992730456e-03 9.261654701310622880e-04
3.568179561647083498e-02 8.687498258616059219e-03 1.070622688194526563e-03 9.354271248323730225e-04
3.603861357263554027e-02 7.412433727294781213e-03 9.331626394896608452e-04 9.447813960806966758e-04
3.639899970836189824e-02 9.118476328100904443e-03 1.025095533765805382e-03 9.542292100415037358e-04
3.676298970544551736e-02 9.532028954210049199e-03 1.027009618706539295e-03 9.637715021419187428e-04
3.713061960249997018e-02 7.926252880246356658e-03 9.672031977168801158e-04 9.734092171633379345e-04
3.750192579852497377e-02 6.743988694044258068e-03 8.462320376083708835e-04 9.831433093349713909e-04
3.787694505651022225e-02 8.581029218255060292e-03 9.587331543153027481e-04 9.929747424283210614e-04
3.825571450707532239e-02 8.870027413096620225e-03 9.189489762570874840e-04 1.002904489852604218e-03
3.863827165214607506e-02 7.910434736571200776e-03 8.870557752699109689e-04 1.012933534751130245e-03
3.902465436866753290e-02 8.173781962582702537e-03 8.638926260152800891e-04 1.023062870098641504e-03
3.941490091235420878e-02 6.719563414431107932e-03 7.819202086620449669e-04 1.033293498799627919e-03
3.980904992147775434e-02 6.955840907667663713e-03 7.537674450953005907e-04 1.043626433787624283e-03
4.020714042069253868e-02 5.815675842943075768e-03 6.925682862888437197e-04 1.054062698125500692e-03
4.060921182489946046e-02 4.617115739468238139e-03 5.906258313714998591e-04 1.064603325106755656e-03
4.101530394314845812e-02 4.605333030835326996e-03 5.796918473901294371e-04 1.075249358357823143e-03
4.142545698257994735e-02 3.633407241350179381e-03 6.222485134745437503e-04 1.086001851941401607e-03
4.183971155240574780e-02 5.212046173390488292e-03 5.934461462572969328e-04 1.096861870460815597e-03
4.225810866792979736e-02 4.521214671437829777e-03 5.478002836544782492e-04 1.107830489165423631e-03
4.268068975460909131e-02 2.972393577017535139e-03 4.504552722559467329e-04 1.118908794057077742e-03
4.310749665215518611e-02 3.501550167051286407e-03 4.675069588954489574e-04 1.130097881997648573e-03
4.353857161867674685e-02 3.981124696478244816e-03 4.972004279556697590e-04 1.141398860817625363e-03
4.397395733486350600e-02 2.865053168744390640e-03 4.199875054779164435e-04 1.152812849425801419e-03
4.441369690821214689e-02 3.421644115682040931e-03 4.341528918938367663e-04 1.164340977920059420e-03
4.485783387729427168e-02 3.153487659015274166e-03 4.231947716583196002e-04 1.175984387699260210e-03
4.530641221606721003e-02 2.890463761521519254e-03 3.858763175874791048e-04 1.187744231576252658e-03
4.575947633822788352e-02 3.039683166196347971e-03 3.920197119326102107e-04 1.199621673892015215e-03
4.621707110161016319e-02 3.356396800748155055e-03 4.199143220252421569e-04 1.211617890630935441e-03
4.667924181262626815e-02 3.727697590492710586e-03 4.216158805266065107e-04 1.223734069537244862e-03
4.714603423075253152e-02 3.838392400902740191e-03 4.158640057720556322e-04 1.235971410232617395e-03
4.761749457306005406e-02 2.987582969451473870e-03 3.645619729809393156e-04 1.248331124334943476e-03
4.809366951879065488e-02 3.718729906037332444e-03 4.005148596619445295e-04 1.260814435578292911e-03
4.857460621397855643e-02 3.715058375716537124e-03 4.123773382463975378e-04 1.273422579934075771e-03
4.906035227611834498e-02 3.515488238262426055e-03 3.933095191421799260e-04 1.286156805733416507e-03
4.955095579887952573e-02 4.679549931172650133e-03 4.620235192087273268e-04 1.299018373790750613e-03
5.004646535686832487e-02 2.925898859063706149e-03 3.585229475404729579e-04 1.312008557528658147e-03
5.054693001043701617e-02 3.236026881825687911e-03 3.554036034039186943e-04 1.325128643103944950e-03
5.105239931054138258e-02 3.323606039972606171e-03 3.531226080420365185e-04 1.338379929534984358e-03
5.156292330364679183e-02 3.024748944579546805e-03 3.502932860111671715e-04 1.351763728830334159e-03
5.207855253668326745e-02 2.770246989469058851e-03 3.074169806696725555e-04 1.365281366118637667e-03
5.259933806205009665e-02 2.369706978492035297e-03 2.934297892616660047e-04 1.378934179779823903e-03
5.312533144267059942e-02 2.505579057474556330e-03 2.889739734644555694e-04 1.392723521577622246e-03
5.365658475709730868e-02 1.555443724309542785e-03 2.290809385881371115e-04 1.406650756793398523e-03
5.419315060466827622e-02 1.610506806178336157e-03 2.440153401143309460e-04 1.420717264361332248e-03
5.473508211071495544e-02 2.186281253575117489e-03 2.761552115757453011e-04 1.434924437004945650e-03
5.528243293182211193e-02 1.863274360641212690e-03 2.344794379526562121e-04 1.449273681374995109e-03
5.583525726114033083e-02 1.820471953896952034e-03 2.309288519580112277e-04 1.463766418188745160e-03
5.639360983375173858e-02 1.834985852553134992e-03 2.309145452555793265e-04 1.478404082370632670e-03
5.695754593208925132e-02 1.931798522448372520e-03 2.423323877149237209e-04 1.493188123194338955e-03
5.752712139141014092e-02 1.388626916426404607e-03 2.093974137526064233e-04 1.508120004426282204e-03
5.810239260532423788e-02 1.661540158250316692e-03 2.286871322952449233e-04 1.523201204470544948e-03
5.868341653137748581e-02 1.706962209919236527e-03 2.165125881780422445e-04 1.538433216515250465e-03
5.927025069669127066e-02 2.184087214864423917e-03 2.423690440626585611e-04 1.553817548680403284e-03
5.986295320365817713e-02 1.854251531459142656e-03 2.313588942934902029e-04 1.569355724167207028e-03
6.046158273569476188e-02 1.902635410886266377e-03 2.347796918945842790e-04 1.585049281408879322e-03
6.106619856305171151e-02 1.960290581951123958e-03 2.410229332558201144e-04 1.600899774222968100e-03
6.167686054868222467e-02 1.908315400569474997e-03 2.200641905932881534e-04 1.616908771965197729e-03
6.229362915416905566e-02 1.725888803309193111e-03 2.147642967379951977e-04 1.633077859684849923e-03
6.291656544571075371e-02 1.538056047125649622e-03 2.009648197824907064e-04 1.649408638281698539e-03
6.354573110016785431e-02 1.565079883086293797e-03 1.969375146961089770e-04 1.665902724664515382e-03
6.418118841116952911e-02 1.234480817475884550e-03 1.743742706292611693e-04 1.682561751911160457e-03
6.482300029528123564e-02 8.161960934889055715e-04 1.499692566621384422e-04 1.699387369430272300e-03
6.547123029823403995e-02 1.339884415829092250e-03 1.912185928114293917e-04 1.716381243124574839e-03
6.612594260121637535e-02 1.213085503976598332e-03 1.806592314188795083e-04 1.733545055555820542e-03
6.678720202722854271e-02 1.055722028966375563e-03 1.647123414028365477e-04 1.750880506111378732e-03
6.745507404750082647e-02 1.114359976526531609e-03 1.678294318907437989e-04 1.768389311172492489e-03
6.812962478797583710e-02 9.846434413171270463e-04 1.640548099997874972e-04 1.786073204284217581e-03
6.881092103585559339e-02 1.173198821517393037e-03 1.738315795149042952e-04 1.803933936327059692e-03
6.949903024621414960e-02 9.531630074326370066e-04 1.487063023841458215e-04 1.821973275690330326e-03
7.019402054867629470e-02 9.209503551218308371e-04 1.502389914451074024e-04 1.840193008447233531e-03
7.089596075416305931e-02 8.215150530489555118e-04 1.428787835145345396e-04 1.858594938531705999e-03
7.160492036170468255e-02 1.012741727026914961e-03 1.475604621459119831e-04 1.877180887917022888e-03
7.232096956532173271e-02 9.463073915746668613e-04 1.496290783723995804e-04 1.895952696796193238e-03
7.304417926097495073e-02 1.195171394396066667e-03 1.595361406262495489e-04 1.914912223764155159e-03
7.377462105358470468e-02 7.517766178461994476e-04 1.316675411821538032e-04 1.934061346001796815e-03
7.451236726412055478e-02 6.688462284341158744e-04 1.261244136865233788e-04 1.953401959461814694e-03
7.525749093676176171e-02 6.445115117948126485e-04 1.204673415671940137e-04 1.972935979056433028e-03
7.601006584612937655e-02 9.061707874695808414e-04 1.349432171187575961e-04 1.992665338846997137e-03
7.677016650459067559e-02 5.896896395893829867e-04 1.075515381948584988e-04 2.012591992235467607e-03
7.753786816963659234e-02 8.665918827608702591e-04 1.305114097477367554e-04 2.032717912157822222e-03
7.831324685133295160e-02 4.631668634521374163e-04 1.063182771872446818e-04 2.053045091279400575e-03
7.909637931984628278e-02 7.350886993489754925e-04 1.232380011830154520e-04 2.073575542192194598e-03
7.988734311304473978e-02 6.235722503056581167e-04 1.084444904384366550e-04 2.094311297614116253e-03
8.068621654417518219e-02 4.592287590214594014e-04 9.861408844188326720e-05 2.115254410590257112e-03
8.149307870961694511e-02 6.859947388123552531e-04 1.183661805595193740e-04 2.136406954696160217e-03
8.230800949671310263e-02 5.147217174934639412e-04 9.717810884735663486e-05 2.157771024243121567e-03
8.313108959168023782e-02 5.481344605975761730e-04 9.997661668057453187e-05 2.179348734485552896e-03
8.396240048759703867e-02 7.564594051755407040e-04 1.218061934639104790e-04 2.201142221830408325e-03
8.480202449247301044e-02 5.340785180217347793e-04 1.064592151277738357e-04 2.223153644048712213e-03
8.565004473739774860e-02 6.477776435783566111e-04 1.134638363519670056e-04 2.245385180489199890e-03
8.650654518477171595e-02 4.294364553922433371e-04 8.757332079490567770e-05 2.267839032294091239e-03
8.737161063661944005e-02 4.609657262488460298e-04 9.031688707097505937e-05 2.290517422617032676e-03
8.824532674298563029e-02 2.830647065316063042e-04 7.070071579587459661e-05 2.313422596843202773e-03
8.912778001041549159e-02 4.036484327210936528e-04 8.409242139577738351e-05 2.336556822811634848e-03
9.001905781051965094e-02 3.864753449570368414e-04 8.232521750085429067e-05 2.359922391039751335e-03
9.091924838862484870e-02 3.236089108606763493e-04 8.508239250979699982e-05 2.383521614950148953e-03
9.182844087251110232e-02 3.953011602674900093e-04 9.234630351564406838e-05 2.407356831099650724e-03
9.274672528123620308e-02 3.749997686494338078e-04 8.378855635796481646e-05 2.431430399410646967e-03
9.367419253404857260e-02 2.598982036264609052e-04 8.799430214601235015e-05 2.455744703404753437e-03
9.461093445938906221e-02 2.556673314346520794e-04 7.827342580638076998e-05 2.480302150438800941e-03
9.555704380398294395e-02 2.720120340948832993e-04 7.017888508088230084e-05 2.505105171943188946e-03
9.651261424202278727e-02 2.872637246787070205e-04 8.012163233585871066e-05 2.530156223662620961e-03
9.747774038444301237e-02 2.115581101875332068e-04 7.531146897622249163e-05 2.555457785899247283e-03
9.845251778828745248e-02 4.550444398827715271e-04 9.094197155560160392e-05 2.581012363758239826e-03
9.943704296617031368e-02 2.358171490476534873e-04 6.535669282521537279e-05 2.606822487395822011e-03
1.004314133958320171e-01 9.146565134492187896e-05 4.087549480870258082e-05 2.632890712269780192e-03
