2.810177359318865101e-02 1.745351002061636819e-02 2.492275764270713082e-03 7.367256649485903622e-04
2.838279132912053734e-02 1.744306593395979904e-02 2.441434128632001457e-03 7.440929215980761910e-04
2.866661924241174081e-02 1.921975447648806984e-02 2.522573794365633344e-03 7.515338508140569865e-04
2.895328543483586051e-02 1.796798484236987112e-02 2.338180880719388510e-03 7.590491893221975976e-04
2.924281828918421852e-02 1.846729134848505358e-02 2.344293237599125602e-03 7.666396812154195259e-04
2.953524647207605991e-02 1.473462103214687527e-02 2.042395506495633863e-03 7.743060780275736561e-04
2.983059893679682051e-02 1.570344527834970083e-02 2.089692455152514401e-03 7.820491388078494848e-04
3.012890492616479218e-02 1.372048994876712454e-02 1.866267367396234542e-03 7.898696301959280035e-04
3.043019397542644222e-02 1.307124308311972613e-02 1.811817384926227466e-03 7.977683264978873432e-04
3.073449591518070609e-02 9.898851520047375133e-03 1.508859825835697768e-03 8.057460097628661678e-04
3.104184087433251027e-02 9.020991404402904298e-03 1.443788990430259177e-03 8.138034698604947915e-04
3.135225928307583398e-02 9.004204313878938493e-03 1.615830992001422804e-03 8.219415045590997655e-04
3.166578187590659427e-02 9.754212327504271918e-03 1.407222164235563374e-03 8.301609196046907165e-04
3.198243969466565972e-02 8.117845771855192877e-03 1.251998880358090507e-03 8.384625288007376779e-04
3.230226409161231216e-02 7.707493624179525930e-03 1.218044295405754053e-03 8.468471540887448747e-04
3.262528673252844402e-02 9.064992448678020967e-03 1.337942504026587995e-03 8.553156256296325652e-04
3.295153959985372416e-02 1.046560196450951712e-02 1.339272074224434617e-03 8.638687818859287814e-04
3.328105499585226612e-02 1.019273957139368338e-02 1.344427726671551526e-03 8.725074697047882069e-04
3.361386554581079211e-02 8.282143861370697482e-03 1.196698304029197380e-03 8.812325444018362418e-04
3.395000420126889629e-02 9.602644493537563705e-03 1.234760592413351342e-03 8.900448698458545164e-04
3.428950424328158775e-02 8.657780045935453694e-03 1.179570255615910827e-03 8.989453185443130583e-04
3.463239928571439780e-02 1.044130089216166284e-02 1.277227846602358883e-03 9.079347717297560523e-04
3.497872327857154406e-02 7.726984420224522823e-03 1.046672196911162516e-03 9.170141194470536605e-04
3.532851051135725562e-02 7.752862286124517430e-03 1.031429660726044563e-03 9.261842606415241321e-04
3.568179561647083498e-02 1.086137647959977033e-02 1.210617704559778995e-03 9.354461032479395371e-04
3.603861357263554027e-02 9.593201986505593346e-03 1.082798025700936655e-03 9.448005642804188121e-04
3.639899970836189824e-02 7.274504173295283718e-03 9.157737830356455899e-04 9.542485699232230783e-04
3.676298970544551736e-02 8.994670549557800057e-03 9.985762908927102444e-04 9.637910556224552928e-04
3.713061960249997018e-02 6.732108229809945915e-03 8.848814661016083868e-04 9.734289661786798458e-04
3.750192579852497377e-02 6.552865002193112610e-03 8.355049093730842558e-04 9.831632558404666562e-04
3.787694505651022225e-02 8.069188195804419261e-03 8.957737892110406936e-04 9.929948883988712598e-04
3.825571450707532239e-02 5.813670565661568750e-03 7.436925721247105705e-04 1.002924837282860105e-03
3.863827165214607506e-02 9.205611081068253501e-03 9.151636256433744350e-04 1.012954085655688643e-03
3.902465436866753290e-02 7.423037123794834144e-03 8.091783185411163598e-04 1.023083626512245447e-03
3.941490091235420878e-02 6.800809744968850171e-03 7.952179347663084928e-04 1.033314462777367880e-03
3.980904992147775434e-02 6.427284513625745356e-03 7.678997909387410984e-04 1.043647607405141569e-03
4.020714042069253868e-02 6.241436295452284545e-03 7.015823346843334894e-04 1.054084083479193230e-03
4.060921182489946046e-02 6.422326748562882590e-03 7.293590257260016861e-04 1.064624924313985069e-03
4.101530394314845812e-02 4.869132880124055207e-03 6.109557123586971438e-04 1.075271173557125091e-03
4.142545698257994735e-02 4.939300416687199269e-03 5.898421029582541541e-04 1.086023885292696336e-03
4.183971155240574780e-02 4.307165025025799961e-03 5.536821916551669994e-04 1.096884124145623479e-03
4.225810866792979736e-02 3.299091927210198900e-03 4.836243514417364877e-04 1.107852965387079404e-03
4.268068975460909131e-02 3.827749699203950896e-03 4.937282745254308438e-04 1.118931495040950165e-03
4.310749665215518611e-02 3.441002261175790059e-03 4.635814722177047367e-04 1.130120809991359658e-03
4.353857161867674685e-02 3.732602894227709037e-03 4.814514771411870569e-04 1.141422018091273497e-03
4.397395733486350600e-02 4.023029555013596728e-03 4.932857518447180930e-04 1.152836238272186018e-03
4.441369690821214689e-02 3.532713352642758570e-03 4.411858004767183015e-04 1.164364600654907954e-03
4.485783387729427168e-02 3.068845676739367836e-03 4.060959281194770321e-04 1.176008246661457190e-03
4.530641221606721003e-02 4.757392846333845932e-03 5.126901221610414812e-04 1.187768329128071655e-03
4.575947633822788352e-02 3.852383301424867727e-03 4.414477149220565359e-04 1.199646012419352398e-03
4.621707110161016319e-02 3.739605906161964487e-03 4.285091421798006882e-04 1.211642472543545930e-03
4.667924181262626815e-02 3.833672378116165323e-03 4.451687634033160571e-04 1.223758897268981474e-03
4.714603423075253152e-02 4.472633222088639310e-03 4.490118021040288409e-04 1.235996486241671332e-03
4.761749457306005406e-02 3.569726409233999181e-03 3.986379791520105282e-04 1.248356451104088057e-03
4.809366951879065488e-02 3.529031181048314977e-03 3.981488217981564589e-04 1.260840015615128816e-03
4.857460621397855643e-02 3.937639346217399958e-03 4.337856713544892078e-04 1.273448415771279976e-03
4.906035227611834498e-02 3.333199239926308219e-03 3.911588212031194599e-04 1.286182899928992951e-03
4.955095579887952573e-02 3.946635758546835140e-03 4.178518620255720255e-04 1.299044728928282818e-03
5.004646535686832487e-02 3.545345745327321222e-03 3.745668613411296650e-04 1.312035176217565737e-03
5.054693001043701617e-02 2.813191105570681146e-03 3.395275081266415154e-04 1.325155527979741477e-03
5.105239931054138258e-02 3.159309476674050828e-03 3.382778767011640313e-04 1.338407083259538811e-03
5.156292330364679183e-02 2.436273642344583858e-03 3.076931542164899978e-04 1.351791154092134208e-03
5.207855253668326745e-02 3.004230346689578616e-03 3.346797915527003372e-04 1.365309065633055728e-03
5.259933806205009665e-02 2.865064343018174260e-03 3.085665566815825310e-04 1.378962156289386233e-03
5.312533144267059942e-02 2.205753119575181321e-03 2.711858686356203685e-04 1.392751777852279998e-03
5.365658475709730868e-02 2.151046059362217606e-03 2.764472780635786504e-04 1.406679295630802913e-03
5.419315060466827622e-02 2.455590305866260387e-03 2.911093268311800743e-04 1.420746088587110812e-03
5.473508211071495544e-02 2.440006099924257009e-03 2.759606945101747465e-04 1.434953549472981968e-03
5.528243293182211193e-02 1.776150092550957994e-03 2.290350836499495889e-04 1.449303084967711779e-03
5.583525726114033083e-02 1.878344653796688770e-03 2.345176213997160301e-04 1.463796115817388947e-03
5.639360983375173858e-02 1.951535987353158119e-03 2.381379692241733048e-04 1.478434076975562901e-03
5.695754593208925132e-02 1.430032659441917873e-03 2.132491905814108864e-04 1.493218417745318521e-03
5.752712139141014092e-02 1.929780705571294396e-03 2.354838091013281812e-04 1.508150601922771594e-03
5.810239260532423788e-02 1.831426757341757814e-03 2.251583519108606287e-04 1.523232107941999104e-03
5.868341653137748581e-02 2.175914852812581117e-03 2.445033715038621514e-04 1.538464429021419323e-03
5.927025069669127066e-02 2.024339568531487513e-03 2.334546759817222221e-04 1.553849073311633832e-03
5.986295320365817713e-02 1.882080668624711755e-03 2.300773324656408192e-04 1.569387564044749921e-03
6.046158273569476188e-02 2.247990328720745126e-03 2.420900246154423423e-04 1.585081439685197442e-03
6.106619856305171151e-02 1.945469202896468524e-03 2.258603984325197338e-04 1.600932254082049460e-03
6.167686054868222467e-02 1.732940607131534154e-03 2.098742877361916474e-04 1.616941576622869890e-03
6.229362915416905566e-02 1.531209157175871015e-03 1.974010830865098294e-04 1.633110992389098749e-03
6.291656544571075371e-02 1.480141332674900570e-03 2.027068223248940310e-04 1.649442102312989990e-03
6.354573110016785431e-02 1.291198322839165469e-03 1.788347542793294550e-04 1.665936523336119688e-03
6.418118841116952911e-02 1.132292592869469684e-03 1.845886042978956202e-04 1.682595888569480853e-03
6.482300029528123564e-02 1.373678720505737243e-03 1.985982822260929986e-04 1.699421847455175917e-03
6.547123029823403995e-02 1.175748465841903794e-03 1.791180513364156433e-04 1.716416065929727511e-03
6.612594260121637535e-02 8.900248987053538440e-04 1.547818983324432038e-04 1.733580226589024643e-03
6.678720202722854271e-02 1.277043593550425014e-03 1.871837705748627075e-04 1.750916028854914916e-03
6.745507404750082647e-02 1.130137846487851410e-03 1.753093421425218183e-04 1.768425189143464030e-03
6.812962478797583710e-02 9.541703471031586685e-04 1.526376519670571735e-04 1.786109441034898840e-03
6.881092103585559339e-02 1.231544481487104525e-03 1.722753110263908400e-04 1.803970535445247828e-03
6.949903024621414960e-02 8.633796705070644235e-04 1.645263428277984473e-04 1.822010240799700267e-03
7.019402054867629470e-02 8.621031319435226454e-04 1.397046139000728828e-04 1.840230343207697279e-03
7.089596075416305931e-02 1.257332402494697838e-03 1.663573021601542446e-04 1.858632646639774314e-03
7.160492036170468255e-02 1.228783015249829396e-03 1.625766294632498580e-04 1.877218973106171973e-03
7.232096956532173271e-02 1.087474101284447141e-03 1.641188895178628674e-04 1.895991162837233580e-03
7.304417926097495073e-02 7.651988501582898238e-04 1.414638364080351822e-04 1.914951074465606013e-03
7.377462105358470468e-02 9.349460642090556915e-04 1.478351210876405078e-04 1.934100585210262206e-03
7.451236726412055478e-02 8.506510468954519427e-04 1.327074897940719203e-04 1.953441591062365056e-03
7.525749093676176171e-02 8.336090889142599818e-04 1.427276278239015541e-04 1.972976006972988576e-03
7.601006584612937655e-02 7.453263871892311290e-04 1.224033204321273789e-04 1.992705767042718401e-03
7.677016650459067559e-02 6.997394370415590875e-04 1.225603878466350086e-04 2.012632824713145741e-03
7.753786816963659234e-02 7.938654142453501969e-04 1.322666949103178981e-04 2.032759152960277559e-03
7.831324685133295160e-02 6.499887330191734614e-04 1.113607786261489393e-04 2.053086744489879874e-03
7.909637931984628278e-02 4.884049077749117807e-04 1.025684510255111805e-04 2.073617611934778712e-03
7.988734311304473978e-02 5.441804211121263005e-04 1.177040067248701148e-04 2.094353788054126482e-03
8.068621654417518219e-02 5.831464350593708974e-04 1.119519942406040438e-04 2.115297325934667634e-03
8.149307870961694511e-02 5.363936955280941294e-04 1.059244615762622353e-04 2.136450299194014423e-03
8.230800949671310263e-02 3.727656647748202063e-04 9.206573412696861399e-05 2.157814802185954468e-03
8.313108959168023782e-02 5.481829915053705680e-04 9.998555250599931114e-05 2.179392950207813956e-03
8.396240048759703867e-02 6.229151685337240129e-04 1.135565714469693018e-04 2.201186879709892113e-03
8.480202449247301044e-02 3.992989290577856438e-04 1.000313122190287391e-04 2.223198748506991212e-03
8.565004473739774860e-02 5.318791503842154643e-04 1.060224790636931838e-04 2.245430735992061215e-03
8.650654518477171595e-02 5.374518411892363103e-04 9.803011018386175812e-05 2.267885043351981593e-03
8.737161063661944005e-02 4.299921955638109396e-04 9.550040069657747110e-05 2.290563893785501574e-03
8.824532674298563029e-02 3.222430249972627753e-04 8.830478457080467283e-05 2.313469532723356602e-03
8.912778001041549159e-02 3.509095784453821398e-04 7.839666676707247601e-05 2.336604228050590069e-03
9.001905781051965094e-02 4.747057161596805112e-04 9.127789945839940417e-05 2.359970270331096347e-03
9.091924838862484870e-02 3.902573640674813224e-04 8.313179615600246744e-05 2.383569973034407267e-03
9.182844087251110232e-02 2.129702575829108544e-04 6.142792118740716370e-05 2.407405672764751509e-03
9.274672528123620308e-02 2.553961891262948852e-04 7.727822422642403682e-05 2.431479729492398625e-03
9.367419253404857260e-02 3.050630694309951359e-04 8.609092875231630273e-05 2.455794526787322823e-03
9.461093445938906221e-02 2.620912179674616746e-04 7.601806002948747381e-05 2.480352472055196052e-03
9.555704380398294395e-02 3.188930624625368223e-04 8.288806826790285612e-05 2.505155996775748108e-03
9.651261424202278727e-02 3.131235433437722679e-04 7.588682279929245605e-05 2.530207556743505927e-03
9.747774038444301237e-02 2.637444510929980797e-04 7.043649243472608094e-05 2.555509632310940665e-03
9.845251778828745248e-02 3.094571239915912069e-04 7.499916840477651098e-05 2.581064728634050332e-03
9.943704296617031368e-02 1.306781795103360508e-04 6.766694291314257024e-05 2.606875375920390554e-03
1.004314133958320171e-01 3.110563504207481214e-04 7.538982400715633751e-05 2.632944129679594663e-03
