2.810177359318865101e-02 1.984427695519420942e-02 1.628817387119271820e-03 7.367256649485903622e-04
2.838279132912053734e-02 1.749616193325326599e-02 1.517675020761912168e-03 7.440929215980761910e-04
2.866661924241174081e-02 1.712200203683979932e-02 1.460528448551552455e-03 7.515338508140569865e-04
2.895328543483586051e-02 1.786199110135602841e-02 1.428077595453577540e-03 7.590491893221975976e-04
2.924281828918421852e-02 1.615654850822327224e-02 1.344326160589447844e-03 7.666396812154195259e-04
2.953524647207605991e-02 1.614573251419938391e-02 1.356895347230189803e-03 7.743060780275736561e-04
2.983059893679682051e-02 1.254885897765366590e-02 1.116002886916790931e-03 7.820491388078494848e-04
3.012890492616479218e-02 1.268488125513619370e-02 1.120074348393472908e-03 7.898696301959280035e-04
3.043019397542644222e-02 1.062798757390507297e-02 1.052547605064144435e-03 7.977683264978873432e-04
3.073449591518070609e-02 1.090067897100177076e-02 9.898413610834534866e-04 8.057460097628661678e-04
3.104184087433251027e-02 1.251699024972852820e-02 1.047704821522965971e-03 8.138034698604947915e-04
3.135225928307583398e-02 9.416330844967846225e-03 8.993344693321365284e-04 8.219415045590997655e-04
3.166578187590659427e-02 1.002199850249702560e-02 8.860970501361172327e-04 8.301609196046907165e-04
3.198243969466565972e-02 8.257250069552810393e-03 7.811536787986137062e-04 8.384625288007376779e-04
3.230226409161231216e-02 8.260158034735926025e-03 8.220435242657802601e-04 8.468471540887448747e-04
3.262528673252844402e-02 7.955425044376320670e-03 7.258593569731164622e-04 8.553156256296325652e-04
3.295153959985372416e-02 7.405258322678169407e-03 7.156845859926507392e-04 8.638687818859287814e-04
3.328105499585226612e-02 7.012514785217521286e-03 6.906526594710228617e-04 8.725074697047882069e-04
3.361386554581079211e-02 8.155224687629350142e-03 6.888514307158251837e-04 8.812325444018362418e-04
3.395000420126889629e-02 8.544851168417943663e-03 6.881561503410848395e-04 8.900448698458545164e-04
3.428950424328158775e-02 7.693378388627133795e-03 6.663701918120834740e-04 8.989453185443130583e-04
3.463239928571439780e-02 9.370626967887731723e-03 7.099202052407323476e-04 9.079347717297560523e-04
3.497872327857154406e-02 8.987210382978848972e-03 7.001979282681126092e-04 9.170141194470536605e-04
3.532851051135725562e-02 8.652595202729776447e-03 6.426860353056688220e-04 9.261842606415241321e-04
3.568179561647083498e-02 8.614550033909170942e-03 6.306753171826673127e-04 9.354461032479395371e-04
3.603861357263554027e-02 7.381385958300417174e-03 5.776231606979363850e-04 9.448005642804188121e-04
3.639899970836189824e-02 8.614109173201989211e-03 6.041123858977680240e-04 9.542485699232230783e-04
3.676298970544551736e-02 7.804636420414216673e-03 5.709358670394293562e-04 9.637910556224552928e-04
3.713061960249997018e-02 9.516532697111690711e-03 6.290993586695387734e-04 9.734289661786798458e-04
3.750192579852497377e-02 7.882380113284957399e-03 5.561717622596885815e-04 9.831632558404666562e-04
3.787694505651022225e-02 8.295732441755142988e-03 5.546675801276125138e-04 9.929948883988712598e-04
3.825571450707532239e-02 8.519693114085461622e-03 5.511379088292307771e-04 1.002924837282860105e-03
3.863827165214607506e-02 6.766019765423679153e-03 4.977720482087650547e-04 1.012954085655688643e-03
3.902465436866753290e-02 7.324802444134398578e-03 5.130788545154339264e-04 1.023083626512245447e-03
3.941490091235420878e-02 7.493058108457472527e-03 4.974786588322192317e-04 1.033314462777367880e-03
3.980904992147775434e-02 6.061458072864651415e-03 4.387108082583274335e-04 1.043647607405141569e-03
4.020714042069253868e-02 6.448462114490205802e-03 4.447626288171688215e-04 1.054084083479193230e-03
4.060921182489946046e-02 5.225196625315038992e-03 3.890910836672666832e-04 1.064624924313985069e-03
4.101530394314845812e-02 4.449280676579393107e-03 3.489219731702780615e-04 1.075271173557125091e-03
4.142545698257994735e-02 5.123963168613613998e-03 3.672763185166059790e-04 1.086023885292696336e-03
4.183971155240574780e-02 4.718714275562379927e-03 3.454119707062596259e-04 1.096884124145623479e-03
4.225810866792979736e-02 4.190837802116309345e-03 3.303617643591341365e-04 1.107852965387079404e-03
4.268068975460909131e-02 4.160243961547228225e-03 3.220133652231848198e-04 1.118931495040950165e-03
4.310749665215518611e-02 4.152318045969767384e-03 3.115711574740957909e-04 1.130120809991359658e-03
4.353857161867674685e-02 3.919661201635713833e-03 3.089815501123410442e-04 1.141422018091273497e-03
4.397395733486350600e-02 3.211788212623324472e-03 2.667015684338379161e-04 1.152836238272186018e-03
4.441369690821214689e-02 3.369364619360958914e-03 2.712135632616565211e-04 1.164364600654907954e-03
4.485783387729427168e-02 3.573300700805879648e-03 2.681045072831919813e-04 1.176008246661457190e-03
4.530641221606721003e-02 3.694779230383418538e-03 2.699202317250191008e-04 1.187768329128071655e-03
4.575947633822788352e-02 3.841110128687396253e-03 2.715390248456745121e-04 1.199646012419352398e-03
4.621707110161016319e-02 4.151775055629117542e-03 2.757047741049592667e-04 1.211642472543545930e-03
4.667924181262626815e-02 3.759281110199582266e-03 2.566978362072443566e-04 1.223758897268981474e-03
4.714603423075253152e-02 3.519774014002029824e-03 2.414676173576997759e-04 1.235996486241671332e-03
4.761749457306005406e-02 3.607599155652423204e-03 2.429381634176755748e-04 1.248356451104088057e-03
4.809366951879065488e-02 3.477463333387445770e-03 2.401557177763821206e-04 1.260840015615128816e-03
4.857460621397855643e-02 3.255688876677324123e-03 2.254641813994964794e-04 1.273448415771279976e-03
4.906035227611834498e-02 3.848154841669739444e-03 2.465905388400847298e-04 1.286182899928992951e-03
4.955095579887952573e-02 3.497186107369292495e-03 2.403073444930180571e-04 1.299044728928282818e-03
5.004646535686832487e-02 2.975825102430972643e-03 2.089553228519216369e-04 1.312035176217565737e-03
5.054693001043701617e-02 3.560147179560765613e-03 2.228081061076939867e-04 1.325155527979741477e-03
5.105239931054138258e-02 2.997316563705965890e-03 2.012304619824200887e-04 1.338407083259538811e-03
5.156292330364679183e-02 2.981399578024993349e-03 1.966427556055121790e-04 1.351791154092134208e-03
5.207855253668326745e-02 2.617135761794174217e-03 1.832089113205164713e-04 1.365309065633055728e-03
5.259933806205009665e-02 2.350644218893406263e-03 1.694339701450092240e-04 1.378962156289386233e-03
5.312533144267059942e-02 2.216256755181307461e-03 1.699716084152584573e-04 1.392751777852279998e-03
5.365658475709730868e-02 2.309972797480351267e-03 1.729339871136140259e-04 1.406679295630802913e-03
5.419315060466827622e-02 2.049500541641751522e-03 1.636113653851171306e-04 1.420746088587110812e-03
5.473508211071495544e-02 2.099189463648995068e-03 1.565894067516108556e-04 1.434953549472981968e-03
5.528243293182211193e-02 1.971773132009297172e-03 1.482198596277292137e-04 1.449303084967711779e-03
5.583525726114033083e-02 2.027701242511051414e-03 1.477118006957192230e-04 1.463796115817388947e-03
5.639360983375173858e-02 2.083031995667907008e-03 1.504287981155822264e-04 1.478434076975562901e-03
5.695754593208925132e-02 1.974075008218978498e-03 1.449695429813590674e-04 1.493218417745318521e-03
5.752712139141014092e-02 1.572906927824480440e-03 1.303284098759747707e-04 1.508150601922771594e-03
5.810239260532423788e-02 1.840146458483054442e-03 1.411228743250229802e-04 1.523232107941999104e-03
5.868341653137748581e-02 1.773886061628284633e-03 1.356546291323690301e-04 1.538464429021419323e-03
5.927025069669127066e-02 1.769569823812805216e-03 1.372120675434132455e-04 1.553849073311633832e-03
5.986295320365817713e-02 1.808004932085528326e-03 1.340066961637814517e-04 1.569387564044749921e-03
6.046158273569476188e-02 1.926981828784698125e-03 1.370095652159168784e-04 1.585081439685197442e-03
6.106619856305171151e-02 1.780126035044963606e-03 1.326714894032505955e-04 1.600932254082049460e-03
6.167686054868222467e-02 1.781293177896426955e-03 1.312502270788580691e-04 1.616941576622869890e-03
6.229362915416905566e-02 1.514726675477561998e-03 1.225159119224232779e-04 1.633110992389098749e-03
6.291656544571075371e-02 1.627161960337436325e-03 1.264987790986221315e-04 1.649442102312989990e-03
6.354573110016785431e-02 1.350510486998697307e-03 1.108740190630862834e-04 1.665936523336119688e-03
6.418118841116952911e-02 1.361001795753770090e-03 1.147430547365855126e-04 1.682595888569480853e-03
6.482300029528123564e-02 9.576466157905468490e-04 1.002640867765240641e-04 1.699421847455175917e-03
6.547123029823403995e-02 1.288700348001479241e-03 1.157929675126889349e-04 1.716416065929727511e-03
6.612594260121637535e-02 1.071430830804486140e-03 1.089579151951257320e-04 1.733580226589024643e-03
6.678720202722854271e-02 1.006743013023973440e-03 1.034777409140836516e-04 1.750916028854914916e-03
6.745507404750082647e-02 1.150974966119186959e-03 1.048213434129160153e-04 1.768425189143464030e-03
6.812962478797583710e-02 9.728351529875778119e-04 9.628926976526301065e-05 1.786109441034898840e-03
6.881092103585559339e-02 1.016098508799689014e-03 9.876834808206325458e-05 1.803970535445247828e-03
6.949903024621414960e-02 1.066459938219334108e-03 1.014638119273148377e-04 1.822010240799700267e-03
7.019402054867629470e-02 1.147214407512088443e-03 9.888207005767529778e-05 1.840230343207697279e-03
7.089596075416305931e-02 9.176381423357095422e-04 8.867479481648432831e-05 1.858632646639774314e-03
7.160492036170468255e-02 1.039798589785468925e-03 9.230816567161649220e-05 1.877218973106171973e-03
7.232096956532173271e-02 8.032122565258194465e-04 8.193221922936831604e-05 1.895991162837233580e-03
7.304417926097495073e-02 9.695144862901644827e-04 8.828607086884815837e-05 1.914951074465606013e-03
7.377462105358470468e-02 7.830652777450357359e-04 8.098622281819188953e-05 1.934100585210262206e-03
7.451236726412055478e-02 9.378283112620452522e-04 9.005499924054369081e-05 1.953441591062365056e-03
7.525749093676176171e-02 7.218074990515724017e-04 8.132957860714171172e-05 1.972976006972988576e-03
7.601006584612937655e-02 7.121508764721262577e-04 7.502281924122561319e-05 1.992705767042718401e-03
7.677016650459067559e-02 6.201228624914100753e-04 6.996928589358143962e-05 2.012632824713145741e-03
7.753786816963659234e-02 7.610670893689059757e-04 7.419744781254768542e-05 2.032759152960277559e-03
7.831324685133295160e-02 6.365091790478572160e-04 6.803214437390953074e-05 2.053086744489879874e-03
7.909637931984628278e-02 6.678143665805280583e-04 7.006496568592736720e-05 2.073617611934778712e-03
7.988734311304473978e-02 6.846649094161811168e-04 7.004768936057814460e-05 2.094353788054126482e-03
8.068621654417518219e-02 5.544454493430807374e-04 6.464048765447403015e-05 2.115297325934667634e-03
8.149307870961694511e-02 5.913650265149826470e-04 6.742292341982495914e-05 2.136450299194014423e-03
8.230800949671310263e-02 5.428834513085070311e-04 6.233121896516596904e-05 2.157814802185954468e-03
8.313108959168023782e-02 6.513662575721722607e-04 6.607124069948014800e-05 2.179392950207813956e-03
8.396240048759703867e-02 4.895833943319444085e-04 5.899350533059533020e-05 2.201186879709892113e-03
8.480202449247301044e-02 5.564037245615098765e-04 6.400850466130715653e-05 2.223198748506991212e-03
8.565004473739774860e-02 3.939318664036928555e-04 5.975126036990272590e-05 2.245430735992061215e-03
8.650654518477171595e-02 6.188667970292022202e-04 6.376959599615674302e-05 2.267885043351981593e-03
8.737161063661944005e-02 3.144119951756785269e-04 4.742234674485930741e-05 2.290563893785501574e-03
8.824532674298563029e-02 4.392043470829902290e-04 5.708980046072534027e-05 2.313469532723356602e-03
8.912778001041549159e-02 3.971884454388558100e-04 5.192257839513592630e-05 2.336604228050590069e-03
9.001905781051965094e-02 3.621471286836016983e-04 5.437344635040149360e-05 2.359970270331096347e-03
9.091924838862484870e-02 3.520204316998468575e-04 4.786310913178741392e-05 2.383569973034407267e-03
9.182844087251110232e-02 4.017622630121619695e-04 5.252292738836158282e-05 2.407405672764751509e-03
9.274672528123620308e-02 3.136607028046814786e-04 5.205538698578394871e-05 2.431479729492398625e-03
9.367419253404857260e-02 4.291184523042004752e-04 5.723016878070647157e-05 2.455794526787322823e-03
9.461093445938906221e-02 2.981870123228145316e-04 4.749869319273948819e-05 2.480352472055196052e-03
9.555704380398294395e-02 2.586867269507633622e-04 4.562469313610631374e-05 2.505155996775748108e-03
9.651261424202278727e-02 3.086605671198488468e-04 4.732739549420080714e-05 2.530207556743505927e-03
9.747774038444301237e-02 2.423109882618625381e-04 4.092775942032273850e-05 2.555509632310940665e-03
9.845251778828745248e-02 3.117373069250579877e-04 4.724912747940576935e-05 2.581064728634050332e-03
9.943704296617031368e-02 3.041488237507858068e-04 4.663675916492721659e-05 2.606875375920390554e-03
1.004314133958320171e-01 2.393835897593437863e-04 4.194203629959757047e-05 2.632944129679594663e-03
