2.810177359318865101e-02 1.913244881064856892e-02 1.591993824688126046e-03 7.367256649485903622e-04
2.838279132912053734e-02 1.944788265334643912e-02 1.578955184624531100e-03 7.440929215980761910e-04
2.866661924241174081e-02 1.679242018713023726e-02 1.446815450440567825e-03 7.515338508140569865e-04
2.895328543483586051e-02 1.728902814687293538e-02 1.383637627592839304e-03 7.590491893221975976e-04
2.924281828918421852e-02 1.704517676723191905e-02 1.379318248907986273e-03 7.666396812154195259e-04
2.953524647207605991e-02 1.517898732711741965e-02 1.278767296024563033e-03 7.743060780275736561e-04
2.983059893679682051e-02 1.396077011824993844e-02 1.169739936357503188e-03 7.820491388078494848e-04
3.012890492616479218e-02 1.216834148696204453e-02 1.073699922874643249e-03 7.898696301959280035e-04
3.043019397542644222e-02 9.934437449353355695e-03 9.674901881264956049e-04 7.977683264978873432e-04
3.073449591518070609e-02 1.370568760017075796e-02 1.081996491117646767e-03 8.057460097628661678e-04
3.104184087433251027e-02 1.035403991351034093e-02 9.331137447659235834e-04 8.138034698604947915e-04
3.135225928307583398e-02 9.563907382994507600e-03 8.945148138371092567e-04 8.219415045590997655e-04
3.166578187590659427e-02 8.208682232499202314e-03 7.787618535893578268e-04 8.301609196046907165e-04
3.198243969466565972e-02 7.754765749104949348e-03 7.541310370361087789e-04 8.384625288007376779e-04
3.230226409161231216e-02 7.983346099379581493e-03 7.742008922261635643e-04 8.468471540887448747e-04
3.262528673252844402e-02 7.352714722117461958e-03 6.944146040204579682e-04 8.553156256296325652e-04
3.295153959985372416e-02 7.707712914683748258e-03 7.250085715320885504e-04 8.638687818859287814e-04
3.328105499585226612e-02 6.402536179625109396e-03 6.356477065694881743e-04 8.725074697047882069e-04
3.361386554581079211e-02 7.054774810114215061e-03 6.870078387050904080e-04 8.812325444018362418e-04
3.395000420126889629e-02 7.640147257889738988e-03 6.813238028277938908e-04 8.900448698458545164e-04
3.428950424328158775e-02 8.367581077456252153e-03 7.069583683666658819e-04 8.989453185443130583e-04
3.463239928571439780e-02 8.844651167988678772e-03 7.030480374017318394e-04 9.079347717297560523e-04
3.497872327857154406e-02 8.035532654377465153e-03 6.322528590944581466e-04 9.170141194470536605e-04
3.532851051135725562e-02 8.570646016716195609e-03 6.621738258320046186e-04 9.261842606415241321e-04
3.568179561647083498e-02 9.133545922117850685e-03 6.405738130214798593e-04 9.354461032479395371e-04
3.603861357263554027e-02 8.813302742157662004e-03 6.135827350496093902e-04 9.448005642804188121e-04
3.639899970836189824e-02 7.364152438559563342e-03 5.634181615377383641e-04 9.542485699232230783e-04
3.676298970544551736e-02 9.092471249018034898e-03 6.056614521052773288e-04 9.637910556224552928e-04
3.713061960249997018e-02 7.989288870771455581e-03 5.602655066779550211e-04 9.734289661786798458e-04
3.750192579852497377e-02 8.999766165650586319e-03 5.876736806886602047e-04 9.831632558404666562e-04
3.787694505651022225e-02 7.486239218748349730e-03 5.324855629587416572e-04 9.929948883988712598e-04
3.825571450707532239e-02 7.694451758602866877e-03 5.255485565029509570e-04 1.002924837282860105e-03
3.863827165214607506e-02 8.458061018806917186e-03 5.291854946718024854e-04 1.012954085655688643e-03
3.902465436866753290e-02 6.553990918131340042e-03 4.698825575142591220e-04 1.023083626512245447e-03
3.941490091235420878e-02 7.059122413214129720e-03 4.926147894899969744e-04 1.033314462777367880e-03
3.980904992147775434e-02 5.649313874938868309e-03 4.135119633327850484e-04 1.043647607405141569e-03
4.020714042069253868e-02 5.894000652491739392e-03 4.112835842434434184e-04 1.054084083479193230e-03
4.060921182489946046e-02 5.845011805213895344e-03 4.071830691747768357e-04 1.064624924313985069e-03
4.101530394314845812e-02 5.572596483607777061e-03 3.951512114669332638e-04 1.075271173557125091e-03
4.142545698257994735e-02 4.714546670942846435e-03 3.508010720636428994e-04 1.086023885292696336e-03
4.183971155240574780e-02 4.478047023445274125e-03 3.465247673004378864e-04 1.096884124145623479e-03
4.225810866792979736e-02 4.532459178101697420e-03 3.351621833923766570e-04 1.107852965387079404e-03
4.268068975460909131e-02 4.118557184583587251e-03 3.204398120342097302e-04 1.118931495040950165e-03
4.310749665215518611e-02 3.556334807690961827e-03 2.903564064435115201e-04 1.130120809991359658e-03
4.353857161867674685e-02 3.460406609942043125e-03 2.870254964710330643e-04 1.141422018091273497e-03
4.397395733486350600e-02 3.455012021720032817e-03 2.732621324934161682e-04 1.152836238272186018e-03
4.441369690821214689e-02 3.595682589759144950e-03 2.685083370840897921e-04 1.164364600654907954e-03
4.485783387729427168e-02 2.993807656349584297e-03 2.498186944585272635e-04 1.176008246661457190e-03
4.530641221606721003e-02 3.691619921681925810e-03 2.652664222089002244e-04 1.187768329128071655e-03
4.575947633822788352e-02 3.246598766949647732e-03 2.444716994557653454e-04 1.199646012419352398e-03
4.621707110161016319e-02 3.614425194582430133e-03 2.592299818933963234e-04 1.211642472543545930e-03
4.667924181262626815e-02 4.063620102077907317e-03 2.674864395448871344e-04 1.223758897268981474e-03
4.714603423075253152e-02 3.607976537140620329e-03 2.495914005740333241e-04 1.235996486241671332e-03
4.761749457306005406e-02 3.446613103087021405e-03 2.389602810954160976e-04 1.248356451104088057e-03
4.809366951879065488e-02 4.156542699133876709e-03 2.616639344237943411e-04 1.260840015615128816e-03
4.857460621397855643e-02 4.109015500055546166e-03 2.581566220255187660e-04 1.273448415771279976e-03
4.906035227611834498e-02 3.281254029618883676e-03 2.229886336667223656e-04 1.286182899928992951e-03
4.955095579887952573e-02 3.652739384463467472e-03 2.518572722173845636e-04 1.299044728928282818e-03
5.004646535686832487e-02 4.074722758356048337e-03 2.426096185655050180e-04 1.312035176217565737e-03
5.054693001043701617e-02 3.436385566633687588e-03 2.164976609315749970e-04 1.325155527979741477e-03
5.105239931054138258e-02 3.073843430079009446e-03 2.027367351702639585e-04 1.338407083259538811e-03
5.156292330364679183e-02 3.284908555211816638e-03 2.078675117727549052e-04 1.351791154092134208e-03
5.207855253668326745e-02 3.123663770433886440e-03 1.969151125847192515e-04 1.365309065633055728e-03
5.259933806205009665e-02 2.544158285540545992e-03 1.787927016665079554e-04 1.378962156289386233e-03
5.312533144267059942e-02 2.374666955316372553e-03 1.718213564481166084e-04 1.392751777852279998e-03
5.365658475709730868e-02 2.366231573358838162e-03 1.725858109292783735e-04 1.406679295630802913e-03
5.419315060466827622e-02 1.826267745343050208e-03 1.580781099010014938e-04 1.420746088587110812e-03
5.473508211071495544e-02 1.992227251545568290e-03 1.504253164673030304e-04 1.434953549472981968e-03
5.528243293182211193e-02 2.133011205966939879e-03 1.514113648457123212e-04 1.449303084967711779e-03
5.583525726114033083e-02 2.076836893887008557e-03 1.531087645184921317e-04 1.463796115817388947e-03
5.639360983375173858e-02 1.486634561101186913e-03 1.275170631856170904e-04 1.478434076975562901e-03
5.695754593208925132e-02 1.865027252637655375e-03 1.439932259752683388e-04 1.493218417745318521e-03
5.752712139141014092e-02 1.665016239771613003e-03 1.353038273716782242e-04 1.508150601922771594e-03
5.810239260532423788e-02 2.012068501294313021e-03 1.440776635252053980e-04 1.523232107941999104e-03
5.868341653137748581e-02 1.718521936417479780e-03 1.354181927399011843e-04 1.538464429021419323e-03
5.927025069669127066e-02 1.786220556756806062e-03 1.352303075167847327e-04 1.553849073311633832e-03
5.986295320365817713e-02 1.796641231469916014e-03 1.391109268774804082e-04 1.569387564044749921e-03
6.046158273569476188e-02 1.792158054607936521e-03 1.349679700782850590e-04 1.585081439685197442e-03
6.106619856305171151e-02 1.683854977040018155e-03 1.267593405331508827e-04 1.600932254082049460e-03
6.167686054868222467e-02 1.807067567477717686e-03 1.319702731346461652e-04 1.616941576622869890e-03
6.229362915416905566e-02 1.794273991848424447e-03 1.311298167131187220e-04 1.633110992389098749e-03
6.291656544571075371e-02 1.587189909577962346e-03 1.239061785851116942e-04 1.649442102312989990e-03
6.354573110016785431e-02 1.312051460787024915e-03 1.112384247986528319e-04 1.665936523336119688e-03
6.418118841116952911e-02 1.574472992917386269e-03 1.188768948415396985e-04 1.682595888569480853e-03
6.482300029528123564e-02 1.030331184696787377e-03 1.029747000572610690e-04 1.699421847455175917e-03
6.547123029823403995e-02 1.092557134635689393e-03 1.088369868044952271e-04 1.716416065929727511e-03
6.612594260121637535e-02 1.429053163488683536e-03 1.196732637869543880e-04 1.733580226589024643e-03
6.678720202722854271e-02 9.603947714996363596e-04 9.911651781783691279e-05 1.750916028854914916e-03
6.745507404750082647e-02 9.576412047915124851e-04 9.750295019884467197e-05 1.768425189143464030e-03
6.812962478797583710e-02 8.912402338703488257e-04 9.458696697459862432e-05 1.786109441034898840e-03
6.881092103585559339e-02 1.214908320446429161e-03 1.050025452712494259e-04 1.803970535445247828e-03
6.949903024621414960e-02 8.981264047582922716e-04 9.304017179865923246e-05 1.822010240799700267e-03
7.019402054867629470e-02 1.088566370108278456e-03 9.759267395762647932e-05 1.840230343207697279e-03
7.089596075416305931e-02 7.890879770358568985e-04 8.710701496297156747e-05 1.858632646639774314e-03
7.160492036170468255e-02 9.469044458972860397e-04 9.173846534357820023e-05 1.877218973106171973e-03
7.232096956532173271e-02 1.003962132607782781e-03 8.829661809668937352e-05 1.895991162837233580e-03
7.304417926097495073e-02 9.150182634383278741e-04 8.774224304845267583e-05 1.914951074465606013e-03
7.377462105358470468e-02 9.196060558771984887e-04 8.516937670652737857e-05 1.934100585210262206e-03
7.451236726412055478e-02 9.060412742873849134e-04 8.262156562349193950e-05 1.953441591062365056e-03
7.525749093676176171e-02 7.433655332413898007e-04 7.888812383306653003e-05 1.972976006972988576e-03
7.601006584612937655e-02 6.758884148894376154e-04 7.283393204763595550e-05 1.992705767042718401e-03
7.677016650459067559e-02 6.223086658199294833e-04 6.664995732375086251e-05 2.012632824713145741e-03
7.753786816963659234e-02 8.239940876444576488e-04 8.012889768911559026e-05 2.032759152960277559e-03
7.831324685133295160e-02 6.083956003379990037e-04 6.914669524139698301e-05 2.053086744489879874e-03
7.909637931984628278e-02 6.626976226515715390e-04 7.174147749558868554e-05 2.073617611934778712e-03
7.988734311304473978e-02 5.652258337952215973e-04 6.477801063982659385e-05 2.094353788054126482e-03
8.068621654417518219e-02 6.729778482001484144e-04 7.182521531064672360e-05 2.115297325934667634e-03
8.149307870961694511e-02 6.077863924325251944e-04 6.951665385952135315e-05 2.136450299194014423e-03
8.230800949671310263e-02 5.533377704316880556e-04 6.204880915850782927e-05 2.157814802185954468e-03
8.313108959168023782e-02 4.578330020011587794e-04 5.830220906648079393e-05 2.179392950207813956e-03
8.396240048759703867e-02 5.705254501542413601e-04 6.373621683751731662e-05 2.201186879709892113e-03
8.480202449247301044e-02 5.626218356775935505e-04 6.230955077257740993e-05 2.223198748506991212e-03
8.565004473739774860e-02 4.622243938151438100e-04 5.839396685921478938e-05 2.245430735992061215e-03
8.650654518477171595e-02 5.867607994640864841e-04 6.179025295726139585e-05 2.267885043351981593e-03
8.737161063661944005e-02 3.952340997170595378e-04 5.239808319134620898e-05 2.290563893785501574e-03
8.824532674298563029e-02 3.856343562710820138e-04 5.309283764086287360e-05 2.313469532723356602e-03
8.912778001041549159e-02 2.790273969953738545e-04 4.943339635724988348e-05 2.336604228050590069e-03
9.001905781051965094e-02 2.386530452965249065e-04 4.826575719935729191e-05 2.359970270331096347e-03
9.091924838862484870e-02 3.460091202329227799e-04 4.867858402512514665e-05 2.383569973034407267e-03
9.182844087251110232e-02 3.245437141891146940e-04 4.788534102983708717e-05 2.407405672764751509e-03
9.274672528123620308e-02 2.983040695800916837e-04 5.372763581136681519e-05 2.431479729492398625e-03
9.367419253404857260e-02 3.535452371127290050e-04 5.553789526676904429e-05 2.455794526787322823e-03
9.461093445938906221e-02 2.782970369404637583e-04 4.425405094397529573e-05 2.480352472055196052e-03
9.555704380398294395e-02 2.716620948541927940e-04 4.560938436605306085e-05 2.505155996775748108e-03
9.651261424202278727e-02 2.681164591436921885e-04 4.236136637742587139e-05 2.530207556743505927e-03
9.747774038444301237e-02 2.286387313921367439e-04 4.899423678264465127e-05 2.555509632310940665e-03
9.845251778828745248e-02 2.904835509827093988e-04 4.774489047532843228e-05 2.581064728634050332e-03
9.943704296617031368e-02 1.955067319218209974e-04 4.769064665913463202e-05 2.606875375920390554e-03
1.004314133958320171e-01 2.397139917776466486e-04 3.992451036845734766e-05 2.632944129679594663e-03
