2.810177359318865101e-02 2.598925187086454161e-02 3.040519617018338540e-03 7.367196861729102039e-04
2.838279132912053734e-02 1.848105695902280479e-02 2.513840251132931115e-03 7.440868830346392560e-04
2.866661924241174081e-02 2.018156520426928752e-02 2.582860083964426748e-03 7.515277518649856247e-04
2.895328543483586051e-02 2.039417571439707325e-02 2.490433578653728462e-03 7.590430293836355428e-04
2.924281828918421852e-02 1.867386963119171614e-02 2.421613327162253429e-03 7.666334596774718310e-04
2.953524647207605991e-02 1.272677162397926366e-02 1.896331483559744128e-03 7.742997942742465200e-04
2.983059893679682051e-02 1.422718656999632895e-02 1.935188441334181018e-03 7.820427922169889950e-04
3.012890492616479218e-02 1.324537321576297645e-02 1.946819597654188098e-03 7.898632201391589868e-04
3.043019397542644222e-02 1.071205576128783123e-02 1.703930478358305859e-03 7.977618523405506992e-04
3.073449591518070609e-02 1.196945314560756736e-02 1.659090655020012406e-03 8.057394708639562019e-04
3.104184087433251027e-02 9.019810649624105878e-03 1.443616860814745870e-03 8.137968655725956804e-04
3.135225928307583398e-02 1.033999530369210038e-02 1.491652847191828404e-03 8.219348342283215895e-04
3.166578187590659427e-02 8.330431709462533113e-03 1.300368951546155769e-03 8.301541825706048412e-04
3.198243969466565972e-02 7.534292580598489150e-03 1.205861662103656752e-03 8.384557243963108343e-04
3.230226409161231216e-02 1.108616451143201731e-02 1.501971979913636944e-03 8.468402816402738906e-04
3.262528673252844402e-02 6.312706434652534844e-03 1.066497506123926424e-03 8.553086844566768192e-04
3.295153959985372416e-02 7.067117473343916510e-03 1.186785855654345434e-03 8.638617713012435246e-04
3.328105499585226612e-02 9.745148306685208831e-03 1.278908058422893301e-03 8.725003890142560411e-04
3.361386554581079211e-02 7.856651464196359388e-03 1.152079629394228222e-03 8.812253929043987067e-04
3.395000420126889629e-02 1.031196722505701123e-02 1.290709434005809933e-03 8.900376468334425918e-04
3.428950424328158775e-02 6.915912982879285527e-03 1.048342982400796630e-03 8.989380233017771251e-04
3.463239928571439780e-02 9.649948233078669418e-03 1.259981126815313754e-03 9.079274035347946600e-04
3.497872327857154406e-02 8.585134023523536759e-03 1.072404782022664182e-03 9.170066775701427291e-04
3.532851051135725562e-02 8.505932264530637749e-03 1.139462790774407701e-03 9.261767443458439851e-04
3.568179561647083498e-02 9.838582765879240466e-03 1.124944324300589321e-03 9.354385117893026938e-04
3.603861357263554027e-02 9.047899557800311021e-03 1.030315117014768064e-03 9.447928969071956113e-04
3.639899970836189824e-02 7.741540911663786877e-03 9.450299731750006621e-04 9.542408258762676270e-04
3.676298970544551736e-02 1.010915645012406064e-02 1.095958796180054786e-03 9.637832341350303315e-04
3.713061960249997018e-02 7.597685263123855892e-03 9.362237968584424287e-04 9.734210664763805285e-04
3.750192579852497377e-02 7.259394557704928856e-03 8.770493526036376650e-04 9.831552771411443317e-04
3.787694505651022225e-02 7.167862253445093576e-03 8.439849455023812385e-04 9.929868299125559506e-04
3.825571450707532239e-02 8.765229873759182444e-03 9.130145996454727859e-04 1.002916698211681360e-03
3.863827165214607506e-02 7.129644164036545717e-03 8.296458390494113868e-04 1.012945865193798237e-03
3.902465436866753290e-02 7.343249419286382133e-03 8.361715781629041905e-04 1.023075323845736061e-03
3.941490091235420878e-02 6.697367611900111387e-03 7.576351247722906907e-04 1.033306077084193524e-03
3.980904992147775434e-02 7.303834717755983488e-03 7.929544764983365674e-04 1.043639137855035398e-03
4.020714042069253868e-02 7.127663345323493119e-03 7.693306437369121188e-04 1.054075529233586012e-03
4.060921182489946046e-02 5.143084627471341402e-03 6.231264557427372737e-04 1.064616284525921703e-03
4.101530394314845812e-02 5.575347798336191887e-03 6.577326311887722122e-04 1.075262447371181122e-03
4.142545698257994735e-02 4.019549786731403847e-03 5.319353319879304006e-04 1.086015071844892953e-03
4.183971155240574780e-02 4.440419152605390267e-03 5.616129145339371484e-04 1.096875222563341865e-03
4.225810866792979736e-02 4.072429302400127314e-03 5.399411680691892619e-04 1.107843974788975082e-03
4.268068975460909131e-02 4.463991619424142673e-03 5.330825675019259212e-04 1.118922414536864746e-03
4.310749665215518611e-02 3.812955778067802278e-03 4.877742031428880997e-04 1.130111638682233452e-03
4.353857161867674685e-02 3.358332611057763314e-03 4.566079741961366709e-04 1.141412755069056177e-03
4.397395733486350600e-02 4.390388110681992494e-03 5.031611278997164417e-04 1.152826882619746411e-03
4.441369690821214689e-02 3.255414419727166962e-03 4.234322087322556628e-04 1.164355151445944057e-03
4.485783387729427168e-02 2.704355170494030652e-03 3.989752525751275687e-04 1.175998702960403576e-03
4.530641221606721003e-02 2.868497087253155456e-03 3.957605309518075231e-04 1.187758689990007534e-03
4.575947633822788352e-02 3.322707171085133738e-03 4.201879612405840718e-04 1.199636276889907722e-03
4.621707110161016319e-02 2.851999648883826906e-03 3.740919172174713607e-04 1.211632639658806639e-03
4.667924181262626815e-02 3.309687040419977654e-03 4.108573347884458132e-04 1.223748966055394948e-03
4.714603423075253152e-02 3.567578457778585073e-03 4.009340506331319988e-04 1.235986455715948817e-03
4.761749457306005406e-02 3.414485710385823172e-03 3.981267014347383663e-04 1.248346320273108169e-03
4.809366951879065488e-02 3.676721671811967150e-03 3.983133192424349162e-04 1.260829783475839313e-03
4.857460621397855643e-02 3.830836454339605658e-03 4.033096057574952413e-04 1.273438081310597578e-03
4.906035227611834498e-02 3.415697446761772199e-03 3.954659227538748927e-04 1.286172462123703593e-03
4.955095579887952573e-02 4.043481314645525591e-03 4.338010426040677780e-04 1.299034186744940601e-03
5.004646535686832487e-02 3.596226073398785857e-03 3.704415012645111810e-04 1.312024528612390148e-03
5.054693001043701617e-02 3.997810934999956010e-03 3.987556625164175267e-04 1.325144773898514171e-03
5.105239931054138258e-02 2.969199160242321205e-03 3.474863641567349178e-04 1.338396221637499313e-03
5.156292330364679183e-02 2.829889737568448520e-03 3.263665360245332167e-04 1.351780183853874091e-03
5.207855253668326745e-02 2.319973052022595780e-03 2.977527339012750701e-04 1.365297985692413233e-03
5.259933806205009665e-02 2.551088402861529259e-03 2.974386304154193780e-04 1.378950965549337196e-03
5.312533144267059942e-02 2.223653268145966717e-03 2.789332085507442542e-04 1.392740475204830514e-03
5.365658475709730868e-02 2.028501488558208908e-03 2.615853912621326615e-04 1.406667879956878964e-03
5.419315060466827622e-02 1.783640704370311391e-03 2.559825723130582488e-04 1.420734558756447680e-03
5.473508211071495544e-02 2.346703371185989394e-03 2.706635420927365650e-04 1.434941904344011910e-03
5.528243293182211193e-02 2.158450746176914219e-03 2.523357517863910769e-04 1.449291323387452354e-03
5.583525726114033083e-02 1.966960209337045330e-03 2.400204773388659395e-04 1.463784236621326791e-03
5.639360983375173858e-02 1.691817825019703136e-03 2.452198192523643238e-04 1.478422078987540102e-03
5.695754593208925132e-02 1.700512815831997822e-03 2.281586268734664728e-04 1.493206299777415525e-03
5.752712139141014092e-02 1.538437708019949231e-03 2.317509535775853248e-04 1.508138362775189459e-03
5.810239260532423788e-02 2.212728025374374654e-03 2.625587849559190873e-04 1.523219746402941326e-03
5.868341653137748581e-02 2.148081786906768948e-03 2.429167012838362352e-04 1.538451943866970834e-03
5.927025069669127066e-02 1.591892361871841436e-03 2.315211209380967712e-04 1.553836463305640877e-03
5.986295320365817713e-02 1.980908437869263392e-03 2.284383665909121375e-04 1.569374827938697101e-03
6.046158273569476188e-02 2.053256418676352533e-03 2.361855378425383042e-04 1.585068576218084122e-03
6.106619856305171151e-02 2.182966591640368801e-03 2.392983130769544284e-04 1.600919261980265082e-03
6.167686054868222467e-02 1.781726762142359175e-03 2.126776165907529937e-04 1.616928454600067558e-03
6.229362915416905566e-02 1.699257816470780766e-03 2.131058624876882028e-04 1.633097739146068374e-03
6.291656544571075371e-02 1.723568529489746945e-03 2.072073025720341018e-04 1.649428716537529272e-03
6.354573110016785431e-02 1.812653619006466968e-03 2.118923095113150253e-04 1.665923003702904446e-03
6.418118841116952911e-02 1.323817731589009344e-03 1.861787545369547321e-04 1.682582233739933399e-03
6.482300029528123564e-02 1.289045270471340585e-03 1.954702764715940692e-04 1.699408056077333007e-03
6.547123029823403995e-02 1.366749738455067279e-03 1.930910502056940113e-04 1.716402136638106113e-03
6.612594260121637535e-02 9.434091523815887718e-04 1.593093526528980967e-04 1.733566158004487068e-03
6.678720202722854271e-02 1.244494365467201059e-03 2.091319296334357022e-04 1.750901819584531989e-03
6.745507404750082647e-02 8.615957344991203182e-04 1.476158549772288279e-04 1.768410837780377397e-03
6.812962478797583710e-02 7.882498280025538717e-04 1.486515963641748639e-04 1.786094946158181106e-03
6.881092103585559339e-02 9.413452686060817202e-04 1.505828768947964022e-04 1.803955895619762913e-03
6.949903024621414960e-02 9.766344474031246267e-04 1.505434225975403747e-04 1.821995454575960505e-03
7.019402054867629470e-02 8.509639878599725791e-04 1.556142915932834457e-04 1.840215409121720306e-03
7.089596075416305931e-02 1.070747340339573295e-03 1.586408869330765828e-04 1.858617563212937567e-03
7.160492036170468255e-02 1.112227138979151458e-03 1.596200797223049767e-04 1.877203738845066756e-03
7.232096956532173271e-02 1.130550044281462526e-03 1.669212869902889247e-04 1.895975776233517398e-03
7.304417926097495073e-02 9.432737593331846611e-04 1.491496194716290813e-04 1.914935533995852732e-03
7.377462105358470468e-02 1.077972840310775782e-03 1.507835632527244191e-04 1.934084889335811351e-03
7.451236726412055478e-02 9.324542819575991825e-04 1.388536168615698879e-04 1.953425738229169588e-03
7.525749093676176171e-02 6.730582837732933081e-04 1.170403983756908924e-04 1.972959995611461154e-03
7.601006584612937655e-02 6.765276372553804185e-04 1.222815662822638553e-04 1.992689595567575904e-03
7.677016650459067559e-02 6.994978183211581109e-04 1.225183508224038235e-04 2.012616491523251411e-03
7.753786816963659234e-02 6.701113514797445419e-04 1.148074058394688159e-04 2.032742656438484442e-03
7.831324685133295160e-02 5.656190128425264739e-04 1.095952792560004550e-04 2.053070083002869056e-03
7.909637931984628278e-02 5.119417181104403847e-04 1.127260443856582394e-04 2.073600783832897990e-03
7.988734311304473978e-02 7.478530009743836974e-04 1.236604188493165230e-04 2.094336791671226432e-03
8.068621654417518219e-02 5.336462050452962054e-04 1.053821252928828956e-04 2.115280159587938982e-03
8.149307870961694511e-02 5.807590947114648272e-04 1.042054276743725153e-04 2.136432961183818476e-03
8.230800949671310263e-02 6.442508073617711538e-04 1.087917415013611353e-04 2.157797290795656145e-03
8.313108959168023782e-02 4.677012497427764808e-04 9.822009131663530211e-05 2.179375263703613088e-03
8.396240048759703867e-02 4.262211102627045224e-04 1.073943549384675557e-04 2.201169016340649102e-03
8.480202449247301044e-02 5.879826691541098580e-04 1.138048669028511774e-04 2.223180706504055727e-03
8.565004473739774860e-02 4.180685186566932324e-04 8.708751373644445931e-05 2.245412513569096553e-03
8.650654518477171595e-02 6.375560009395844080e-04 1.116753714840971497e-04 2.267866638704786868e-03
8.737161063661944005e-02 3.632943865961312554e-04 9.717607631954099795e-05 2.290545305091835210e-03
8.824532674298563029e-02 2.707733009026535198e-04 1.046110419959851180e-04 2.313450758142753319e-03
8.912778001041549159e-02 3.858941344401254432e-04 8.220029554153305174e-05 2.336585265724180904e-03
9.001905781051965094e-02 4.216921019276554305e-04 8.600291643756872984e-05 2.359951118381423043e-03
9.091924838862484870e-02 1.878649773448796848e-04 6.616301822888053267e-05 2.383550629565237087e-03
9.182844087251110232e-02 3.407743635216896523e-04 9.028605361430906023e-05 2.407386135860889887e-03
9.274672528123620308e-02 3.161409657744013342e-04 9.378101418275250876e-05 2.431459997219498348e-03
9.367419253404857260e-02 3.377879035230421743e-04 7.955604527552885888e-05 2.455774597191693644e-03
9.461093445938906221e-02 3.947552263622869850e-04 8.409701491562913424e-05 2.480332343163610398e-03
9.555704380398294395e-02 1.675295105504027646e-04 6.786484011978321563e-05 2.505135666595246363e-03
9.651261424202278727e-02 2.208938809779001963e-04 6.371890488435157400e-05 2.530187023261199104e-03
9.747774038444301237e-02 3.201266897737220854e-04 7.758473331501566591e-05 2.555488893493811347e-03
9.845251778828745248e-02 2.729929042573711888e-04 7.043462428965806515e-05 2.581043782428749708e-03
9.943704296617031368e-02 1.377046593847774058e-04 5.994137202341370352e-05 2.606854220253036758e-03
1.004314133958320171e-01 3.112588828583313840e-04 7.543816847458067272e-05 2.632922762455567212e-03
