2.810177359318865101e-02 2.086868081597860122e-02 2.801988823937083973e-03 7.367256649485903622e-04
2.838279132912053734e-02 1.641371157791176108e-02 2.368060631397909607e-03 7.440929215980761910e-04
2.866661924241174081e-02 1.987845051143988587e-02 2.565178959490219037e-03 7.515338508140569865e-04
2.895328543483586051e-02 1.552849668474855400e-02 2.173444715438900467e-03 7.590491893221975976e-04
2.924281828918421852e-02 1.238847203068399461e-02 1.995904968831357755e-03 7.666396812154195259e-04
2.953524647207605991e-02 1.756465478373366376e-02 2.229703487970054968e-03 7.743060780275736561e-04
2.983059893679682051e-02 1.296062509075744662e-02 1.968997402005929088e-03 7.820491388078494848e-04
3.012890492616479218e-02 1.549595678157585435e-02 1.983146616605213804e-03 7.898696301959280035e-04
3.043019397542644222e-02 1.683838885559578794e-02 2.056189885213643206e-03 7.977683264978873432e-04
3.073449591518070609e-02 9.114371285754306953e-03 1.507857803386888733e-03 8.057460097628661678e-04
3.104184087433251027e-02 9.447644078994853895e-03 1.618419833898425636e-03 8.138034698604947915e-04
3.135225928307583398e-02 1.099727331554031448e-02 1.539110604442431220e-03 8.219415045590997655e-04
3.166578187590659427e-02 7.080534070614452960e-03 1.331992990654951459e-03 8.301609196046907165e-04
3.198243969466565972e-02 1.227094552033301811e-02 1.651677224735240233e-03 8.384625288007376779e-04
3.230226409161231216e-02 6.521148081758965966e-03 1.248205593276959739e-03 8.468471540887448747e-04
3.262528673252844402e-02 8.206485854777623157e-03 1.338433078082180245e-03 8.553156256296325652e-04
3.295153959985372416e-02 7.547469155667606636e-03 1.137216933127355254e-03 8.638687818859287814e-04
3.328105499585226612e-02 7.163824500812912902e-03 1.139431365311904202e-03 8.725074697047882069e-04
3.361386554581079211e-02 8.969846051959516620e-03 1.226458545770960909e-03 8.812325444018362418e-04
3.395000420126889629e-02 7.547712926064412478e-03 1.066773299105834962e-03 8.900448698458545164e-04
3.428950424328158775e-02 9.064677851738546163e-03 1.159887092100909435e-03 8.989453185443130583e-04
3.463239928571439780e-02 8.915314812027950661e-03 1.216434462243006420e-03 9.079347717297560523e-04
3.497872327857154406e-02 9.468987541184236204e-03 1.152653267516076793e-03 9.170141194470536605e-04
3.532851051135725562e-02 7.101053400681984519e-03 9.894309074346238804e-04 9.261842606415241321e-04
3.568179561647083498e-02 7.293023197997118741e-03 9.487655151861930369e-04 9.354461032479395371e-04
3.603861357263554027e-02 8.697945394397915697e-03 1.010340914986201802e-03 9.448005642804188121e-04
3.639899970836189824e-02 8.081173271494428156e-03 9.651169900610429356e-04 9.542485699232230783e-04
3.676298970544551736e-02 8.132449662707340321e-03 9.801055636559084013e-04 9.637910556224552928e-04
3.713061960249997018e-02 7.785016233821149580e-03 9.166964562154477367e-04 9.734289661786798458e-04
3.750192579852497377e-02 6.794928739412354687e-03 8.294147516610685632e-04 9.831632558404666562e-04
3.787694505651022225e-02 7.629321850101847095e-03 8.898250747267340364e-04 9.929948883988712598e-04
3.825571450707532239e-02 7.813496195623881313e-03 8.620792753686014808e-04 1.002924837282860105e-03
3.863827165214607506e-02 6.378834100170142039e-03 7.617267848471065807e-04 1.012954085655688643e-03
3.902465436866753290e-02 7.244830575806447508e-03 7.993256389077153974e-04 1.023083626512245447e-03
3.941490091235420878e-02 6.318657358051962304e-03 7.524594963091607884e-04 1.033314462777367880e-03
3.980904992147775434e-02 6.372785852040249721e-03 7.585311463158124446e-04 1.043647607405141569e-03
4.020714042069253868e-02 6.003193097095960162e-03 6.879925504046545881e-04 1.054084083479193230e-03
4.060921182489946046e-02 4.994564070415854519e-03 6.142315146824443633e-04 1.064624924313985069e-03
4.101530394314845812e-02 5.189772335025638790e-03 6.153560750804704408e-04 1.075271173557125091e-03
4.142545698257994735e-02 4.656120858989420096e-03 5.726264126791521516e-04 1.086023885292696336e-03
4.183971155240574780e-02 4.891979520356413633e-03 5.938637203372419248e-04 1.096884124145623479e-03
4.225810866792979736e-02 3.724026084749918093e-03 4.972106762666008697e-04 1.107852965387079404e-03
4.268068975460909131e-02 4.247943263343175076e-03 5.330274359408774089e-04 1.118931495040950165e-03
4.310749665215518611e-02 4.253469267743785649e-03 5.153608940749497894e-04 1.130120809991359658e-03
4.353857161867674685e-02 3.209398568693157695e-03 4.606944594774039776e-04 1.141422018091273497e-03
4.397395733486350600e-02 3.756390663667131743e-03 4.655063113441557771e-04 1.152836238272186018e-03
4.441369690821214689e-02 3.311252064198501321e-03 4.270902479108834235e-04 1.164364600654907954e-03
4.485783387729427168e-02 4.037154993235059566e-03 4.657308862139664433e-04 1.176008246661457190e-03
4.530641221606721003e-02 3.879401631447648713e-03 4.664644701595143327e-04 1.187768329128071655e-03
4.575947633822788352e-02 3.294137219622377509e-03 4.081704642979408233e-04 1.199646012419352398e-03
4.621707110161016319e-02 4.272609451057376474e-03 4.790468549663738553e-04 1.211642472543545930e-03
4.667924181262626815e-02 3.354979349047794695e-03 4.186936217223234560e-04 1.223758897268981474e-03
4.714603423075253152e-02 3.173119079944498357e-03 3.908985756749630319e-04 1.235996486241671332e-03
4.761749457306005406e-02 4.148969621097784062e-03 4.297219594162930895e-04 1.248356451104088057e-03
4.809366951879065488e-02 3.242927682123350041e-03 3.740077766426021027e-04 1.260840015615128816e-03
4.857460621397855643e-02 3.321511050852900097e-03 3.756252499473249724e-04 1.273448415771279976e-03
4.906035227611834498e-02 3.708133739671120969e-03 4.105868904894879228e-04 1.286182899928992951e-03
4.955095579887952573e-02 2.668971346135209487e-03 3.622566233827569093e-04 1.299044728928282818e-03
5.004646535686832487e-02 3.582904801910062696e-03 3.764373117686432109e-04 1.312035176217565737e-03
5.054693001043701617e-02 3.263175959877030394e-03 3.474017735204225224e-04 1.325155527979741477e-03
5.105239931054138258e-02 3.013442791613326829e-03 3.303430661941377140e-04 1.338407083259538811e-03
5.156292330364679183e-02 2.461935327892997207e-03 2.995151199239492242e-04 1.351791154092134208e-03
5.207855253668326745e-02 2.444615527445080476e-03 3.075618459289591292e-04 1.365309065633055728e-03
5.259933806205009665e-02 3.017707145038057200e-03 3.224658803500908100e-04 1.378962156289386233e-03
5.312533144267059942e-02 2.225345447334264783e-03 2.791461341317172081e-04 1.392751777852279998e-03
5.365658475709730868e-02 2.367021162082777290e-03 2.825952182752767194e-04 1.406679295630802913e-03
5.419315060466827622e-02 1.486888636422385290e-03 2.265028088928838074e-04 1.420746088587110812e-03
5.473508211071495544e-02 2.215932859075664223e-03 2.777093337429643698e-04 1.434953549472981968e-03
5.528243293182211193e-02 2.012564451134095465e-03 2.437773155962148861e-04 1.449303084967711779e-03
5.583525726114033083e-02 1.965994984851811202e-03 2.399027641677016996e-04 1.463796115817388947e-03
5.639360983375173858e-02 1.793887920333021033e-03 2.344374820214317127e-04 1.478434076975562901e-03
5.695754593208925132e-02 1.720053416267757060e-03 2.320889012150816511e-04 1.493218417745318521e-03
5.752712139141014092e-02 1.629907210834868978e-03 2.227240271473598444e-04 1.508150601922771594e-03
5.810239260532423788e-02 1.431540113153514145e-03 2.054236787089892802e-04 1.523232107941999104e-03
5.868341653137748581e-02 1.960696700818973220e-03 2.427782222053221479e-04 1.538464429021419323e-03
5.927025069669127066e-02 1.862018671136742758e-03 2.238768151939137245e-04 1.553849073311633832e-03
5.986295320365817713e-02 1.954342068203750345e-03 2.268914608865579829e-04 1.569387564044749921e-03
6.046158273569476188e-02 1.933927213782617041e-03 2.245204721209970535e-04 1.585081439685197442e-03
6.106619856305171151e-02 1.892507014501792215e-03 2.227423864573437496e-04 1.600932254082049460e-03
6.167686054868222467e-02 1.900749559897493791e-03 2.246739770594216460e-04 1.616941576622869890e-03
6.229362915416905566e-02 1.435213999644287556e-03 1.991030947739556454e-04 1.633110992389098749e-03
6.291656544571075371e-02 1.689776646724508403e-03 2.102730367793812416e-04 1.649442102312989990e-03
6.354573110016785431e-02 1.439883550781072968e-03 1.888318904053126952e-04 1.665936523336119688e-03
6.418118841116952911e-02 1.594288276206112364e-03 2.125548816850106435e-04 1.682595888569480853e-03
6.482300029528123564e-02 8.763736329988692023e-04 1.479691327364547138e-04 1.699421847455175917e-03
6.547123029823403995e-02 9.294833571035616103e-04 1.592425647007584351e-04 1.716416065929727511e-03
6.612594260121637535e-02 9.977038973951880656e-04 1.638612015071252309e-04 1.733580226589024643e-03
6.678720202722854271e-02 1.132639078508837624e-03 1.705823133640146829e-04 1.750916028854914916e-03
6.745507404750082647e-02 9.373690063379990986e-04 1.539496504306267434e-04 1.768425189143464030e-03
6.812962478797583710e-02 1.100743963639756913e-03 1.639260918500084769e-04 1.786109441034898840e-03
6.881092103585559339e-02 1.255438106510981889e-03 1.739209322141507233e-04 1.803970535445247828e-03
6.949903024621414960e-02 9.353320772480805271e-04 1.592108836949621652e-04 1.822010240799700267e-03
7.019402054867629470e-02 1.020700489642607746e-03 1.519975226295039797e-04 1.840230343207697279e-03
7.089596075416305931e-02 1.033232253044096341e-03 1.634133379731400094e-04 1.858632646639774314e-03
7.160492036170468255e-02 8.750599320066085795e-04 1.427452224532050023e-04 1.877218973106171973e-03
7.232096956532173271e-02 8.809229947271908284e-04 1.478497376791436814e-04 1.895991162837233580e-03
7.304417926097495073e-02 9.090906009682692742e-04 1.445141751455802145e-04 1.914951074465606013e-03
7.377462105358470468e-02 1.013970303706053034e-03 1.461959809538457191e-04 1.934100585210262206e-03
7.451236726412055478e-02 8.712232442719830289e-04 1.342890652203305481e-04 1.953441591062365056e-03
7.525749093676176171e-02 8.283373175441427353e-04 1.351297752277744169e-04 1.972976006972988576e-03
7.601006584612937655e-02 6.565591214946984435e-04 1.206464356458958461e-04 1.992705767042718401e-03
7.677016650459067559e-02 6.927237107472930663e-04 1.242573685741902786e-04 2.012632824713145741e-03
7.753786816963659234e-02 6.310243576510960167e-04 1.114375116330885675e-04 2.032759152960277559e-03
7.831324685133295160e-02 6.498553354028120416e-04 1.113381238395207612e-04 2.053086744489879874e-03
7.909637931984628278e-02 5.340851525599886289e-04 1.008337580230135550e-04 2.073617611934778712e-03
7.988734311304473978e-02 5.478492642353620986e-04 1.016341645004147239e-04 2.094353788054126482e-03
8.068621654417518219e-02 4.589609738861645397e-04 9.855648108159489938e-05 2.115297325934667634e-03
8.149307870961694511e-02 7.237976885201199148e-04 1.213452997908018001e-04 2.136450299194014423e-03
8.230800949671310263e-02 6.257518700588405322e-04 1.072105908080697831e-04 2.157814802185954468e-03
8.313108959168023782e-02 5.087934699859085952e-04 1.095406305061162957e-04 2.179392950207813956e-03
8.396240048759703867e-02 6.000600170391293554e-04 1.043522082366568469e-04 2.201186879709892113e-03
8.480202449247301044e-02 4.933133718941026423e-04 9.484334028716697449e-05 2.223198748506991212e-03
8.565004473739774860e-02 4.772334985048436087e-04 1.012255310464740956e-04 2.245430735992061215e-03
8.650654518477171595e-02 3.913677052183565258e-04 9.804727843850516759e-05 2.267885043351981593e-03
8.737161063661944005e-02 3.651994751708832971e-04 8.669490332156801215e-05 2.290563893785501574e-03
8.824532674298563029e-02 4.602543535859629736e-04 9.017980877774173752e-05 2.313469532723356602e-03
8.912778001041549159e-02 2.982116028628463899e-04 7.226341221274216672e-05 2.336604228050590069e-03
9.001905781051965094e-02 4.499978982105734592e-04 9.451353065563750891e-05 2.359970270331096347e-03
9.091924838862484870e-02 3.724402858362889693e-04 8.120376130941392228e-05 2.383569973034407267e-03
9.182844087251110232e-02 2.173632997016776858e-04 7.323335774874503799e-05 2.407405672764751509e-03
9.274672528123620308e-02 4.130575879276323454e-04 8.799702100401072342e-05 2.431479729492398625e-03
9.367419253404857260e-02 3.003083831262205261e-04 7.501944449277134675e-05 2.455794526787322823e-03
9.461093445938906221e-02 3.230609467740160794e-04 7.608731486363546801e-05 2.480352472055196052e-03
9.555704380398294395e-02 2.753521113116219501e-04 8.474792499295790078e-05 2.505155996775748108e-03
9.651261424202278727e-02 3.867197207730383086e-04 8.432626763902664193e-05 2.530207556743505927e-03
9.747774038444301237e-02 2.683993404540018532e-04 8.217414827300749533e-05 2.555509632310940665e-03
9.845251778828745248e-02 4.003922713774031995e-04 8.530122306483782968e-05 2.581064728634050332e-03
9.943704296617031368e-02 1.088765244988150319e-04 4.441656646852153428e-05 2.606875375920390554e-03
1.004314133958320171e-01 2.012313515787499574e-04 6.063134816766163517e-05 2.632944129679594663e-03
