# intensity: 1.00376201741867
# background: 0
#           Q (1/A)             dQ (1/A)                    R                   dR               theory              fresnel
   0.010486523286646  0.00012126655495448    0.886255231443827   0.0309564771169927     1.00376201741867     1.00376201741867
  0.0105389559030792 0.000121872887729257     1.01069207018172   0.0335459474689657     1.00376201741867     1.00376201741867
  0.0105916506825946 0.000122482252167898     1.05438834643099   0.0349678296415774     1.00376201741867     1.00376201741867
  0.0106446089360076 0.000123094663428747    0.963859923989275   0.0316326209229457     1.00376201741867     1.00376201741867
  0.0106978319806876 0.000123710136745902     1.06821627752539   0.0343485367024611     1.00376201741867     1.00376201741867
  0.0107513211405911 0.000124328687429597     1.01866982299438   0.0317916918405409     1.00376201741867     1.00376201741867
   0.010805077746294 0.000124950330866752    0.998438864324076   0.0312699461426528     1.00376201741867     1.00376201741867
  0.0108591031350255 0.000125575082521104     1.07455590983828   0.0327333021138329     1.00376201741867     1.00376201741867
  0.0109133986507006 0.000126202957933715     1.20828893933772   0.0358402424206887     1.00376201741867     1.00376201741867
  0.0109679656439541 0.000126833972723355     1.04582553324334   0.0315878744570397     1.00376201741867     1.00376201741867
  0.0110228054721739 0.000127468142587006     1.00443149372458   0.0298051591670192     1.00376201741867     1.00376201741867
  0.0110779194995348 0.000128105483299915      1.1286203836889   0.0328502443389344     1.00376201741867     1.00376201741867
  0.0111333090970324 0.000128746010716433    0.997326762105544   0.0281766145185548     1.00376201741867     1.00376201741867
  0.0111889756425176 0.000129389740770021    0.972095261531609   0.0276067280581593     1.00376201741867     1.00376201741867
  0.0112449205207302 0.000130036689473843     1.12456657359607   0.0312238037802627     1.00376201741867     1.00376201741867
  0.0113011451233338 0.000130686872921231     1.00606487507823   0.0278978660187442     1.00376201741867     1.00376201741867
  0.0113576508489505 0.000131340307285817     1.13818678227089   0.0306141400754957     1.00376201741867     1.00376201741867
  0.0114144391031953 0.000131997008822251     1.06681829560209   0.0290641751916291     1.00376201741867     1.00376201741867
  0.0114715112987112 0.000132656993866369     1.01451952061858   0.0266685312067266     1.00376201741867     1.00376201741867
  0.0115288688552048 0.000133320278835711     1.09136023357774   0.0281950448197382     1.00376201741867     1.00376201741867
  0.0115865131994808 0.000133986880229894     1.04408416446508   0.0270411825400045     1.00376201741867     1.00376201741867
  0.0116444457654782  0.00013465681463104     1.01940276066535   0.0264652264004351     1.00376201741867     1.00376201741867
  0.0117026679943056 0.000135330098704204     1.01720917928307   0.0262319802139288     1.00376201741867     1.00376201741867
  0.0117611813342771 0.000136006749197707     1.00246814201823   0.0255101890690548     1.00376201741867     1.00376201741867
  0.0118199872409485 0.000136686782943694     1.11884897937549   0.0274301750913943     1.00376201741867     1.00376201741867
  0.0118790871771533 0.000137370216858429     1.00328289095791   0.0247092409485472     1.00376201741867     1.00376201741867
   0.011938482613039 0.000138057067942718    0.924713639253046   0.0225071723779554     1.00376201741867     1.00376201741867
  0.0119981750261042  0.00013874735328242     1.04155447093188   0.0250638917660479     1.00376201741867     1.00376201741867
  0.0120581659012347 0.000139441090048832     1.06623281117229   0.0251915718790694     1.00376201741867     1.00376201741867
  0.0121184567307409 0.000140138295499066    0.983332369183795   0.0235670599057238     1.00376201741867     1.00376201741867
  0.0121790490143946 0.000140838986976561     1.04159927476887   0.0238307271811628     1.00376201741867     1.00376201741867
  0.0122399442594666 0.000141543181911465    0.979532998262748   0.0225440614424304     1.00376201741867     1.00376201741867
  0.0123011439807639 0.000142250897821019    0.947693512500742   0.0219576775319708     1.00376201741867     1.00376201741867
  0.0123626497006677 0.000142962152310106     1.02878344223537   0.0225515439292379     1.00376201741867     1.00376201741867
  0.0124244629491711 0.000143676963071677     1.05811611243309   0.0229843412532303     1.00376201741867     1.00376201741867
  0.0124865852639169 0.000144395347887006    0.997076689273825   0.0219204755288243     1.00376201741867     1.00376201741867
  0.0125490181902365 0.000145117324626454     1.03256892599086   0.0226232197792258     1.00376201741867     1.00376201741867
  0.0126117632811877 0.000145842911249597    0.972507850353843   0.0211527272376884     1.00376201741867     1.00376201741867
  0.0126748220975936  0.00014657212580586     1.01827591008357    0.021435837387557     1.00376201741867     1.00376201741867
  0.0127381962080816 0.000147304986434862     1.03525582666315    0.021600997565242     1.00376201741867     1.00376201741867
   0.012801887189122 0.000148041511367049    0.988991053491066   0.0205753381363444     1.00376201741867     1.00376201741867
  0.0128658966250676 0.000148781718923864    0.970081493627195    0.019794784644495     1.00376201741867     1.00376201741867
   0.012930226108193 0.000149525627518514     1.00086203608458   0.0204463284469737     1.00376201741867     1.00376201741867
  0.0129948772387339 0.000150273255656093     1.02791897430727   0.0206644535296121     1.00376201741867     1.00376201741867
  0.0130598516249276 0.000151024621934352     1.01935847462453   0.0202197345581886     1.00376201741867     1.00376201741867
  0.0131251508830522 0.000151779745044034     1.00531158888807   0.0197651000982114     1.00376201741867     1.00376201741867
  0.0131907766374675 0.000152538643769257     1.01675102444336     0.01985325177373     1.00376201741867     1.00376201741867
  0.0132567305206548  0.00015330133698811     1.00037083525735   0.0194688906360993     1.00375683942881     1.00374886141858
  0.0133230141732581 0.000154067843673036     1.04565279257351   0.0197413917538379     1.00371730829449     1.00365048388913
  0.0133896292441244 0.000154838182891422    0.999393397828157   0.0191350936568709     1.00353715506252     1.00320873999356
   0.013456577390345  0.00015561237380586    0.961783809245936   0.0186311929254312     1.00288588677853     1.00162843830843
  0.0135238602772967 0.000156390435674904    0.960646104330071   0.0178584933727885     1.00093908161072     0.99695654451025
  0.0135914795786832 0.000157172387853291    0.927806914550993   0.0176781031324633    0.996079642385896    0.985447772127725
  0.0136594369765766 0.000157958249792527    0.901504844371415   0.0173064040912816    0.985879637374546    0.961679546562173
  0.0137277341614595 0.000158748041041486    0.865375733482773   0.0164802680729293    0.967739451927111     0.92025750489438
  0.0137963728322668 0.000159541781246709    0.834448046009448    0.016333606938129    0.940154986007337    0.858867523313361
  0.0138653546964281 0.000160339490152951    0.807632429425593   0.0154348064845572    0.903871787945914    0.780737796281953
  0.0139346814699103 0.000161141187603694     0.83577658526447   0.0158886977871531     0.86195486574758    0.694256438380157
  0.0140043548772598 0.000161946893541741    0.840356435925078   0.0164105875252861    0.818554272600354    0.609557311163972
  0.0140743766516461 0.000162756628009427    0.784998323307049   0.0151474569725324    0.777219449807351    0.534439553171026
  0.0141447485349043 0.000163570411149469    0.749602498069013   0.0146413738544166    0.739876631832218     0.47228801114792
  0.0142154722775789 0.000164388263205223    0.653121107904765   0.0131406067017358    0.706862254179228    0.422641557082055
  0.0142865496389668 0.000165210204521274    0.695163264142231   0.0138043967317476    0.677585273883529    0.383098571757396
  0.0143579823871616 0.000166036255543864    0.639415936874196   0.0130645052704098    0.651196843780781    0.350995179360742
  0.0144297722990974 0.000166866436821571    0.637128966797602   0.0127693604781446    0.626959781136068    0.324213390828261
  0.0145019211605929  0.00016770076900569    0.622683987158593   0.0126714770310164    0.604348262785079    0.301310421932446
  0.0145744307663958 0.000168539272850701    0.565864250371399    0.011921613426478     0.58300812727791    0.281339348850754
  0.0146473029202278 0.000169381969214989    0.562664735745637    0.011884002754954    0.562699691360939    0.263668964651177
   0.014720539434829 0.000170228879061062    0.543753827596708   0.0114725546896875    0.543258038063064    0.247866983785068
  0.0147941421320031 0.000171080023456348    0.528242614344326   0.0114581746777945    0.524564295390586    0.233620281041771
  0.0148681128426631 0.000171935423573631    0.494248043512414   0.0107574197678389    0.506528836752424    0.220690543428126
  0.0149424534068764 0.000172795100691507    0.506985984504714   0.0108672317903272    0.489082334882421    0.208890889736778
  0.0150171656739108 0.000173659076194947    0.444542830249524   0.0097863979708207    0.472170215579933    0.198071494825471
  0.0150922515022804 0.000174527371575924    0.445151816987327   0.0099047461693657    0.455748974456695    0.188110121844544
  0.0151677127597918   0.0001754000084338    0.448604441925379   0.0098351741013955    0.439783615964583    0.178905597581942
  0.0152435513235907 0.000176277008475966    0.416530265355395   0.0093272084201582    0.424245809839789    0.170373161434388
  0.0153197690802087 0.000177158393518344    0.398044679818086   0.0091672704386324    0.409112526316507    0.162441059919955
  0.0153963679256097 0.000178044185485945    0.387674765309566     0.00882739520158    0.394365001750765    0.155047997575567
  0.0154733497652378 0.000178934406413376    0.346234654472898   0.0082445363260783    0.379987938596353    0.148141193028685
  0.0155507165140639 0.000179829078445435    0.350614788881885   0.0081192697840695    0.365968875480508    0.141674872646202
  0.0156284700966343 0.000180728223837665    0.361537643820786    0.008578864537092    0.352297683228604    0.135609086843369
  0.0157066124471174 0.000181631864956858    0.324867896738164   0.0078233819171586    0.338966155806218    0.129908768403021
   0.015785145509353 0.000182540024281656    0.305885901863893   0.0075082903826227    0.325967673938756    0.124542975053193
  0.0158640712368998 0.000183452724403057    0.300936257290838   0.0072759951464492    0.313296925203165    0.119484274213136
  0.0159433915930843 0.000184369988025096    0.310948605914574   0.0074794254777755    0.300949668607781    0.114708238748025
  0.0160231085510497 0.000185291837965223    0.278107457614906   0.0068804416340661    0.288922534686134    0.110193030340392
  0.0161032240938049 0.000186218297155032    0.269313922676154   0.0067907724912745    0.277212854307724    0.105919052694726
   0.016183740214274 0.000187149388640807    0.259528351104322   0.0065414034556535    0.265818511006556    0.101868660900178
  0.0162646589153453 0.000188085135583991    0.260197147038398   0.0067017091405873    0.254737812814904   0.0980259163254828
  0.0163459822099221 0.000189025561261911     0.22258297928418   0.0059147138846334     0.24396938047987   0.0943763787101618
  0.0164277121209717 0.000189970689068238    0.230178055972747   0.0060927245117691    0.233512049615477   0.0909069288550315
  0.0165098506815765 0.000190920542513588    0.222521301667292   0.0059500674810451    0.223364784856593   0.0876056166482124
  0.0165923999349844 0.000191875145226157    0.206393190764333   0.0056708342754633    0.213526604476867   0.0844615301952804
  0.0166753619346593 0.000192834520952272    0.195629777894661   0.0054421249918251    0.203996514236947   0.0814646826278662
  0.0167587387443326 0.000193798693557028    0.197212731245117   0.0053314232420149    0.194773449464786   0.0786059137991805
  0.0168425324380543 0.000194767687024841    0.188262816378512   0.0052810244227785    0.185856224552477   0.0758768045778227
  0.0169267451002446 0.000195741525459958    0.170923590779962   0.0048870194175886     0.17724348919488   0.0732696018525783
  0.0170113788257458 0.000196720233087261    0.167888535329033   0.0048802030826922    0.168933690804409   0.0707771526835484
  0.0170964357198745 0.000197703834252696    0.161074616890502   0.0047738057479413    0.160925042620011   0.0683928462957931
  0.0171819178984739 0.000198692353423949    0.154015741009159   0.0046866948119817    0.153215497092351    0.066110562823817
  0.0172678274879662 0.000199685815191083    0.140584023322183   0.0044042697359786    0.145802724175571   0.0639246278886736
  0.0173541666254061 0.000200684244267006    0.137184701890894   0.0043137750334289    0.138684094192122    0.061829772232028
  0.0174409374585331 0.000201687665488365    0.125913098431374   0.0040655647910234    0.131856664964231   0.0598210957493636
  0.0175281421458258 0.000202696103815796     0.12596596562556   0.0040795468539843    0.125317172924519   0.0578940353620927
  0.0176157828565549 0.000203709584334862    0.114000662176284   0.0037844803275243    0.119062027932801   0.0560443362499493
  0.0177038617708377 0.000204728132256561    0.109221996995642   0.0037224514177702    0.113087311535412   0.0542680260330502
  0.0177923810796918 0.000205751772917834    0.102187569889391   0.0034478372498112    0.107388778410768   0.0525613915504164
  0.0178813429850903  0.00020678053178242     0.09993281738448   0.0034632101793876    0.101961860749482   0.0509209579299594
  0.0179707497000158 0.000207814434441316   0.0970800162005824   0.0035095737874064   0.0968016753215066   0.0493434696859417
  0.0180606034485158 0.000208853506613546   0.0960107749908845   0.0033638953029888   0.0919030329856549   0.0478258736145654
  0.0181509064657584 0.000209897774146624   0.0839155492938435   0.0030945472973976    0.087260450400259     0.04636530328803
  0.0182416609980872 0.000210947263017325   0.0782572351945713   0.0029974391873752   0.0828681636971982   0.0449590649727246
  0.0183328693030776 0.000212001999332442   0.0760929966236495   0.0029821423145176   0.0787201438854228   0.0436046248188782
   0.018424533649593 0.000213062009329087   0.0703684910985305   0.0028980103603049    0.074810113755192   0.0422995971877421
   0.018516656317841 0.000214127319375754    0.071344596070002   0.0030060336584961   0.0711315660599761   0.0410417339984686
  0.0186092395994302 0.000215197955972611   0.0651009561357292   0.0028183744351515   0.0676777827597583    0.039828914990775
  0.0187022857974273 0.000216273945752484   0.0636728081937421   0.0026235799601414    0.064441855117374   0.0386591388115963
  0.0187957972264145 0.000217355315481231   0.0609350162380167   0.0025128364248115    0.061416704448326   0.0375305148444242
  0.0188897762125465 0.000218442092058641   0.0542019470716969   0.0023759457044354   0.0585951033343139   0.0364412557092046
  0.0189842250936093 0.000219534302518938   0.0526816943275577   0.0023013667178206   0.0559696971212213   0.0353896703686267
  0.0190791462190773  0.00022063197403155   0.0495048067446691   0.0022401490126499   0.0535330255338307   0.0343741577837143
  0.0191745419501727 0.000221735133901699   0.0509218989479999   0.0021865245985599   0.0512775442512384   0.0333932010676815
  0.0192704146599236  0.00022284380957121   0.0452087204700763   0.0021710090683443   0.0491956462995728   0.0324453620925122
  0.0193667667332232 0.000223958028619066   0.0468212140493519   0.0021118985273677   0.0472796831311659   0.0315292765074089
  0.0194636005668893 0.000225077818762166   0.0441806473499397     0.00206904357438   0.0455219852723297   0.0306436491325006
  0.0195609185697237 0.000226203207855966   0.0429462542745817   0.0020139604326754   0.0439148824347926   0.0297872496949064
  0.0196587231625724 0.000227334223895244   0.0457686807452941   0.0020267804590585   0.0424507229986719   0.0289589088775343
  0.0197570167783852 0.000228470895014735   0.0391190025739916   0.0019077620659088    0.041121892787496   0.0281575146539382
  0.0198558018622771 0.000229613249489809   0.0385912298175307   0.0018898431739837   0.0399208330679951   0.0273820088851219
  0.0199550808715885  0.00023076131573724   0.0434945360220177   0.0019615175691036   0.0388400577192699   0.0266313841565411
  0.0200548562759465 0.000231915122315924   0.0402416798260211   0.0019709132683478   0.0378721695271372   0.0259046808355719
  0.0201551305573262 0.000233074697927516   0.0352569875034558    0.001894296213515   0.0370098755701544   0.0252009843315915
  0.0202559062101128 0.000234240071417155   0.0335440021647806   0.0017749780722689   0.0362460016737673     0.02451942254245
  0.0203571857411634 0.000235411271774225    0.034785978033833   0.0017223791130192    0.035573505918282   0.0238591634726085
  0.0204589716698692 0.000236588328133121   0.0354491309891545   0.0017156358878521   0.0349854911948048   0.0232194130095316
  0.0205612665282185 0.000237771269773758   0.0332388846754522   0.0016310852721303   0.0344752168109755   0.0225994128461202
  0.0206640728608596 0.000238960126122633   0.0335937851085097    0.001641582951235   0.0340361091551907   0.0219984385380537
  0.0207673932251639 0.000240154926753248   0.0346159346750212   0.0016919128353063   0.0336617714340597   0.0214157976858701
  0.0208712301912897 0.000241355701387006   0.0320593713378423   0.0015806480920398   0.0333459925030948   0.0208508282324853
  0.0209755863422462  0.00024256247989397   0.0340872294654662   0.0016424263588485   0.0330827548151179   0.0203028968676501
  0.0210804642739574 0.000243775292293418   0.0332336384865224   0.0016060967723494   0.0328662415145761   0.0197713975315532
  0.0211858665953272 0.000244994168754904    0.031985036431361   0.0015789963173338   0.0326908427089451   0.0192557500104211
  0.0212917959283038 0.000246219139598641   0.0327909743281833   0.0016010576764546   0.0325511609507031   0.0187553986175652
  0.0213982549079454 0.000247450235296645   0.0329240678565977   0.0016151377035266   0.0324420159649945   0.0182698109538403
  0.0215052461824851 0.000248687486473121   0.0342298143057478   0.0016215332407691   0.0323584486591456   0.0177984767419857
  0.0216127724133975  0.00024993092390552   0.0309717426279144   0.0015325549883464   0.0322957244506656   0.0173409067297336
  0.0217208362754645 0.000251180578525053    0.033473618101589   0.0015972272468198   0.0322493359503278   0.0168966316569988
  0.0218294404568418 0.000252436481417665   0.0317474530290542   0.0015382336544487    0.032215005036419    0.016465201282807
   0.021938587659126 0.000253698663824756   0.0295446561646339   0.0014638303987824   0.0321886843553175   0.0160461834679637
  0.0220482805974216 0.000254967157143864   0.0330642400979971   0.0015735870911652    0.032166558282268   0.0156391633097695
  0.0221585220004087 0.000256241992929597   0.0356891426735439   0.0015891048515229   0.0321450433746005   0.0152437423253637
  0.0222693146104108 0.000257523202894225   0.0309490253098615   0.0014934572654764   0.0321207883477497   0.0148595376805366
  0.0223806611834628 0.000258810818908705    0.034497218936939   0.0015949719295075   0.0320906736023022   0.0144861814610828
  0.0224925644893802  0.00026010487300327   0.0303548351195112   0.0014857088192939   0.0320518103279921    0.014123319983979
  0.0226050273118271  0.00026140539736828   0.0327288921556963   0.0015031098570645   0.0320015392081067   0.0137706131458788
  0.0227180524483862 0.000262712424355117   0.0331461247770689   0.0015274323937374   0.0319374287452058   0.0134277338065784
  0.0228316427106281   0.0002640259864769   0.0317354096587349   0.0014849005456751   0.0318572732264352    0.013094367205293
  0.0229458009241813 0.000265346116409257   0.0319844330765091   0.0015106639658945   0.0317590903440675   0.0127702104077235
  0.0230605299288022 0.000266672846991295     0.03238539750814    0.001500558476758   0.0316411184842627     0.01245497178204
  0.0231758325784462 0.000268006211226285   0.0314018420453243   0.0014571309512667   0.0315018136944484   0.0121483705020342
  0.0232917117413384  0.00026934624228242    0.031717301487466   0.0014761074942964   0.0313398463372086   0.0118501360758191
  0.0234081703000451   0.0002706929734938   0.0308939841872601   0.0014626645323563   0.0311540974361635   0.0115600078985577
  0.0235252111515453 0.000272046438361274   0.0326030989471306   0.0014799242991363   0.0309436547170681   0.0112777348278096
   0.023642837207303 0.000273406670553079   0.0291810263701619   0.0013998993361076   0.0307078083452664   0.0110030747801752
  0.0237610513933395  0.00027477370390586     0.02862755417405   0.0013801652762914    0.030446046358756   0.0107357943480084
  0.0238798566503062 0.000276147572425393   0.0305780017495184   0.0014334271499037   0.0301580497944626   0.0104756684350458
  0.0239992559335578 0.000277528310287516   0.0286997262941906   0.0014086455933114   0.0298436875039197   0.0102224799098777
  0.0241192522132255 0.000278915951838938   0.0309549576117669   0.0014146946420298   0.0295030106534317  0.00997601927625531
  0.0242398484742917 0.000280310531598132   0.0280957167079471   0.0013808746042705   0.0291362469029757   0.0097360843592893
  0.0243610477166631 0.000281712084256136    0.028323830778478   0.0014482657598684   0.0287437942576142  0.00950248000666508
  0.0244828529552464  0.00028312064467741   0.0297036168364822   0.0014815905144945   0.0283262145850192  0.00927501780403883
  0.0246052672200227 0.000284536247900807   0.0295049108749246   0.0014747957190799   0.0278842267929415  0.00905351580384821
  0.0247282935561228 0.000285958929140297   0.0283667716276654   0.0014305512667592     0.02741869966102  0.00883779826680639
  0.0248519350239034 0.000287388723785987   0.0296692154380441   0.0014397515873342   0.0269306443222952  0.00862769541539747
  0.0249761946990229 0.000288825667404926    0.025185817798404   0.0013144628715253   0.0264212063911533  0.00842304319873546
   0.025101075672518 0.000290269795741953   0.0252431425092637    0.001292981126797   0.0258916577361616  0.00822368306818264
  0.0252265810508806 0.000291721144720679   0.0276384259017036   0.0013309673034543   0.0253433878983975    0.008029461763163
   0.025352713956135 0.000293179750444289   0.0248093238787252   0.0012630604365363   0.0247778951583949  0.00784023110663875
  0.0254794775259157 0.000294645649196476   0.0228270629896645   0.0012579975212572   0.0241967772577159  0.00765584780974899
  0.0256068749135453 0.000296118877442463   0.0231567043821518   0.0012322351534896   0.0236017217844025  0.00747617328514048
   0.025734909288113 0.000297599471829682    0.023474051848736   0.0012500797041499   0.0229944962351279  0.00730107346854608
  0.0258635838345535 0.000299087469188832   0.0199917652520832   0.0011223742909201   0.0223769377707337  0.00713041864819315
  0.0259929017537263 0.000300582906534777   0.0205560585554038   0.0011474268613305   0.0217509426859633  0.00696408330164826
  0.0261228662624949 0.000302085821067473   0.0215717035487567   0.0011406559891363   0.0211184556185409  0.00680194593972703
  0.0262534805938074 0.000303596250172781   0.0195469167966834   0.0010864963844795   0.0204814585272382  0.00664388895711689
  0.0263847479967764 0.000305114231423652     0.02002207411405   0.0010811513764006   0.0198419594731955  0.00648979848938478
  0.0265166717367603 0.000306639802580764   0.0187633133883867   0.0010651278780098   0.0192019812433959  0.00633956427605445
  0.0266492550954441 0.000308173001593673   0.0186852497132614   0.0010529335088752   0.0185635498598379  0.00619307952946103
  0.0267825013709213 0.000309713866601656   0.0178165692497949   0.0010132509042896   0.0179286830224647    0.006050240809102
  0.0269164138777759  0.00031126243593465   0.0182672544919478   0.0010316191132229   0.0172993785382797   0.0059109479012221
  0.0270509959471648  0.00031281874811431   0.0144367375094396   0.0009349993373225   0.0166776027931764  0.00577510370338266
  0.0271862509269006 0.000314382841854904   0.0173905419739141   0.0009593151802624   0.0160652793267856  0.00564261411377942
  0.0273221821815351 0.000315954756064161    0.013501376588975   0.0008699405748801   0.0154642775740075  0.00551338792508535
  0.0274587930924428 0.000317534529844501    0.015322379000173   0.0008960038145276   0.0148764018397725  0.00538733672260781
   0.027596087057905 0.000319122202493716   0.0140218866433229   0.0008656202776359   0.0143033805758798  0.00526437478655921
  0.0277340674931945   0.0003207178135062   0.0124145809586687   0.0008390038762157   0.0137468560304454  0.00514441899825157
  0.0278727378306605 0.000322321402573715   0.0130740091333599   0.0008422454388112   0.0132083743414715  0.00502738875003541
  0.0280121015198138 0.000323933009586582   0.0124509743380926   0.0007969993928823   0.0126893761462802  0.00491320585881251
  0.0280121015198138 0.000329811526548153     0.01345840700402   0.0005860491955595   0.0126915883054842  0.00491351878465388
  0.0281521620274129 0.000331460584180892   0.0126872901650447   0.0005518614220956   0.0121935089660494  0.00480209920129918
  0.0281521620274129 0.000325552674634522   0.0123016337946562   0.0008311699414619   0.0121911877779864  0.00480179448296019
  0.0282929228375499 0.000327180438007686   0.0126658977665548   0.0008200941709838   0.0117150131187964   0.0046930810425146
  0.0282929228375499 0.000333117887101783   0.0115339221192675   0.0005258485816768   0.0117174303172154  0.00469337779371194
  0.0284343874517377 0.000334783476537282    0.012182864565165   0.0005221033913596   0.0112644257723722  0.00458728315888646
  0.0284343874517377 0.000328816340197749   0.0111185421394384   0.0007447497022829   0.0112619261776641  0.00458699414246616
  0.0285765593889964     0.00033645739392   0.0122463262544051   0.0005400852611762   0.0108354323227017  0.00448374600534652
  0.0285765593889964 0.000330460421898726   0.0096499352238146    0.000725648334433   0.0108328644567418  0.00448346449903044
  0.0287194421859414 0.000332112724008195   0.0106962561124917   0.0007437250538738   0.0104286231670883  0.00438242486876127
  0.0287194421859414 0.000338139680889597   0.0110060501256911   0.0005072635804016    0.010431244757975  0.00438269908224521
  0.0288630393968711 0.000339830379294055   0.0107452686970125   0.0004788517242567   0.0100525107917308  0.00428407711118439
  0.0288630393968711 0.000333773287628238   0.0109345456900741   0.0007485273018245   0.0100498503493194  0.00428380998038267
  0.0290073545938554 0.000335442154066412   0.0095336738311442   0.0007294139591391  0.00969704294927829  0.00418755646922029
  0.0290073545938554 0.000341529531190488   0.0108371894394222   0.0004880449480622  0.00969972714084293  0.00418781672063405
  0.0291523913668247 0.000343237178846454   0.0099486816720998   0.0004509603290911  0.00937323660315493  0.00409385638283929
  0.0291523913668247  0.00033711936483673    0.009355868179388   0.0006997533828703  0.00937054389246867  0.00409360281411959
  0.0292981533236588 0.000338804961660892   0.0089427301217704    0.000654562762973  0.00907054019395629  0.00400188927674399
  0.0292981533236588 0.000344953364740679   0.0097582957025789   0.0004543769151612  0.00907322616982929  0.00400213635310749
  0.0294446440902771 0.000346678131564374   0.0090362865694028   0.0004189356971454  0.00879972620141926   0.0039125986113732
  0.0294446440902771 0.000340498986469214   0.0090685527776715   0.0006620150672774   0.0087970621327942  0.00391235784314997
  0.0295918673107285 0.000348411522222208   0.0087262870332246   0.0004176242634202  0.00855261068850792  0.00382518680594426
  0.0295918673107285 0.000342201481401571   0.0089673907360404   0.0006705560247173  0.00854998351185661  0.00382495216754301
  0.0297398266472821 0.000350153579833333   0.0089598433070325   0.0004173745894131  0.00833159860915417  0.00373984619933614
  0.0297398266472821 0.000343912488808578   0.0096299938757558   0.0006891380411278  0.00832902301534995   0.0037396175181213
  0.0298885257805185 0.000345632051252611   0.0078120636438408   0.0006485485398461  0.00813374666733146  0.00365630072491923
  0.0298885257805185 0.000351904347732484   0.0089684154406406   0.0004234316366307  0.00813625638645768  0.00365652361610651
  0.0300379684094211 0.000353663869471168   0.0084813134493729   0.0003806855248436  0.00796600144040241  0.00357516739260658
  0.0300379684094211 0.000347360211508875   0.0088722952879368   0.0006594679346559  0.00796357138540272  0.00357495012956717
  0.0301881582514682 0.000349097012566412   0.0086102078859296   0.0006301750154504  0.00781776961446985  0.00349551553688724
  0.0301881582514682 0.000355432188818514   0.0078107191594353   0.0003713570043578  0.00782010681887366  0.00349572732856871
  0.0303390990427256  0.00035720934976259    0.007219865473498   0.0003485486990939  0.00769770688348572  0.00341815464045453
  0.0303390990427256 0.000350842497629257     0.00804848022605   0.0006126171896361  0.00769547501619262   0.0034179481682491
  0.0304907945379392  0.00035259671011741   0.0083115830833824   0.0006546516921046  0.00759568918058841  0.00334220061661332
  0.0304907945379392 0.000358995396511422   0.0078572221457231   0.0003623258388026  0.00759780401671015  0.00334240191649092
  0.0306432485106289  0.00036079037349397   0.0084333971420538   0.0003882807658562  0.00751927630787015  0.00326842307332422
  0.0306432485106289 0.000354359693667983   0.0073532665705131   0.0005847477861561  0.00751728931732139   0.0032682268031926
   0.030796464753182 0.000356131492136306    0.007582153293252   0.0006294798788834  0.00745903687560183  0.00319598193566576
   0.030796464753182 0.000362594325361444   0.0083327765474096   0.0003705089338792  0.00746088616696967  0.00319617331422747
  0.0309504470769479 0.000364407296988238   0.0075812988186548   0.0003453628122576  0.00742128980714412  0.00312560908879666
  0.0309504470769479 0.000357912149597028   0.0088473678957442   0.0006373413881542  0.00741958703343052  0.00312542246788037
  0.0311051993123327 0.000359701710345011   0.0085920486265342   0.0006425370831037   0.0073974989892453  0.00305650606098488
  0.0311051993123327 0.000366229333473206   0.0080439541873026   0.0003620527495452  0.00739904752884921  0.00305668805407677
  0.0312607253088943 0.000368060480140552   0.0080688079643551   0.0003587898012607  0.00739263473181129  0.00298936903705971
  0.0312607253088943  0.00036150021889673   0.0079036425803261   0.0006526331750277  0.00739124698192828  0.00298919154593246
  0.0314170289354388  0.00036330771999121   0.0085521881529024   0.0006448607209299  0.00739923195868232  0.00292343888730137
  0.0314170289354388 0.000369900782541274   0.0072940178966843   0.0003321030094751  0.00740045357431861  0.00292361199849913
   0.031574114080116  0.00037175028645397   0.0078360116552291   0.0003332517831377  0.00742084519368437  0.00285937799799071
   0.031574114080116 0.000365124258591168   0.0077240194533829   0.0005920655575463  0.00741979380453466  0.00285920914838059
  0.0317319846505165 0.000366949879884119   0.0077745939970504   0.0005816299776852    0.007451224042213  0.00279646445746957
  0.0317319846505165 0.000373609037886242   0.0068925438246848     0.00031453439861   0.0074521023967036  0.00279662916026682
  0.0318906445737691 0.000375477083075669   0.0077414953018586   0.0003316319716745  0.00749248272468052  0.00273532864265834
  0.0318906445737691 0.000368784629283524   0.0078458049782169   0.0006203192764035  0.00749177890689363  0.00273516797534494
   0.032050097796638 0.000370628552429936   0.0085840464168541   0.0006225788683854  0.00753969269685707  0.00267528386384873
   0.032050097796638  0.00037735446849104   0.0080776993268568   0.0003300534440819  0.00754022179413978   0.0026754406036782
  0.0322103482856212 0.000379241240833503   0.0078691425011512   0.0003251269215399  0.00759354681165737  0.00261693017268239
  0.0322103482856212 0.000372481695192102   0.0091702876674401   0.0006604104992412  0.00759319129841045  0.00261677725555382
  0.0323714000270493 0.000374344103668068   0.0077493128996536   0.0006144914053015  0.00765050578154031  0.00255961422446526
  0.0323714000270493 0.000381137447037665    0.007913669455282   0.0003172057645506  0.00765069015935037  0.00255976342056696
  0.0325332570271845 0.000383043134272866   0.0073520932330259   0.0002986548809318  0.00770990294643667  0.00250390733146134
  0.0325332570271845 0.000376215824186412   0.0091158632864125   0.0006524234570897  0.00770988596163382   0.0025037617577176
  0.0326959233123204 0.000378096903307346   0.0081528291401087   0.0006476778651497  0.00776961382222982  0.00244918772822984
  0.0326959233123204 0.000384958349944204    0.008207688187496   0.0003217559465994   0.0077694684218963   0.0024493297753793
   0.032859402928882 0.000386883141693928   0.0087536282600843   0.0003297488319618  0.00782771514361082  0.00239599948179138
   0.032859402928882 0.000379987387823864   0.0087813522742963    0.000616499363257  0.00782801669410847  0.00239586086828158
  0.0330236999435264 0.000381887324762972   0.0087218747137689   0.0006342504794542  0.00788348008707349  0.00234375074397535
  0.0330236999435264  0.00038881755740242   0.0085688774976689   0.0003133219844187  0.00788302980039897  0.00234388601408363
  0.0331888184432441 0.000390761645189427   0.0079408692089853   0.0003012172225004   0.0079338695850768  0.00229295974486903
  0.0331888184432441 0.000383796761386794   0.0088184735890601     0.00065389182104  0.00793446007249367  0.00229282773055148
  0.0333547625354603 0.000385715745193758   0.0074807406375386   0.0006176980155112   0.0079794951170234  0.00224306298852382
  0.0333547625354603 0.000392715453415372   0.0081252597385663   0.0003030770529613  0.00797877401902056  0.00224319183211993
  0.0335215363481376 0.000394679030682463   0.0085001557986233   0.0003083985171014  0.00801637613167647  0.00219455419609015
  0.0335215363481376 0.000387644323919703   0.0097124048655052    0.000681454780414  0.00801721727089015  0.00219442844060502
  0.0336891440298783 0.000389582545539321   0.0090969959796221    0.000648226962923  0.00804636261769598  0.00214689674939256
  0.0336891440298783 0.000396652425835881   0.0085045969485861   0.0002997056115102  0.00804541290201883  0.00214701949699799
  0.0338575897500276 0.000391530458267006   0.0079674259988111   0.0006140966758826  0.00806578089681658  0.00210044129578692
  0.0338575897500276 0.000398635687965053   0.0086556371656477   0.0003060708128138  0.00806473487309302  0.00210056111344149
  0.0340268776987778 0.000400628866404883   0.0082977666143771   0.0002910269482611  0.00807331485547808  0.00205515312151888
  0.0340268776987778 0.000393488110558344   0.0087973644890445   0.0006167109317703  0.00807444421418058  0.00205503615811481
  0.0341970120872717 0.000395455551111125   0.0080111345328266   0.0006235816522706  0.00807145476247061  0.00201065609193209
  0.0341970120872717   0.0004026320107369   0.0082321887070575   0.0002865200098858   0.0080702556407628  0.00201077027462885
   0.034367997147708 0.000404645170790573   0.0087938059314139   0.0002944646089928  0.00805479665194873  0.00196738798392496
   0.034367997147708 0.000397432828866667   0.0086489261215758   0.0006257572831196  0.00805605147760711  0.00196727651048081
  0.0345398371334466 0.000399419993010998   0.0073504756830065   0.0006005817307575  0.00802761556476251  0.00192487346577696
  0.0345398371334466 0.000406668396644544   0.0081366785056681   0.0002795274845193  0.00802631946408119    0.001924982299401
  0.0347125363191138 0.000401417092976093   0.0098495898504786   0.0007307469376855  0.00798567483412006  0.00188342363030628
  0.0347125363191138 0.000408701738627771   0.0088357095473523   0.0002896275290596  0.00798435213537766  0.00188352989158441
  0.0348860990007094 0.000410745247320892   0.0083880980361426   0.0002765744340855  0.00792857229668638  0.00184300803381527
  0.0348860990007094 0.000403424178440934    0.007640039364984   0.0006445740952714  0.00792990679415402  0.00184290427930553
  0.0350605294957129 0.000405441299333163   0.0066108735375353   0.0005710302666375  0.00786014045838429  0.00180329327360895
  0.0350605294957129 0.000412798973557495   0.0083529534714232   0.0002754277068937  0.00785880895528642  0.00180339458509058
  0.0352358321431915 0.000414862968425265   0.0079729917536127   0.0002671869800403  0.00777504297784916    0.001764667973453
  0.0352358321431915 0.000407468505829809   0.0085738415432506   0.0006335786791092  0.00777635683036639  0.00176456904303902
  0.0354120113039074 0.000416937283267389   0.0082720450217922   0.0002704099304373  0.00767740622683764  0.00172680717990509
  0.0355890713604269 0.000419021969683737   0.0078474639060034   0.0002577829167996  0.00756617933473087  0.00168979172283009
  0.0357670167172291 0.000421117079532144   0.0081541652278924   0.0002611610961228  0.00744178811123041  0.00165360164290165
  0.0359458518008152 0.000423222664929809   0.0079422287411893   0.0002561844396433  0.00730479859002072  0.00161821748846524
  0.0361255810598193  0.00042533877825448   0.0069614487307379   0.0002358086421538  0.00715591073369018  0.00158362030137448
  0.0363062089651184 0.000427465472145733   0.0076973218481601   0.0002508158950641  0.00699595082803576  0.00154979160326708
   0.036487740009944 0.000429602799506454    0.007243660728518   0.0002365998934606  0.00682586261009845  0.00151671338226458
  0.0366701787099937 0.000431750813503992   0.0066310275095542   0.0002266677877263  0.00664669718783338   0.0014843680800816
  0.0368535296035436 0.000433909567571507   0.0071372367292564   0.0002305894927771  0.00645960182318544  0.00145273857953046
  0.0370377972515614 0.000436079115409384   0.0064706597061798   0.0002196793200584  0.00626580766438761  0.00142180819240741
  0.0372229862378192 0.000438259510986412   0.0069022027219308   0.0002268689751681  0.00606661652735803   0.0013915606477479
  0.0374091011690083 0.000440450808541359   0.0063428177697192   0.0002140093915609   0.0058633868399479  0.00136198008043777
  0.0375961466748533 0.000442653062584076   0.0061496115756618   0.0002070850484383  0.00565751887628489   0.0013330510201688
  0.0377841274082275 0.000444866327896985   0.0058122667697445   0.0001990778125813  0.00545043942130943  0.00130475838072682
  0.0379730480452687 0.000447090659536476   0.0056885542481385   0.0001957802906638  0.00524358601757896  0.00127708744960113
   0.038162913285495  0.00044932611283414   0.0048474623558238   0.0001744921973682   0.0050383909572393   0.0012500238779048
  0.0383537278519225 0.000451572743398344    0.004786048489317    0.000173615387044  0.00483626519145963  0.00122355367059499
  0.0385454964911821 0.000453830607115329   0.0049692554716172   0.0001750416740174  0.00463858233733417  0.00119766317698395
   0.038738223973638 0.000456099760150913   0.0045777162610362   0.0001680971604369  0.00444666296798443  0.00117233908153052
  0.0389319150935062 0.000458380258951635   0.0048409379188723   0.0001733478099786  0.00426175937512034  0.00114756839490334
  0.0391265746689737 0.000460672160246412   0.0041280192658072   0.0001567243782228  0.00408504099439339  0.00112333844530663
  0.0393222075423186 0.000462975521047643   0.0037962756020704   0.0001483430667996  0.00391758068231443  0.00109963687005997
  0.0395188185800302 0.000465290398652866   0.0037336554501366   0.0001443967913018  0.00376034202915777  0.00107645160742397
  0.0397164126729303 0.000467616850646157   0.0037475464445374    0.000143463653921  0.00361416788502117  0.00105377088866366
   0.039914994736295 0.000469954934899363   0.0038045822174268   0.0001459496183841  0.00347977026601305  0.00103158323034203
  0.0401145697099764 0.000472304709573885    0.003412967310158   0.0001345421036095  0.00335772179439622  0.00100987742683646
  0.0403151425585263 0.000474666233121741   0.0031517572757637   0.0001284327030074   0.0032484488105007 0.000988642543070443
  0.0405167182713189 0.000477039564287346   0.0031551507973584   0.0001295597128166  0.00315222627547001  0.00096786790745439
  0.0407193018626755  0.00047942476210879   0.0032175511588843   0.0001266699976883  0.00306917456260902 0.000947543105028199
  0.0409228983719889 0.000481821885919321   0.0028534274167017   0.0001205874989353  0.00299925821153432 0.000927657970799674
  0.0411275128638489 0.000484230995348917   0.0029962876213282   0.0001209057592622  0.00294228669379315 0.000908202583272358
  0.0413331504281681  0.00048665215032569   0.0029559581720803   0.0001190663387983  0.00289791721149316 0.000889167258156929
  0.0415398161803089 0.000489085411077282   0.0030390125532842   0.0001210874020255  0.00286565952218012 0.000870542542260306
  0.0417475152612105 0.000491530838132696   0.0030108847317723   0.0001173705859095  0.00284488275416386 0.000852319207547037
  0.0419562528375165 0.000493988492323355   0.0028797662628118   0.0001153157591008  0.00283482414719363 0.000834488245367527
  0.0421660341017041 0.000496458434784968   0.0030968110254239   0.0001183833504442  0.00283459962431043 0.000817040860847871
  0.0423768642722126 0.000498940726958896   0.0029180245290532   0.0001130051785533  0.00284321607234184 0.000799968467436466
  0.0425887485935737 0.000501435430593673    0.003076963162407   0.0001164403499155  0.00285958518133433 0.000783262681602378
  0.0428016923365415 0.000503942607746667   0.0030183281398244   0.0001146589489718  0.00288253866770334  0.00076691531768097
  0.0430157007982242 0.000506462320785393   0.0030888670892085    0.000114453745085   0.0029108446824555  0.00075091838286212
  0.0432307793022154 0.000508994632389299   0.0030749304272537   0.0001131580876541  0.00294322518490244 0.000735264072316854
  0.0434469331987264 0.000511539605551253   0.0032980738061036   0.0001157283848156   0.0029783740442027 0.000719944764458066
    0.04366416786472 0.000514097303579023   0.0030566371477061   0.0001086740395556  0.00301497561615086 0.000704953016331239
  0.0438824887040437   0.0005166677900969    0.003132590334534   0.0001109965495969  0.00305172353114997 0.000690281559131387
  0.0441019011475639 0.000519251129047389   0.0030396155554814   0.0001070863076489    0.003087339421472 0.000675923293842302
  0.0443224106533017 0.000521847384692612   0.0032558294661661   0.0001099503534857  0.00312059131190034 0.000661871286994398
  0.0445440227065682 0.000524456621616093   0.0033542050972761   0.0001110726276681  0.00315031139777704 0.000648118766537756
   0.044766742820101 0.000527078904724161   0.0032256246389088   0.0001097042395844  0.00317541293842178 0.000634659117826814
  0.0449905765342015 0.000529714299247813   0.0034261360781168   0.0001121607592526   0.0031949060018755 0.000621485879713407
  0.0452155294168725 0.000532362870744034   0.0034212363727415   0.0001096106516405  0.00320791180893726 0.000608592740744992
  0.0454416070639569 0.000535024685097749   0.0033252470680311   0.0001076112305016  0.00321367544045268   0.0005959735354649
  0.0456688150992767 0.000537699808523227   0.0033807328918999   0.0001081631857897  0.00321157669168116 0.000583622240811651
   0.045897159174773  0.00054038830756586   0.0033646418930379   0.0001057699897915  0.00320113888118049 0.000571532972614389
  0.0461266449706469 0.000543090249103694   0.0033297452911193   0.0001061103364438  0.00318203544882416 0.000559699982181652
  0.0463572781955001 0.000545805700349215   0.0034264330718729   0.0001066928921772  0.00315409420808501 0.000548117652980773
  0.0465890645864776 0.000548534728850955   0.0031249325250363    9.89667974874e-05  0.00311729915130736 0.000536780497405212
    0.04682200990941 0.000551277402495202   0.0030179768330302    9.65680172832e-05  0.00307178974302413 0.000525683153627342
   0.047056119958957 0.000554033789507686   0.0032410921859331    9.92019421932e-05  0.00301785767507182 0.000514820382534182
  0.0472914005587518 0.000556803958455202   0.0031163325637009    9.81891263276e-05  0.00295594109786855 0.000504187064743673
  0.0475278575615456 0.000559587978247516   0.0028717804523302    9.26871877163e-05  0.00288661638423498 0.000493778197699249
  0.0477654968493533 0.000562385918138726   0.0028315179194678    9.19608000406e-05  0.00281058752496816 0.000483588892840377
  0.0480043243336001 0.000565197847729427   0.0027682806989112    8.97025194684e-05  0.00272867329837019 0.000473614372846945
  0.0482443459552681 0.000568023836968068   0.0026613892194256    8.64607501282e-05  0.00264179239835957  0.00046384996895541
  0.0484855676850444 0.000570863956152909   0.0027974550231544    9.02256713105e-05  0.00255094674686309 0.000454291118344615
  0.0487279955234696 0.000573718275933673   0.0025755294940925    8.53465540938e-05  0.00245720325505739 0.000444933361589352
   0.048971635501087 0.000576586867313333   0.0022787348946726    7.93292671677e-05  0.00236167433381538 0.000435772340179731
  0.0492164936785924 0.000579469801649936   0.0023265908163672    8.12463885258e-05  0.00226549748550757 0.000426803794104536
  0.0494625761469853 0.000582367150658174   0.0022297451320127    8.21249344333e-05  0.00216981433620498 0.000418023559496703
  0.0497098890277203 0.000585278986411465   0.0021771787230775     8.0125865502e-05  0.00207574948845195 0.000409427566339264
  0.0499584384728589 0.000588205381343524   0.0020293599291868    7.28531297846e-05   0.0019843895892994 0.000401011836230037
  0.0502082306652232 0.000591146408250233   0.0019875227901992    7.14694307256e-05  0.00189676301548056 0.000392772480203382
  0.0504592718185493 0.000594102140291465   0.0018262829527637    6.79600609812e-05  0.00181382057686372 0.000384705696607517
   0.050711568177642 0.000597072650992951   0.0018045925689113    6.72253184752e-05  0.00173641763016666 0.000376807769035802
  0.0509651260185302 0.000600058014247898    0.001775175670585    6.73210553612e-05  0.00166529797709645 0.000369075064310515
  0.0512199516486228 0.000603058304319151   0.0016699606475288    6.34391098186e-05   0.0016010798945154 0.000361504030517688
   0.051476051406866 0.000606073595840722   0.0015987882878437    6.18577034393e-05  0.00154424460909048 0.000354091195091574
  0.0517334316639003 0.000609103963819957   0.0015777755356192    6.17664280594e-05   0.0014951274855607 0.000346833162947427
  0.0519920988222198 0.000612149483639023   0.0015490801318628    6.02862023708e-05  0.00145391214689515  0.00033972661466121
  0.0522520593163309  0.00061521023105724   0.0015002189461809    5.87685330043e-05  0.00142062768710085 0.000332768304695034
  0.0525133196129125 0.000618286282212527   0.0014367152270608    5.74392170568e-05   0.0013951490743755  0.00032595505966702
  0.0527758862109771 0.000621377713623567   0.0013960700433812    5.68008930013e-05   0.0013772007750003 0.000319283776664403
   0.053039765642032  0.00062448460219172   0.0013935489707755    5.63528665947e-05  0.00136636355830748 0.000312751421598731
  0.0533049644702421 0.000627607025202675    0.001468884406452    5.81235489392e-05  0.00136208437185079 0.000306355027601978
  0.0535714892925933 0.000630745060328662   0.0014717036342308    5.84553528749e-05  0.00136368910525503 0.000300091693462502
  0.0538393467390563 0.000633898785630318   0.0013284069679712    5.73369549566e-05  0.00137039799286598 0.000293958582099788
  0.0541085434727516 0.000637068279558471    0.001416714350525    5.79263364601e-05  0.00138134334100124 0.000287952919076904
  0.0543790861901153 0.000640253620956263   0.0014393626448364      5.536447726e-05  0.00139558920699704 0.000282071991149693
  0.0546509816210659 0.000643454889061062   0.0015734841232479    5.75026119509e-05  0.00141215260593492 0.000276313144851698
  0.0549242365291712  0.00064667216350637   0.0014662828481063    5.46617377484e-05  0.00143002577835267 0.000270673785113906
  0.0551988577118171 0.000649905524323864   0.0014659467081988    5.37959316677e-05  0.00144819901965074 0.000265151373918342
  0.0554748520003761  0.00065315505194552   0.0014764272730898    5.46039575865e-05  0.00146568355034028 0.000259743428984671
   0.055752226260378 0.000656420827205223   0.0014490069515657    5.31947046851e-05  0.00148153389654762 0.000254447522488869
  0.0560309873916799 0.000659702931341274   0.0014716557094808    5.32807036761e-05  0.00149486925283568 0.000249261279813208
  0.0563111423286383 0.000663001445997962   0.0016864682773475    5.70901042751e-05  0.00150489331470265 0.000244182378326644
  0.0565926980402815 0.000666316453227941   0.0016639707541109    5.69427511493e-05  0.00151091209606166 0.000239208546194872
  0.0568756615304829 0.000669648035494098   0.0015618186703862    5.60342916661e-05  0.00151234928730241 0.000234337561219252
  0.0571600398381353  0.00067299627567155   0.0015594632789027    5.52816110386e-05  0.00150875876160409 0.000229567249703845
  0.0574458400373259 0.000676361257049936   0.0016378666435281    5.60218470502e-05  0.00149983390014561 0.000224895485349852
  0.0577330692375126 0.000679743063335159    0.001526872233227    5.44290284269e-05  0.00148541347959844  0.00022032018817671
  0.0580217345837001 0.000683141778651847   0.0014457727386547    5.26008206172e-05  0.00146548394637171 0.000215839323469205
  0.0583118432566186 0.000686557487545096   0.0014882451381818    5.29831874229e-05  0.00144017798983329 0.000211450900749866
  0.0586034024729017 0.000689990274982845    0.001417504101029    5.12774017997e-05  0.00140976941923208 0.000207152972776049
  0.0588964194852662  0.00069344022635775   0.0014199381624386     5.1431414395e-05  0.00137466444415613 0.000202943634561036
  0.0591909015826925 0.000696907427489512   0.0014320171886233    5.09789954372e-05  0.00133538955374646 0.000198821022418553
   0.059486856090606 0.000700391964626964   0.0012837130238763    4.83487626572e-05  0.00129257628306589 0.000194783313030095
   0.059784290371059 0.000703893924450106   0.0013449274240511    4.96118689193e-05  0.00124694324341416  0.00019082872253449
  0.0600832118229143 0.000707413394072357   0.0012897153346801    4.85905417599e-05  0.00119927587436044 0.000186955505639112
  0.0603836278820289 0.000710950461042718   0.0013135292640981    4.87400402012e-05   0.0011504044462448 0.000183161954752223
   0.060685546021439 0.000714505213347941   0.0011864786564613     4.5736405896e-05  0.00110118090039966 0.000179446399135878
  0.0609889737515462 0.000718077739414692   0.0010452327445326    4.32539091975e-05  0.00105245515809073  0.00017580720407889
  0.0612939186203039 0.000721668128111762   0.0010902414545994    4.37973349137e-05  0.00100505155619504 0.000172242770089346
  0.0616003882134054 0.000725276468752314   0.0009510629867312    4.08473251827e-05 0.000959746076338082 0.000168751532106171
  0.0619083901544725 0.000728902851096051   0.0009922969044664    4.16168232448e-05 0.000917245023504156 0.000165331958729273
  0.0622179321052448  0.00073254736535155    0.000961241236479    4.12581102125e-05 0.000878165779475823 0.000161982551467793
   0.062529021765771 0.000736210102178302   0.0009822638002091    4.13197342968e-05 0.000843020205947788 0.000158701844006009
  0.0628416668745999 0.000739891152689214   0.0008714682856689    3.93656956551e-05 0.000812201202567906 0.000155488401486457
  0.0631558752089729 0.000743590608452654   0.0007843479403576    3.65719843779e-05 0.000785972837949781  0.00015234081980983
  0.0634716545850177 0.000747308561494904   0.0008478647578083    3.83113085621e-05 0.000764464369032636 0.000149257724951243
  0.0637890128579428 0.000751045104302378   0.0007499854217608    3.60339215488e-05  0.00074766834883409 0.000146237772292454
  0.0641079579222325 0.000754800329823907   0.0007607714901234    3.65457063909e-05  0.00073544289802723 0.000143279645969651
  0.0644284977118437 0.000758574331473036   0.0007811915620306    3.69676211289e-05 0.000727518085728082 0.000140382058236407
  0.0647506402004029 0.000762367203130361   0.0007776425799686    3.67282804036e-05 0.000723506233607871 0.000137543748841447
  0.0650743934014049  0.00076617903914603   0.0007869080037967    3.75607958348e-05 0.000722915829356166 0.000134763484420832
  0.0653997653684119 0.000770009934341741   0.0007286259183054     3.7729118019e-05 0.000725168615072948 0.000132040057904242
   0.065726764195254 0.000773859984013461   0.0007052390370748    3.66235680263e-05  0.00072961930769598 0.000129372287934979
  0.0660553980162302 0.000777729283933546   0.0007420148194519    3.71604836576e-05 0.000735577316125113 0.000126759018303372
  0.0663856750063114 0.000781617930353206   0.0006752824158455    3.55621065784e-05   0.0007423297468943 0.000124199117393244
  0.0667176033813429 0.000785526020004968   0.0007594209532504    3.71511938722e-05 0.000749164940083777 0.000121691477641141
  0.0670511913982496 0.000789453650105011   0.0007207761095637    3.58496923472e-05 0.000755395751966558 0.000119235015007977
  0.0673864473552409 0.000793400918355541   0.0007796123583773    3.60956241489e-05 0.000760381802138783 0.000116828668462832
  0.0677233795920171 0.000797367922947304   0.0007708267244802    3.60324118568e-05  0.00076354993120045 0.000114471399478585
  0.0680619964899772 0.000801354762562038   0.0007675642881913    3.54424837016e-05  0.00076441217010612 0.000112162191539085
   0.068402306472427 0.000805361536374862   0.0007523116314516    3.52725984223e-05 0.000762580602820317 0.000109900049657616
  0.0687443180047892  0.00080938834405673   0.0007193979314328    3.45517977268e-05 0.000757778607679395 0.000107683999906339
  0.0690880395948131 0.000813435285776985   0.0007148024614781    3.42930388382e-05  0.00074984808677687 0.000105513088956487
  0.0694334797927871 0.000817502462205902   0.0007234059988528    3.40223738833e-05 0.000738752432826909 0.000103386383629017
  0.0697806471917511   0.0008215899745169   0.0006942607820007    3.34913379938e-05 0.000724575134673446   0.0001013029704555
  0.0701295504277098 0.000825697924389512   0.0008104407093278    3.49654492184e-05 0.000707514080659536 9.92619552489761e-05
  0.0704801981798484 0.000829826414011465   0.0007222118261644    3.32352375958e-05 0.000687871777775673 9.72624626845536e-05
  0.0708325991707476 0.000833975546081486   0.0007243391161575    3.31842945261e-05 0.000666041857934855 9.53036358895119e-05
  0.0711867621666013 0.000838145423811932   0.0006474841219115    3.15620087668e-05 0.000642492384894575 9.33846360426787e-05
  0.0715426959774343 0.000842336150930956    0.000582120598726    2.94642632662e-05 0.000617746600457401 9.15046419828663e-05
  0.0719004094573215 0.000846547831685648     0.00055863999103    2.86556716076e-05 0.000592361851240859 8.96628498261472e-05
  0.0722599115046081 0.000850780570844077   0.0005879996170203    2.95997297303e-05 0.000566907512781003 8.78584725917591e-05
  0.0726212110621311 0.000855034473698259   0.0005375113131598    2.82245450225e-05 0.000541942772183163 8.60907398364345e-05
  0.0729843171174418 0.000859309646066752    0.000537163292308    2.78760712953e-05 0.000517995141232827 8.43588972969557e-05
   0.073349238703029 0.000863606194297113   0.0005194093852104    2.72616214788e-05 0.000495540547405751 8.26622065407421e-05
  0.0737159848965441 0.000867924225268577   0.0005082987741235    2.71271667993e-05 0.000474985790589151 8.09999446242749e-05
  0.0740845648210268 0.000872263846394947   0.0004758833644863    2.66229817134e-05 0.000456654060093811 7.93714037591793e-05
  0.0744549876451319 0.000876625165626921   0.0004335053240384    2.49089843738e-05 0.000440774082790265 7.77758909857826e-05
  0.0748272625833576 0.000881008291455032   0.0004678026313866    2.56179528016e-05 0.000427473323514104 7.62127278539698e-05
  0.0752013988962744 0.000885413332912314   0.0004146105725712    2.45715742244e-05 0.000416775489168373 7.46812501111693e-05
  0.0755774058907557 0.000889840399576858   0.0004474335651472    2.52740138191e-05 0.000408602405239964 7.31808073972975e-05
  0.0759552929202095 0.000894289601574777   0.0004008340031335    2.36072389059e-05 0.000402780145609775 7.17107629465009e-05
  0.0763350693848105 0.000898761049582633   0.0004268250811922    2.44616676946e-05   0.0003990491119267 7.02704932955405e-05
  0.0767167447317346 0.000903254854830531    0.000407448707129    2.38067934107e-05  0.00039707758588499 6.88593879986547e-05
  0.0771003284553933 0.000907771129104713   0.0004044180801489    2.36230437433e-05 0.000396478124632466 6.74768493487602e-05
  0.0774858300976702 0.000912309984750234   0.0003879345951417    2.30406412427e-05 0.000396826043661645 6.61222921048341e-05
  0.0778732592481586  0.00091687153467397   0.0004346175255424    2.45984448678e-05 0.000397679139207558 6.47951432253386e-05
  0.0782626255443993 0.000921455892347346   0.0003857776601357    2.28819455833e-05 0.000398597748254621 6.34948416075492e-05
  0.0786539386721213 0.000926063171809087   0.0004129668080148    2.32891875885e-05 0.000399164231870013 6.22208378326428e-05
  0.0790472083654819  0.00093069348766811   0.0003626223746921    2.24651962346e-05 0.000399000997929725 6.09725939164213e-05
  0.0794424444073093 0.000935346955106454   0.0003957885282912    2.32131734267e-05 0.000397786251539122 5.97495830655335e-05
  0.0798396566293459 0.000940023689881996    0.000389985760521    2.32346098046e-05 0.000395266772667003 5.85512894390709e-05
  0.0802388549124926 0.000944723808331422   0.0004226559023551    2.41123982405e-05 0.000391267165832019 5.73772079154155e-05
  0.0806400491870551 0.000949447427373079   0.0003583446907822    2.17892257382e-05 0.000385695199435506 5.62268438642133e-05
  0.0810432494329903 0.000954194664509936   0.0003660040581926     2.1881740314e-05 0.000378543044347583 5.50997129233633e-05
  0.0814484656801553 0.000958965637832484   0.0003808363176632    2.25628952229e-05 0.000369884423298104 5.39953407808978e-05
   0.081855708008556 0.000963760466021656   0.0003600262922099    2.21547215654e-05 0.000359867884462716 5.29132629616526e-05
   0.081855708008556 0.000960480219627389   0.0003263665819028     1.7862448649e-05 0.000359888796947184 5.29127771950954e-05
  0.0822649865485988  0.00096528262072552   0.0003114486485697     1.6923778546e-05 0.000348722496640336 5.18525487426309e-05
  0.0822649865485988 0.000968579268351762    0.000329976250756    2.09915526551e-05  0.00034870660410416 5.18530246186052e-05
  0.0826763114813418 0.000973422164693503   0.0003392724038613    2.09383678146e-05 0.000336665294268369 5.08141803287861e-05
  0.0826763114813418 0.000970109033829172   0.0003172678153407    1.74576010117e-05  0.00033667549460171 5.08137141390678e-05
  0.0830896930387485 0.000974959578998302   0.0003611392602734    1.84225436841e-05  0.00032404908297892 4.97958371901706e-05
  0.0830896930387485 0.000978289275516985   0.0003184801722423    2.05488057139e-05 0.000324044933214433 4.97962938936495e-05
  0.0835051415039422 0.000979834376893291   0.0003142017572698    1.67843856413e-05   0.0003111642037399 4.87984907307685e-05
  0.0835051415039422 0.000983180721894565   0.0003071737028427     2.0344902881e-05 0.000311166140699362 4.87989381438079e-05
  0.0839226672114619 0.000988096625504034   0.0003029061556418    1.99791840388e-05 0.000298352081484802 4.78216947480271e-05
  0.0839226672114619 0.000984733548777749   0.0002848355134525    1.62800504673e-05 0.000298344335291207 4.78212564337523e-05
  0.0843422805475192 0.000989657216521656   0.0002740582140823    1.58807790888e-05 0.000285898805655684 4.68637246232384e-05
  0.0843422805475192  0.00099303710863155   0.0002773418610034    1.92176758369e-05 0.000285911794741582 4.68641540263875e-05
  0.0847639919502568 0.000994605502604246   0.0002562642788629    1.46992758788e-05 0.000274107396896363 4.59254940918017e-05
  0.0847639919502568 0.000998002294174692   0.0002716256582581    1.87834252084e-05 0.000274124813161447 4.59259147675157e-05
  0.0851878119100081 0.000999578530117282   0.0002684290413761    1.58926822293e-05 0.000263207024780364 4.50061719216873e-05
  0.0851878119100081  0.00100299230564561   0.0002667872275714    1.86454818213e-05 0.000263227854970257 4.50065840497943e-05
  0.0856137509695581   0.0010080072671738    0.000251616399309    1.79990228441e-05 0.000253404248772918 4.41057770664591e-05
  0.0856137509695581  0.00100457642276786   0.0002689441181608    1.53656618754e-05 0.000253381154287262 4.41053733099107e-05
  0.0860418197244059   0.0010095993048817   0.0002339268554035    1.36111328407e-05 0.000244752452109022 4.32227213971563e-05
  0.0860418197244059  0.00101304730350968   0.0002459860851668    1.81283000203e-05 0.000244776591869742 4.32231169544972e-05
  0.0864720288230279  0.00101811254002722   0.0002386140070031    1.71847461774e-05 0.000237402956197958  4.2358234627259e-05
  0.0864720288230279  0.00101464730140611    0.000242942145338    1.39388775641e-05 0.000237378990603391 4.23578471003925e-05
  0.0869043889671431  0.00101972053791316   0.0002023752366383    1.28455591564e-05 0.000231254114336865 4.15103889491143e-05
  0.0869043889671431  0.00102320310272735   0.0002342879379023    1.71335946214e-05 0.000231276752947258    4.15107686107e-05
  0.0873389109119788  0.00102481914060272   0.0002033195191376    1.19085515638e-05 0.000226309872128222 4.06799929251371e-05
  0.0873389109119788  0.00102831911824102   0.0002403886251413    1.73274030545e-05 0.000226330158902337 4.06803648831719e-05
  0.0877756054665386  0.00102994323630573   0.0001824231835328     1.1591626116e-05 0.000222423716582217 3.98663123058561e-05
  0.0877756054665386  0.00103346071383219   0.0002365733961647    1.79635993252e-05 0.000222440806867826 3.98666767186813e-05
  0.0882144834938713  0.00103862801740136   0.0001916174597638    1.60498679778e-05 0.000219441261038769 3.90693645335388e-05
  0.0882144834938713  0.00103509295248726   0.0002303933983639    1.33244709456e-05 0.000219427991406634 3.90690075108979e-05
  0.0886555559113407  0.00104026841724968   0.0001936587947175    1.11120165189e-05 0.000217121575220633 3.82877459520865e-05
  0.0886555559113407  0.00104382115748837   0.0002349138223086    1.70538319665e-05 0.000217130646765734 3.82880957363238e-05
  0.0890988336908974  0.00104546975933592   0.0001804137079883    1.13069921747e-05  0.00021528293823239 3.75222018866479e-05
  0.0890988336908974   0.0010490402632758   0.0002321610347172     1.7617878045e-05 0.000215287691960548 3.75225445810873e-05
  0.0895443278593518  0.00105428546459219   0.0002427417430355    1.78671751251e-05 0.000213684371174634 3.67723920237233e-05
  0.0895443278593518  0.00105069710813261   0.0001929710389511    1.15411173055e-05 0.000213683801876574 3.67720562735827e-05
  0.0899920494986486  0.00105955689191516   0.0002307857013204    1.73992587448e-05  0.00021209932710571 3.60373255814351e-05
  0.0899920494986486  0.00105595059367329   0.0002048376334571    1.19176563395e-05 0.000212102575211528 3.60369966331344e-05
  0.0904420097461418  0.00106123034664166   0.0001925158319736     1.1714371662e-05 0.000210336776401411 3.53167169092859e-05
  0.0904420097461418  0.00106485467637473   0.0002341921629501    1.74620830032e-05 0.000210330278767653 3.53170391952306e-05
  0.0908942197948725  0.00106653649837486   0.0001981453736592    1.21154115281e-05  0.00020821373053277 3.46109173352138e-05
  0.0908942197948725   0.0010701789497566   0.0002016389185213    1.62397512542e-05 0.000208204708377446 3.46112330953751e-05
  0.0913486908938469  0.00107186918086671   0.0001757403766876    1.07027115517e-05  0.00020559896079442  3.3919304301637e-05
  0.0913486908938469  0.00107552984450539   0.0002328063675736    1.75521575238e-05 0.000205588244634761 3.39196136697389e-05
  0.0918054343483161   0.0010809074937279   0.0001910501756387    1.60604746679e-05 0.000202390320155296 3.32418933349726e-05
  0.0918054343483161  0.00107722852677108   0.0001774601101488    1.00881895099e-05  0.00020240185033566 3.32415902279946e-05
  0.0922644615200577  0.00108261466940493   0.0001881117386061    1.05670238987e-05 0.000198578336274395 3.25774934363878e-05
  0.0922644615200577  0.00108631203119656   0.0002050138783561    1.69583123815e-05 0.000198566864744818 3.25777904104493e-05
  0.0927257838276579  0.00109174359135253   0.0002079825985279    1.69853115629e-05 0.000194119991740768 3.19270289949104e-05
  0.0927257838276579  0.00108802774275193    0.000177305948112    1.03956866194e-05 0.000194130593112099 3.19267380282284e-05
  0.0931894127467962  0.00109346788146569   0.0001802599999833    1.02040766613e-05 0.000189103857188403 3.12890537635293e-05
  0.0931894127467962   0.0010972023093093   0.0001885267176797    1.66236064264e-05 0.000189094828780375 3.12893388457558e-05
  0.0936553598105302  0.00109893522087304   0.0001688570697589     9.7381039039e-06 0.000183580723820627 3.06641759427827e-05
  0.0936553598105302  0.00110268832085584   0.0001765434730939    1.62004599679e-05 0.000183573824141674 3.06644552609201e-05
  0.0941236366095829  0.00110442989697741    0.000158596863358     9.1405281596e-06  0.00017767340245054  3.0051845291365e-05
  0.0941236366095829  0.00110820176246013   0.0002244757052747     1.7292317944e-05 0.000177669013290206 3.00521189632765e-05
  0.0945942547926308  0.00110995204646229   0.0001590923583889     9.3515151763e-06  0.00017151453232011 2.94518078464141e-05
  0.0950672260665939  0.00111550180669461   0.0001546311462435     8.8480397695e-06  0.00016524723434751 2.88638148461248e-05
  0.0955425621969268  0.00112107931572807   0.0001545062319661     8.9405441986e-06 0.000159015099541508 2.82876226214075e-05
  0.0960202750079115  0.00112668471230671   0.0001508558055871     9.0729400775e-06  0.00015295278953744 2.77229924898592e-05
   0.096500376382951  0.00113231813586824   0.0001394584119502     8.2103680927e-06 0.000147177853316208 2.71696906519959e-05
  0.0969828782648658   0.0011379797265476   0.0001465029123833     8.2010211406e-06 0.000141784251959358 2.66274880896943e-05
  0.0974677926561901  0.00114366962518034   0.0001139181355228     7.4221474425e-06 0.000136837939467356 2.60961604667983e-05
   0.097955131619471  0.00114938797330624   0.0001163259676152      7.384401268e-06  0.00013237468360387 2.55754880318381e-05
  0.0984449072775684  0.00115513491317274   0.0001142272711678     7.3289445277e-06  0.00012840013924171 2.50652555228187e-05
  0.0989371318139562   0.0011609105877386   0.0001165316878803     6.8844243341e-06 0.000124892021021927 2.45652520740319e-05
   0.099431817473026  0.00116671514067732   0.0001181205228004     7.4762656358e-06 0.000121804074916883 2.40752711248453e-05
  0.0999289765603911  0.00117254871638068   0.0001034434874802     6.8841914644e-06 0.000119071430485219  2.3595110330428e-05
   0.100428621443193  0.00117841145996259   0.0001148783060173     7.0310228415e-06 0.000116616835652726 2.31245714743684e-05
   0.100930764550409  0.00118430351726242   0.0001064220571074     6.9448210678e-06 0.000114357238943934  2.2663460383144e-05
   0.101435418373161   0.0011902250348487   0.0001010158982956     6.2830665376e-06 0.000112210191760371 2.22115868424018e-05
   0.101942595465027  0.00119617616002297    8.99332090289e-05     5.7688066577e-06 0.000110099593316814 2.17687645150105e-05
   0.102452308442352   0.0012021570408231    9.45875812479e-05     6.2562207028e-06 0.000107960387414733 2.13348108608454e-05
   0.102964569984564  0.00120816782602718     9.3232593076e-05     6.0363381266e-06 0.000105741934537605 2.09095470582689e-05
   0.103479392834486  0.00121420866515732    9.79737318715e-05     6.0868990892e-06 0.000103409913764282 2.04927979272685e-05
   0.103996789798659   0.0012202797084831    8.92097797143e-05     5.9777674739e-06 0.000100946744477924 2.00843918542177e-05
   0.104516773747652  0.00122638110702552    8.33500246714e-05     5.5209052342e-06 9.83506454870835e-05 1.96841607182236e-05
    0.10503935761639  0.00123251301256068    8.64558194278e-05     5.4379754816e-06 9.56335577263739e-05 1.92919398190269e-05
   0.105564554404472  0.00123867557762348    7.80078150804e-05       5.28250481e-06 9.28182370328785e-05 1.89075678064208e-05
   0.106092377176495  0.00124486895551159    8.04669745119e-05      5.254286976e-06 8.99348694295197e-05 1.85308866111558e-05
   0.106622839062377  0.00125109330028913    8.46860931915e-05     5.4003540818e-06 8.70175702425892e-05 1.81617413772985e-05
   0.107155953257689  0.00125734876679057    6.68924326683e-05     4.6939427745e-06  8.4101101337266e-05 1.77999803960119e-05
   0.107691733023977  0.00126363551062454    7.16574800451e-05     4.9104083125e-06 8.12180824595457e-05 1.74454550407287e-05
   0.108230191689097  0.00126995368817766    6.72291348775e-05     4.7500098748e-06 7.83968908751345e-05 1.70980197036844e-05
   0.108771342647543  0.00127630345661856    6.32150806553e-05     4.5867528288e-06 7.56603481612087e-05 1.67575317337839e-05
   0.109315199360781  0.00128268497390166    6.40287863828e-05     4.5580800911e-06  7.3025195230735e-05 1.64238513757707e-05
   0.109861775357584  0.00128909839877117    5.36904638906e-05     4.2448729087e-06 7.05022674619256e-05 1.60968417106718e-05
   0.110411084234372  0.00129554389076501    6.25400927089e-05     4.2760202583e-06 6.80972108784623e-05 1.57763685974903e-05
   0.110963139655544  0.00130202161021881    5.16782063596e-05     4.1719736094e-06 6.58115350107471e-05 1.54623006161193e-05
   0.111517955353822  0.00130853171826994    4.77332196873e-05     3.8202251242e-06 6.36437824938423e-05 1.51545090114498e-05
   0.112075545130591  0.00131507437686127    5.93187360203e-05     4.1366196306e-06 6.15906100866848e-05  1.4852867638649e-05
   0.112635922856244  0.00132164974874556    5.70655945677e-05     4.1069134082e-06 5.96476173824837e-05 1.45572529095814e-05
   0.113199102470525   0.0013282579974893    4.46312292626e-05     3.6517126856e-06 5.78098214594967e-05 1.42675437403507e-05
   0.113765097982878  0.00133489928747677     4.6544436447e-05     3.8606987549e-06 5.60717490156407e-05 1.39836214999354e-05
   0.114333923472792  0.00134157378391414    3.54525208067e-05     3.5263154542e-06 5.44271916645992e-05 1.37053699598987e-05
   0.114905593090156  0.00134828165283372    4.37660518323e-05     3.5570456903e-06 5.28687344911617e-05 1.34326752451456e-05
   0.115480121055607  0.00135502306109788    4.38331399641e-05     3.4539084103e-06 5.13872133957984e-05 1.31654257857081e-05
   0.116057521660885  0.00136179817640335     4.4144081216e-05     3.3132745526e-06 4.99712764443395e-05 1.29035122695342e-05
   0.116637809269189  0.00136860716728539    3.95989966209e-05      3.142758748e-06 4.86072150849143e-05 1.26468275962611e-05
   0.117220998315535  0.00137545020312183    3.54106529692e-05     3.2145226607e-06 4.72791934069026e-05 1.23952668319496e-05
   0.117807103307113  0.00138232745413741    4.13691538906e-05     3.2856568401e-06 4.59699423305681e-05 1.21487271647621e-05
   0.118396138823648  0.00138923909140811    3.47652089083e-05      3.157125868e-06 4.46619089948429e-05 1.19071078615603e-05
   0.118988119517767  0.00139618528686514    3.30768259448e-05     3.0433421933e-06 4.33387704545841e-05 1.16703102254069e-05
   0.119583060115355  0.00140316621329949    3.21074306137e-05     2.8574349319e-06 4.19871470664715e-05 1.14382375539491e-05
   0.120180975415932  0.00141018204436599    3.12194654866e-05     2.8863412712e-06 4.05982961509003e-05 1.12107950986668e-05
   0.120781880293012  0.00141723295458781    3.13490140721e-05      2.816974417e-06 3.91695401153687e-05 1.09878900249666e-05
   0.121385789694477  0.00142431911936072    2.78757168525e-05     2.6243944583e-06 3.77051911663942e-05  1.0769431373104e-05
   0.121992718642949  0.00143144071495754     3.2223703237e-05     2.8415188716e-06 3.62167784479511e-05  1.0555330019915e-05
   0.122602682236164  0.00143859791853231    3.04022849198e-05     2.5752071916e-06 3.47224593549013e-05 1.03454986413421e-05
   0.123215695647345  0.00144579090812501    2.81429600576e-05     2.6092582029e-06 3.32455965064888e-05 1.01398516757357e-05
   0.123831774125582  0.00145301986266561    2.62691427592e-05      2.468724921e-06  3.1812593119503e-05 9.93830528791595e-06
    0.12445093299621  0.00146028496197894    2.40105299554e-05     2.4265277814e-06 3.04501875192975e-05 9.74077733397824e-06
    0.12507318766119  0.00146758638678883    2.16404460505e-05     2.3284525209e-06 2.91824969354789e-05   9.547187326827e-06
   0.125698553599496  0.00147492431872276    2.36755112551e-05     2.3480616234e-06 2.80281577605294e-05 9.35745640242202e-06
   0.126327046367494  0.00148229894031639     2.0173586368e-05     2.2039692332e-06 2.69979238917839e-05 9.17150728672266e-06
   0.126958681599331  0.00148971043501796    2.29231886662e-05     2.3552804696e-06 2.60930516544676e-05 8.98926426331493e-06
   0.127593475007328  0.00149715898719308    1.93268086165e-05      2.214278037e-06  2.5304720413653e-05 8.81065314170711e-06
   0.128231442382365  0.00150464478212904    1.58804263909e-05      2.026387357e-06 2.46146201214717e-05 8.63560122627994e-06
   0.128872599594276  0.00151216800603966    1.92631910523e-05     2.1008235826e-06 2.39966943316982e-05 8.46403728587759e-06
   0.129516962592248  0.00151972884606989    2.19116692667e-05     2.1707782402e-06 2.34198775517334e-05 8.29589152402558e-06
   0.130164547405209  0.00152732749030021    1.67399439465e-05     2.0763077581e-06 2.28515291425115e-05 8.13109554976288e-06
   0.130815370142235  0.00153496412775172    1.86652564199e-05     2.0298976722e-06 2.22611616456563e-05 7.96958234907534e-06
   0.131469446992946  0.00154263894839049    1.73162754603e-05     1.9328811802e-06 2.16240053675694e-05 7.81128625691701e-06
   0.132126794227911  0.00155035214313244    1.75161157203e-05     1.8748582638e-06 2.09239534257028e-05 7.65614292980825e-06
   0.132787428199051  0.00155810390384811    1.49999540353e-05     1.8201774299e-06 2.01554948395086e-05 7.50408931899736e-06
   0.133451365340046  0.00156589442336735    1.60761518868e-05     1.9479101159e-06 1.93243618539815e-05 7.35506364417466e-06
   0.134118622166746  0.00157372389548416    1.70274522833e-05     1.8197315717e-06 1.84467777586651e-05 7.20900536772724e-06
    0.13478921527758  0.00158159251496161    1.62081095637e-05     1.8392181199e-06 1.75473727951873e-05 7.06585516952276e-06
   0.135463161353968  0.00158950047753639    1.34878971679e-05     1.7139958891e-06 1.66560142038588e-05 6.92555492221166e-06
   0.136140477160737  0.00159744797992408    1.37712358496e-05     1.7079955958e-06 1.58039472469562e-05 6.78804766703675e-06
   0.136821179546541  0.00160543521982369     1.4394386009e-05     1.8133933809e-06  1.5019745208583e-05 6.65327759013942e-06
   0.137505285444274   0.0016134623959228    1.00547293686e-05     1.5542345604e-06 1.43256020789606e-05 6.52118999935235e-06
   0.138192811871495  0.00162152970790242    1.16256597584e-05     1.5435265579e-06 1.37344647346843e-05 6.39173130146837e-06
   0.138883775930853  0.00162963735644195    1.28974387384e-05     1.6417403176e-06 1.32483948656869e-05 6.26484897997555e-06
   0.139578194810507  0.00163778554322416    1.32994285853e-05     1.6318389367e-06 1.28583876994126e-05 6.14049157324896e-06
   0.140276085784559   0.0016459744709403    1.11020201508e-05     1.5229877467e-06 1.25456763515795e-05 6.01860865318922e-06
   0.140977466213482  0.00165420434329499    1.28518025944e-05     1.5411131434e-06 1.22843447722732e-05 5.89915080429902e-06
   0.141682353544549  0.00166247536501146    1.25076788754e-05     1.5089521761e-06 1.20448880903427e-05 5.78206960318788e-06
   0.142390765312272  0.00167078774183652    1.20901319889e-05     1.5102897634e-06 1.17982237150421e-05 5.66731759849684e-06
   0.143102719138834  0.00167914168054569     7.6270363028e-06     1.3208013023e-06 1.15195904642291e-05 5.55484829123396e-06
   0.143818232734528  0.00168753738894841    1.08382069413e-05     1.4648832154e-06 1.11917872080609e-05 5.44461611551205e-06
     0.1445373238982  0.00169597507589316     9.4669871458e-06     1.4351616041e-06 1.08072963786223e-05 5.33657641968063e-06
   0.145260010517691  0.00170445495127261     7.9699878937e-06     1.3526728462e-06 1.03689986588316e-05 5.23068544784345e-06
    0.14598631057028    0.001712977226029     8.8373987134e-06     1.3315801457e-06 9.88939036564685e-06   5.126900321754e-06
   0.146716242123131  0.00172154211215915     9.8534369602e-06     1.2546342904e-06 9.38843448323464e-06 5.02517902308076e-06
   0.147449823333747  0.00173014982271992     5.9116719487e-06     1.2553240646e-06 8.89037723331385e-06  4.9254803760349e-06
   0.148187072450416  0.00173880057183355     6.7573027164e-06     1.2086624621e-06 8.42001395089998e-06 4.82776403035256e-06
   0.148928007812668   0.0017474945746927     7.5572702385e-06      1.243994699e-06 7.99896729576042e-06 4.73199044462464e-06
   0.149672647851731  0.00175623204756616      5.714090533e-06     1.2403380966e-06 7.64253469935009e-06 4.63812086996667e-06
    0.15042101109099  0.00176501320780399     6.3340034503e-06     1.1648638846e-06 7.35757068404814e-06 4.54611733402196e-06
   0.151173116146444  0.00177383827384301     6.1972298579e-06     1.2576579145e-06 7.14170683601925e-06 4.45594262529078e-06
   0.151928981727177  0.00178270746521223      8.095290852e-06     1.1547997104e-06 6.98400272912977e-06 4.36756027777927e-06
   0.152688626635813   0.0017916210025383     8.2108792518e-06     1.2125180925e-06 6.86689764367387e-06 4.28093455596104e-06
   0.153452069768992    0.001800579107551     4.3194134832e-06     1.1347900512e-06 6.76913078844099e-06 4.19603044004527e-06
   0.154219330117837  0.00180958200308875      5.649596977e-06     1.1008660653e-06 6.66914921300992e-06 4.11281361154485e-06
   0.154990426768426  0.00181862991310416     6.6594703024e-06     1.1650021774e-06 6.54845170880909e-06 4.03125043913842e-06
   0.155765378902268  0.00182772306266968     5.0580160336e-06     1.0822182234e-06 6.39433542109962e-06 3.95130796482011e-06
   0.156544205796779  0.00183686167798306      6.613234164e-06     1.1807933964e-06 6.20161682689821e-06 3.87295389033133e-06
   0.157326926825763  0.00184604598637295     5.8608820322e-06     1.2139366235e-06 5.97307309318045e-06 3.79615656386844e-06
   0.158113561459892  0.00185527621630484      4.462155141e-06     1.0587456367e-06 5.71856483767749e-06 3.72088496706079e-06
   0.158904129267191  0.00186455259738637     3.6615643726e-06       1.01675257e-06 5.45302111128128e-06 3.64710870221368e-06
   0.159698649913527  0.00187387536037329     5.6728961748e-06     1.0251368114e-06 5.19365499362129e-06 3.57479797981043e-06
   0.160497143163095  0.00188324473717516     7.2892915181e-06     1.0432016203e-06 4.95690165725104e-06 3.50392360626857e-06
    0.16129962887891  0.00189266096086102     4.6971148634e-06      9.829985503e-07 4.75560892387781e-06 3.43445697194474e-06
   0.162106127023305  0.00190212426566535     5.6335363542e-06      9.679565352e-07 4.59695658726779e-06  3.3663700393832e-06
   0.162916657658421  0.00191163488699367     5.1147403925e-06      9.849333744e-07 4.48144448984471e-06 3.29963533180294e-06
   0.163731240946713  0.00192119306142862     4.8452075099e-06      9.589084047e-07 4.40309454381832e-06 3.23422592181857e-06
   0.164549897151447  0.00193079902673575     3.2046519249e-06      9.624637633e-07 4.35079327203441e-06 3.17011542039001e-06
   0.165372646637204  0.00194045302186943     5.1923719016e-06      9.683848714e-07 4.31049832857449e-06 3.10727796599646e-06
    0.16619950987039  0.00195015528697881     6.2355741025e-06     1.0017564428e-06 4.26788174273473e-06 3.04568821402987e-06
   0.167030507419742  0.00195990606341367     4.9676309316e-06      9.335032743e-07 4.21091196141079e-06 2.98532132640358e-06
   0.167865659956841  0.00196970559373074     3.7046350026e-06      9.193521788e-07  4.1318992151511e-06 2.92615296137156e-06
   0.168704988256625  0.00197955412169941      5.895397631e-06      9.879427325e-07 4.02864002880805e-06 2.86815926355403e-06
   0.169548513197908   0.0019894518923079     5.2461219789e-06      9.364806628e-07 3.90447565498113e-06 2.81131685416517e-06
   0.170396255763898  0.00199939915176943     4.1833189638e-06      8.698146843e-07 3.76729142961441e-06 2.75560282143877e-06
   0.171248237042717  0.00200939614752828     5.9762119293e-06      9.366281976e-07 3.62768831452538e-06 2.70099471124783e-06
   0.172104478227931  0.00201944312826594     3.5382100531e-06      8.671649471e-07 3.49671411597265e-06 2.64747051791405e-06
    0.17296500061907  0.00202954034390726     5.3118401432e-06      8.868238916e-07 3.38361910968082e-06 2.59500867520338e-06
   0.173829825622166  0.00203968804562679     4.5985654212e-06      9.000663358e-07 3.29408370847159e-06  2.5435880475038e-06
   0.174698974750276  0.00204988648585495     6.3504584737e-06        8.9489522e-07 3.22925810185908e-06 2.49318792118159e-06
   0.175572469624028   0.0020601359182842     4.1575665043e-06      9.174307522e-07 3.18577793343633e-06 2.44378799611248e-06
   0.176450331972148  0.00207043659787563     5.7280113956e-06       9.09360282e-07  3.1567129614392e-06 2.39536837738402e-06
   0.177332583632009  0.00208078878086501     3.7202549193e-06      8.978975096e-07 3.13321110071098e-06 2.34790956716576e-06
   0.178219246550169  0.00209119272476934     3.7914660175e-06      8.834452281e-07 3.10645975962271e-06 2.30139245674375e-06
    0.17911034278292  0.00210164868839316      3.777434228e-06      8.451269979e-07 3.06953003069707e-06 2.25579831871599e-06
   0.180005894496834  0.00211215693183516     3.6930210304e-06      7.870185213e-07 3.01870885269803e-06 2.21110879934566e-06
   0.180905923969318  0.00212271771649431     4.0052219695e-06      8.484900809e-07 2.95405024638701e-06 2.16730591106869e-06
   0.181810453589165  0.00213333130507677     4.1492223809e-06      7.991536237e-07 2.87906012486341e-06 2.12437202515279e-06
   0.182719505857111  0.00214399796160217     2.3523794494e-06       8.40022931e-07 2.79962776156378e-06 2.08228986450459e-06
   0.183633103386396  0.00215471795141019     3.9865510096e-06      7.302390773e-07 2.72248489840814e-06 2.04104249662207e-06
   0.184551268903328  0.00216549154116722     5.0914143803e-06      8.300000457e-07 2.65357192353152e-06 2.00061332668919e-06
   0.185474025247845  0.00217631899887308     3.6812793165e-06      7.716019709e-07 2.59669721121815e-06 1.96098609080984e-06
   0.186401395374084  0.00218720059386743     3.4789441819e-06      8.323980883e-07 2.55279031433173e-06 1.92214484937835e-06
   0.187333402350954  0.00219813659683677     1.7001700244e-06      7.633223344e-07   2.519894337788e-06  1.8840739805837e-06
   0.188270069362709  0.00220912727982098     2.4947270935e-06      7.725785904e-07 2.49385676501664e-06 1.84675817404468e-06
   0.189211419709523  0.00222017291622004     3.4290898317e-06      8.280168967e-07 2.46950799852587e-06 1.81018242457342e-06
    0.19015747680807  0.00223127378080115     2.4350893707e-06      8.595962614e-07 2.44200531800289e-06 1.77433202606466e-06
    0.19110826419211  0.00224243014970518     3.5079107428e-06      8.123566081e-07 2.40799399421862e-06 1.73919256550814e-06
   0.192063805513071  0.00225364230045367     3.3650626122e-06      8.631959731e-07  2.3663016497452e-06 1.70474991712164e-06
   0.193024124540636  0.00226491051195597     3.6893207647e-06      8.911166015e-07  2.3180176135287e-06 1.67099023660221e-06
    0.19398924516334  0.00227623506451575     3.1298594039e-06      8.511111634e-07  2.2659782517409e-06 1.63789995549325e-06
   0.194959191389156   0.0022876162398383     2.0206241405e-06      7.761174732e-07 2.21383583263851e-06 1.60546577566497e-06
   0.195933987346102  0.00229905432103749     1.7820866141e-06      7.556425767e-07 2.16499031546618e-06 1.57367466390599e-06
   0.196913657282832  0.00231054959264272     3.6322246729e-06      8.095725592e-07 2.12168427358778e-06 1.54251384662383e-06
   0.197898225569247   0.0023221023406059        2.4802782e-06      7.587536607e-07 2.08449782090469e-06 1.51197080465209e-06
   0.198887716697093  0.00233371285230896     2.8722416923e-06      7.457339982e-07 2.05235363623074e-06 1.48203326816203e-06
   0.199882155280578  0.00234538141657049     2.9218113622e-06       7.69769552e-07 2.02299042986434e-06 1.45268921167669e-06
   0.200881566056981  0.00235710832365333     2.7035841923e-06      7.594886783e-07 1.99373128387687e-06 1.42392684918511e-06
   0.201885973887266  0.00236889386527159     2.3819896349e-06      7.384549885e-07 1.96229909625167e-06 1.39573462935501e-06
   0.202895403756702  0.00238073833459796      2.549044441e-06      7.354992028e-07  1.9274345652449e-06 1.36810123084154e-06
   0.203909880775486  0.00239264202627096     2.1961534279e-06       6.81516073e-07 1.88914856788258e-06 1.34101555769055e-06
   0.204929430179363  0.00240460523640229       8.55071856e-08      7.364602002e-07 1.84856397078425e-06 1.31446673483412e-06
    0.20595407733026  0.00241662826258433     1.6446577104e-06      7.195873777e-07  1.8074317420362e-06 1.28844410367667e-06
   0.206983847716911  0.00242871140389724      2.192780654e-06      6.961630805e-07 1.76750176682299e-06 1.26293721776976e-06
   0.208018766955496  0.00244085496091673     1.9089216837e-06      6.754692904e-07 1.72996129289289e-06 1.23793583857379e-06
   0.209058860790273  0.00245305923572132      1.035426722e-06      6.483761751e-07 1.69511597536834e-06 1.21342993130489e-06
   0.210104155094225  0.00246532453189992     2.1023782471e-06      7.099945112e-07 1.66239582588388e-06 1.18940966086508e-06
   0.211154675869696  0.00247765115455941     2.3011729812e-06      6.627138063e-07 1.63065429100335e-06 1.16586538785438e-06
   0.212210449249044  0.00249003941033223     1.5972049127e-06      6.954787004e-07 1.59863245785343e-06 1.14278766466279e-06
   0.213271501495289  0.00250248960738386     1.7837448859e-06      6.380868744e-07 1.56541379840614e-06 1.12016723164078e-06
   0.214337859002766  0.00251500205542081     1.7985004758e-06      6.737486483e-07 1.53071148370669e-06 1.09799501334676e-06
    0.21540954829778  0.00252757706569788      7.558593481e-07      6.634961253e-07 1.49490119056773e-06 1.07626211486966e-06
   0.216486596039269  0.00254021495102637     2.5293049022e-06      6.973913004e-07 1.45880974398324e-06 1.05495981822547e-06
   0.217569029019465  0.00255291602578153       9.78069354e-07      6.096672642e-07 1.42335769014364e-06 1.03407957882598e-06
   0.218656874164562   0.0025656806059104     1.7424706223e-06       6.17254419e-07 1.38920059192812e-06 1.01361302201841e-06
   0.219750158535385  0.00257850900893996     1.2311795045e-06      6.342152133e-07 1.35650425480188e-06 9.93551939694386e-07
   0.220848909328062  0.00259140155398467     1.3418833703e-06      6.409117959e-07   1.324929397776e-06 9.73888286966954e-07
   0.221953153874702  0.00260435856175461      6.249298324e-07      6.146208021e-07 1.29381623652404e-06 9.54614178914225e-07
   0.223062919644076  0.00261738035456335      9.698218657e-07      5.968611438e-07 1.26248258832392e-06 9.35721887388281e-07
   0.224178234242296  0.00263046725633618     1.4847767633e-06      6.001274469e-07 1.23050974655904e-06 9.17203837888052e-07
   0.225299125413507  0.00264361959261788      8.284990625e-07      6.371125619e-07 1.19790233446913e-06 8.99052606494876e-07
   0.226425621040575  0.00265683769058093     1.9633630353e-06      6.640459829e-07  1.1650649104442e-06 8.81260916869447e-07
   0.227557749145778  0.00267012187903384      1.063306685e-06      6.478892523e-07 1.13261506139251e-06 8.63821637308953e-07
   0.228695537891507  0.00268347248842904     1.1747007702e-06        5.7904046e-07  1.1011184061531e-06 8.46727777863153e-07
   0.229839015580964  0.00269688985087117     -2.797765859e-07      5.877059235e-07 1.07085907209091e-06 8.29972487508224e-07
   0.230988210658869  0.00271037430012552      8.860862769e-07      6.276396238e-07 1.04173952803289e-06 8.13549051377205e-07
   0.232143151712163  0.00272392617162616     2.5312351859e-06      6.137307109e-07 1.01334579895611e-06 7.97450888045919e-07
   0.233303867470724  0.00273754580248429        1.0783301e-08      6.246430213e-07 9.85143289068245e-07 7.81671546873203e-07
   0.234470386808078  0.00275123353149669      7.286886054e-07       6.17503707e-07 9.56714749817989e-07 7.66204705394422e-07
   0.235642738742118  0.00276498969915418     -1.184316182e-07      6.315459249e-07 9.27937503088927e-07 7.51044166767128e-07
   0.236820952435829  0.00277881464764998      3.190942586e-07       6.12809443e-07 8.99026869799408e-07  7.3618385726786e-07
   0.238005057198008   0.0027927087208882      5.056910849e-07      6.213107321e-07 8.70432846058278e-07 7.21617823839024e-07
   0.239195082483998  0.00280667226449265     1.7166939468e-06      6.088103141e-07 8.42640705475827e-07 7.07340231684869e-07
   0.240391057896418  0.00282070562581512     -3.259214975e-07      6.252358924e-07 8.15965748341164e-07  6.9334536191555e-07
     0.2415930131859   0.0028348091539442         -1.23819e-11      6.265134874e-07 7.90431354648678e-07 6.79627609238323e-07
   0.242800978251829  0.00284898319971393     -3.060151578e-07       5.87909906e-07 7.65779499853353e-07 6.66181479694918e-07
   0.244014983143088  0.00286322811571248     -5.735352448e-07      5.804250712e-07 7.41602758391166e-07 6.53001588444163e-07
   0.245235058058804  0.00287754425629104       4.53683156e-07      6.282610266e-07  7.1753380966988e-07 6.40082657588948e-07
   0.246461233349098  0.00289193197757248     1.2060878175e-06      6.198275775e-07 6.93405941693491e-07 6.27419514046636e-07
   0.247693539515843  0.00290639163746034       -5.1901521e-09       6.01509833e-07 6.69315058123123e-07 6.15007087462055e-07
   0.248932007213422  0.00292092359564764      5.441632164e-07      5.974051347e-07 6.45561162989324e-07 6.02840408162185e-07
    0.25017666724949   0.0029355282136259      3.538923806e-07       5.94284946e-07  6.2250258833837e-07 5.90914605151757e-07
   0.251427550585737  0.00295020585469401      6.855550662e-07      5.891331615e-07 6.00393854594314e-07 5.79224904148886e-07
   0.252684688338665  0.00296495688396752      3.143126483e-07      6.034874203e-07 5.79281501190424e-07 5.67766625659963e-07
   0.253948111780359  0.00297978166838735      2.110477179e-07      6.187184748e-07 5.59001380785993e-07 5.56535183093012e-07
   0.255217852339261  0.00299468057672926      4.128539826e-07      5.909902058e-07  5.3927162455869e-07  5.4552608090875e-07
   0.256493941600957  0.00300965397961291     -5.941895108e-07      5.596486654e-07  5.1983162308304e-07 5.34734912808549e-07
   0.257776411308962    0.003024702249511      5.620595816e-07      6.134226031e-07  5.0055924796494e-07 5.24157359958629e-07
   0.259065293365506  0.00303982576075856      5.394269871e-07      5.886677724e-07 4.81513388890654e-07 5.13789189249679e-07
   0.260360619832334  0.00305502488956234     -2.936984913e-07      5.892849437e-07 4.62887853844588e-07  5.0362625159126e-07
   0.261662422931496  0.00307030001401015     -6.298638059e-07      6.093764567e-07 4.44905762161353e-07 4.93664480240243e-07
   0.262970735046153  0.00308565151408017      7.843732197e-07      6.184405553e-07 4.27709752116998e-07  4.8389988916264e-07
   0.264285588721384  0.00310107977165057     -7.726848008e-07      6.293503686e-07 4.11327040187844e-07 4.74344423583775e-07
   0.265607016664991  0.00311658517050883      9.988206779e-07       5.90221379e-07 3.95679340976708e-07 4.65024731147631e-07
   0.266935051748316   0.0031321680963614     1.0155621507e-06      6.174985282e-07 3.80727744481257e-07 4.56026214579601e-07
   0.268269727007057  0.00314782893684318      4.788280267e-07      5.972988899e-07 3.66608402238744e-07 4.47522190282792e-07
   0.269611075642092  0.00316356808152739     1.1184486331e-06      6.514336574e-07 3.53671652211817e-07  4.3976523399561e-07
   0.270959131020303  0.00317938592193503     1.0704846568e-06      6.642219392e-07 3.42344593358469e-07 4.33007428614737e-07
   0.272313926675404  0.00319528285154471     1.4076136491e-06      6.287396354e-07 3.32908988228278e-07 4.27393210965542e-07
   0.273675496308781  0.00321125926580246     -8.576408702e-07      6.171696514e-07 3.25378669149763e-07  4.2291010483273e-07
   0.275043873790325  0.00322731556213146     -8.554968374e-07      6.267074996e-07 3.19541695790077e-07 4.19422682350515e-07
