# intensity: 0.983718955579681
# background: 0
#           Q (1/A)             dQ (1/A)                    R                   dR               theory              fresnel
   0.010486523286646 0.000120174769589214     1.02205532485188   0.0334335564865437    0.983718955579681    0.983718955579681
  0.0105389559030792 0.000120775643437197    0.997890474822364   0.0333577470156554    0.983718955579681    0.983718955579681
  0.0105916506825946 0.000121379521654352      1.0923539124704   0.0354697619390487    0.983718955579681    0.983718955579681
  0.0106446089360076 0.000121986419262633     1.04814992103114   0.0335103838445352    0.983718955579681    0.983718955579681
  0.0106978319806876 0.000122596351358938      1.1390056352618   0.0346280117416292    0.983718955579681    0.983718955579681
  0.0107513211405911 0.000123209333115754     1.01918307326924   0.0322316358884756    0.983718955579681    0.983718955579681
   0.010805077746294 0.000123825379781316     1.05550750875619   0.0321539023998728    0.983718955579681    0.983718955579681
  0.0108591031350255 0.000124444506680212     1.16633285205142   0.0351594617241702    0.983718955579681    0.983718955579681
  0.0109133986507006 0.000125066729213631     1.09067429805264   0.0326460995714047    0.983718955579681    0.983718955579681
  0.0109679656439541 0.000125692062859703     1.14173788875128    0.033760307679548    0.983718955579681    0.983718955579681
  0.0110228054721739 0.000126320523174013     1.14312507757381   0.0321756146307495    0.983718955579681    0.983718955579681
  0.0110779194995348 0.000126952125789851      1.1027629042057   0.0312973371166649    0.983718955579681    0.983718955579681
  0.0111333090970324 0.000127586886418811     1.06938759216406   0.0301714832863642    0.983718955579681    0.983718955579681
  0.0111889756425176 0.000128224820850913     1.05197371340633   0.0298574367432556    0.983718955579681    0.983718955579681
  0.0112449205207302 0.000128865944955159     1.05831897030171   0.0291048453948153    0.983718955579681    0.983718955579681
  0.0113011451233338 0.000129510274679958     1.08737078729963   0.0297380852966532    0.983718955579681    0.983718955579681
  0.0113576508489505 0.000130157826053333     1.16936806622656   0.0306050656507987    0.983718955579681    0.983718955579681
  0.0114144391031953 0.000130808615183609      1.1101227188221   0.0296764471406954    0.983718955579681    0.983718955579681
  0.0114715112987112 0.000131462658259533     1.09893397250488   0.0287469583569765    0.983718955579681    0.983718955579681
  0.0115288688552048 0.000132119971550828    0.998516018151254   0.0260559721583863    0.983718955579681    0.983718955579681
  0.0115865131994808 0.000132780571408578     1.19034850258786   0.0302435114071051    0.983718955579681    0.983718955579681
  0.0116444457654782 0.000133444474265605     1.07633846736744   0.0269928468730173    0.983718955579681    0.983718955579681
  0.0117026679943056 0.000134111696636943     1.07177427184727   0.0269259731990797    0.983718955579681    0.983718955579681
  0.0117611813342771 0.000134782255120127     1.04659443485085   0.0257199880147489    0.983718955579681    0.983718955579681
  0.0118199872409485 0.000135456166395754     1.08727085336548   0.0269171887832424    0.983718955579681    0.983718955579681
  0.0118790871771533 0.000136133447227728     1.10536890660231    0.026315818336151    0.983718955579681    0.983718955579681
   0.011938482613039 0.000136814114463864     1.01924123422039   0.0243725233721541    0.983718955579681    0.983718955579681
  0.0119981750261042 0.000137498185036178     1.03598143511119   0.0245362429831076    0.983718955579681    0.983718955579681
  0.0120581659012347 0.000138185675961359     1.08360741955651   0.0251653752215665    0.983718955579681    0.983718955579681
  0.0121184567307409 0.000138876604341147     1.08092059451944   0.0251634175676896    0.983718955579681    0.983718955579681
  0.0121790490143946 0.000139570987362845     1.10120814300382   0.0250588788405829    0.983718955579681    0.983718955579681
  0.0122399442594666  0.00014026884229966    0.996652440004142   0.0227697561290602    0.983718955579681    0.983718955579681
  0.0123011439807639 0.000140970186511168      1.0368429945913   0.0229682952304751    0.983718955579681    0.983718955579681
  0.0123626497006677 0.000141675037443737     1.06719507210006   0.0230849142141103    0.983718955579681    0.983718955579681
  0.0124244629491711 0.000142383412630955      1.0167120789697   0.0221867573215346    0.983718955579681    0.983718955579681
  0.0124865852639169 0.000143095329694098     1.04520975928575    0.022566297205967    0.983718955579681    0.983718955579681
  0.0125490181902365  0.00014381080634259     1.07270273405076   0.0229521272939588    0.983718955579681    0.983718955579681
  0.0126117632811877  0.00014452986037431     1.00636717367197   0.0212264511135674    0.983718955579681    0.983718955579681
  0.0126748220975936 0.000145252509676178     1.09427803770217   0.0225391680747383    0.983718955579681    0.983718955579681
  0.0127381962080816 0.000145978772224544     1.05677812352458   0.0216652823512096    0.983718955579681    0.983718955579681
   0.012801887189122 0.000146708666085648     1.02580573261992   0.0210379519057473    0.983718955579681    0.983718955579681
  0.0128658966250676 0.000147442209416093     1.02285934386579   0.0204519997879895    0.983718955579681    0.983718955579681
   0.012930226108193 0.000148179420463185    0.995657394465104    0.020116077690765    0.983718955579681    0.983718955579681
  0.0129948772387339 0.000148920317565478     1.11079115155538   0.0219037727910266    0.983718955579681    0.983718955579681
  0.0130598516249276 0.000149664919153333     1.05594259973366   0.0202579600465986    0.983718955579681    0.983718955579681
  0.0131251508830522 0.000150413243749087     1.10647688823144   0.0214192914629824    0.983718955579681    0.983718955579681
  0.0131907766374675 0.000151165309967813     1.05026281224582   0.0199411797144243    0.983718955579681    0.983718955579681
  0.0132567305206548 0.000151921136517665     1.00577869927599   0.0192657178546089    0.983713876376851    0.983707532099337
  0.0133230141732581 0.000152680742200255     1.07390885492099   0.0201952745842814    0.983674417783921    0.983620288937385
  0.0133896292441244 0.000153444145911253     1.06353456923708   0.0196904927299773    0.983490909066461    0.983219388129197
   0.013456577390345 0.000154211366640807     1.05537798709901   0.0197387734386504    0.982814744768227    0.981754696971933
  0.0135238602772967 0.000154982423474013     0.95333434774203   0.0178668279637373    0.980761168094708    0.977346370809359
  0.0135914795786832  0.00015575733559138    0.955001734768808   0.0179446409900309    0.975571836597769    0.966326378098323
  0.0136594369765766 0.000156536122269342    0.955778002356615     0.01777944741562    0.964585607254932    0.943304088993133
  0.0137277341614595 0.000157318802880679    0.946701868900721   0.0176036430746068     0.94495376894725    0.902840594051316
  0.0137963728322668 0.000158105396895117    0.903424748596304   0.0172431504930265    0.915075627559412    0.842534573118214
  0.0138653546964281 0.000158895923879575    0.812569756018325   0.0156782677758786    0.875901690741289    0.765558114290075
  0.0139346814699103 0.000159690403498981    0.819940739572683   0.0154477763942845    0.830981059664791    0.680301493700781
  0.0140043548772598 0.000160488855516476    0.828881230909903   0.0160638941561572    0.785013881413311      0.5969064890231
  0.0140743766516461 0.000161291299794055    0.824221869752496   0.0160138617727061    0.741921492423727    0.523124527084431
  0.0141447485349043 0.000162097756293036     0.74210788630969   0.0146138373290439    0.703723557262365    0.462242829561983
  0.0142154722775789  0.00016290824507448     0.70607575069986   0.0138839868138481    0.670639681815404    0.413711052234378
  0.0142865496389668 0.000163722786299873    0.667512926143611   0.0134563836617778    0.641883864529243    0.375090869579719
  0.0143579823871616 0.000164541400231338    0.664471198990482    0.013411124678319    0.616429196616376    0.343732615062912
  0.0144297722990974 0.000165364107232527    0.625447445694241   0.0127784094051838    0.593409540748179    0.317556107442152
  0.0145019211605929 0.000166190927768662    0.592338598192732   0.0122877207647389    0.572213491384992    0.295155268492281
  0.0145744307663958 0.000167021882407516    0.601194235355541   0.0124150650810927    0.552429634949402    0.275611719235291
  0.0146473029202278 0.000167856991819533    0.589912579272297   0.0121763683193557    0.533777833781196    0.258314070601407
   0.014720539434829 0.000168696276778641    0.534463620113869   0.0113733363740098    0.516062608414786    0.242842330366592
  0.0147941421320031 0.000169539758162548    0.577074724546561   0.0121512179008932    0.499140832754598    0.228891394037475
  0.0148681128426631 0.000170387456953376    0.529700640272077   0.0114015502278472    0.482903067993927    0.216228737341656
  0.0149424534068764 0.000171239394238132    0.479806573457682   0.0104601772243778    0.467263465129068    0.204671862983591
  0.0150171656739108 0.000172095591209299    0.479709975836926   0.0105090817979241    0.452153459259069    0.194074373499855
  0.0150922515022804  0.00017295606916535    0.440931891519715   0.0097675693308191    0.437517562745537    0.184316776048387
  0.0151677127597918 0.000173820849511168    0.447508335211872   0.0099527854834136     0.42331043132756    0.175300135117268
  0.0152435513235907 0.000174689953758726    0.415538191798119   0.0094812761810321    0.409494748189453    0.166941542577776
  0.0153197690802087 0.000175563403527558    0.398205849339226   0.0090722016151933    0.396039656154162    0.159170797904441
  0.0153963679256097  0.00017644122054518    0.402768610504132   0.0089992711284098    0.382919569400631    0.151927921506835
  0.0154733497652378 0.000177323426647898    0.368182661709732   0.0086138276716356    0.370113255035167    0.145161257363909
  0.0155507165140639 0.000178210043781147    0.351848559783636   0.0081817032324268    0.357603110835179    0.138826002090448
  0.0156284700966343 0.000179101094000042    0.342675166330543    0.008097609227237     0.34537458831334    0.132883048644084
  0.0157066124471174 0.000179996599470064     0.36383341030046   0.0085151740052502    0.333415725200113    0.127298066151052
   0.015785145509353 0.000180896582467389    0.320621893803238   0.0077209884710244    0.321716761495084    0.122040759583597
  0.0158640712368998 0.000181801065379745    0.319927870826291   0.0076584565705115     0.31026982015953    0.117084268257451
  0.0159433915930843 0.000182710070706624     0.30087438825447   0.0073500609135488    0.299068638383448    0.112404672758242
  0.0160231085510497  0.00018362362106017    0.288773948998756   0.0070668570289766    0.288108338839312    0.107980587472224
  0.0161032240938049 0.000184541739165478    0.263100389075754   0.0067420094160277    0.277385232863891    0.103792821362753
   0.016183740214274 0.000185464447861274    0.262625692009473    0.006665600653748    0.266896649376107   0.0998240936399923
  0.0162646589153453 0.000186391770100594    0.261231814278607   0.0065846577340324    0.256640784735223   0.0960587939456849
  0.0163459822099221 0.000187323728951083    0.243897839482727   0.0063498338443743    0.246616569800375   0.0924827789093442
  0.0164277121209717 0.000188260347595839      0.2477024617107   0.0062460413488452    0.236823551262564   0.0890831986297035
  0.0165098506815765 0.000189201649333843    0.244460286269715   0.0063359127030141    0.227261784945091   0.0858483479368785
  0.0165923999349844  0.00019014765758051     0.22544219867678   0.0059640791018054    0.217931739257539   0.0827675382990639
  0.0166753619346593 0.000191098395868408    0.216617373124438   0.0056946441131277    0.208834207371729    0.079830987024574
  0.0167587387443326 0.000192053887847771    0.196671297724255   0.0054485129531274    0.199970226991622   0.0770297210296543
  0.0168425324380543 0.000193014157287006    0.201509458099685   0.0055212075013159    0.191341006830642   0.0743554929339227
  0.0169267451002446 0.000193979228073418    0.175171590591359   0.0049616836103242    0.182947859101799   0.0718007076375614
  0.0170113788257458   0.0001949491242138    0.174695822358481   0.0049771384310486    0.174792137479309   0.0693583578497769
  0.0170964357198745 0.000195923869834862    0.177411189091087   0.0049921859604903    0.166875180112327   0.0670219672930577
  0.0171819178984739 0.000196903489184034    0.167388549676364   0.0049129619249253    0.159198257367808   0.0647855405151907
  0.0172678274879662 0.000197888006629936    0.152404483037963   0.0045672107382747    0.151762524055119   0.0626435184106205
  0.0173541666254061   0.0001988774466631    0.143071363694214   0.0044056931857015    0.144568975943249   0.0605907386921598
  0.0174409374585331 0.000199871833896433    0.145065012752827   0.0043967823522612     0.13761841042576   0.0586224006693223
  0.0175281421458258 0.000200871193065902    0.131615583501544   0.0041624400214314    0.130911391220122   0.0567340337850088
  0.0176157828565549 0.000201875549031253     0.12420146958307   0.0039273064386982    0.124448217010582    0.054921469442107
  0.0177038617708377 0.000202884926776391    0.110877290212296   0.0037218181040522    0.118228893956758    0.053180815718116
  0.0177923810796918 0.000203899351410276    0.117148228513386   0.0037676143034759    0.112253111997107   0.0515084346220657
  0.0178813429850903 0.000204918848167304    0.100109564203477   0.0034831793875416    0.106520224876842   0.0499009215951805
  0.0179707497000158 0.000205943442408153   0.0929159262783147   0.0033200397471222    0.101029233826396    0.048355086996864
  0.0180606034485158 0.000206973159620212    0.102871622900047   0.0035479982125492   0.0957787748085054   0.0468679393514813
  0.0181509064657584 0.000208008025418301   0.0902219111496057   0.0032611108527793   0.0907671092419254   0.0454366701604751
  0.0182416609980872 0.000209048065545393   0.0841556910112477   0.0030725373430406   0.0859921180972542   0.0440586401091326
  0.0183328693030776 0.000210093305873121   0.0839383455114009   0.0031179186870223   0.0814512992464778   0.0427313665185213
   0.018424533649593 0.000211143772402505   0.0735112190125716   0.0028815634533296   0.0771417679336381   0.0414525119114679
   0.018516656317841 0.000212199491264501   0.0681561480853967   0.0029053074933062   0.0730602602194654   0.0402198735771971
  0.0186092395994302 0.000213260488720807    0.064502503014987   0.0028263781541083   0.0692031392387645   0.0390313740328879
  0.0187022857974273 0.000214326791164416   0.0645645483002099   0.0026733688533511   0.0655664040962411   0.0378850522922566
  0.0187957972264145 0.000215398425120255   0.0623211055306152   0.0025581843896064   0.0621457012145603   0.0367790558615535
  0.0188897762125465  0.00021647541724586   0.0567176245693141   0.0024090978866561   0.0589363379381443   0.0357116333923423
  0.0189842250936093 0.000217557794332059   0.0528730338885989   0.0022945072356868   0.0559332981876409    0.034681127928223
  0.0190791462190773 0.000218645583303737   0.0511255479806102   0.0022502245863462   0.0531312599537201   0.0336859706895913
  0.0191745419501727 0.000219738811220255    0.045099301289119   0.0020818721395856   0.0505246144142525   0.0327246753464517
  0.0192704146599236 0.000220837505276348   0.0472553524075645    0.002174956847065   0.0481074864570236   0.0317958327346829
  0.0193667667332232 0.000221941692802718   0.0388835307412237   0.0019036395012166   0.0458737563899686   0.0308981059757454
  0.0194636005668893 0.000223051401266752   0.0423097068353379   0.0020310021096579   0.0438170826232048   0.0300302259639738
  0.0195609185697237 0.000224166658273079   0.0376519882264233   0.0018800297869315   0.0419309251113485   0.0291909871892299
  0.0196587231625724 0.000225287491564459   0.0349773101366759   0.0018182366741713   0.0402085693507445    0.028379243865903
  0.0197570167783852 0.000226413929022293   0.0370910746453656   0.0018548957180228   0.0386431507342039    0.027593906342131
  0.0198558018622771 0.000227545998667389   0.0358962314022779   0.0017870835523898   0.0372276790752821   0.0268339377656255
  0.0199550808715885 0.000228683728660722   0.0349206119976924    0.001783693502666   0.0359550631250932    0.026098350984797
  0.0200548562759465 0.000229827147304034   0.0298503238953229     0.00165843599204   0.0348181349165744   0.0253862056658557
  0.0201551305573262 0.000230976283040552    0.034493032092833   0.0018319759338497   0.0338096737841066    0.024696605608398
  0.0202559062101128 0.000232131164455754   0.0288352281366622   0.0016839325729232   0.0329224299199798   0.0240286962435895
  0.0203571857411634 0.000233291820278047   0.0306993838822491   0.0016420292089073    0.032149147343287   0.0233816623005226
  0.0204589716698692 0.000234458279379406   0.0336273411436062     0.00165073039372   0.0314825861711108   0.0227547256276096
  0.0205612665282185 0.000235630570776306    0.028067282656171   0.0015109147293949   0.0309155440962205   0.0221471431570478
  0.0206640728608596 0.000236808723630191   0.0296037471364159   0.0015375154672605   0.0304408769896655   0.0215582050014527
  0.0207673932251639 0.000237992767248365   0.0308006285546433   0.0015698811380843   0.0300515185604836   0.0209872326726957
  0.0208712301912897 0.000239182731084586   0.0312443347216671   0.0015622135118189     0.02974049901807   0.0204335774138373
  0.0209755863422462     0.00024037864474   0.0266833946769482   0.0014281209198171   0.0295009626954702   0.0198966186358277
  0.0210804642739574 0.000241580537963694   0.0283623167408782   0.0014836066499878   0.0293261846038024   0.0193757624513424
  0.0211858665953272 0.000242788440653546    0.028548049673107   0.0014964984320631   0.0292095858991394   0.0188704402987481
  0.0212917959283038 0.000244002382856815   0.0255809725971214   0.0014352983228072   0.0291447482533764   0.0183801076497836
  0.0213982549079454 0.000245222394771083   0.0276894227770009   0.0014539454818637   0.0291254271298477   0.0179042427950446
  0.0215052461824851 0.000246448506744926   0.0308590521431032   0.0015554751423854   0.0291455639726866   0.0174423457018509
  0.0216127724133975 0.000247680749278641   0.0299730295979396     0.00151556255672   0.0291992973261362   0.0169939369394913
  0.0217208362754645 0.000248919153025053   0.0288085415117508   0.0014768546588397   0.0292809729062167   0.0165585566672497
  0.0218294404568418 0.000250163748790191    0.029165637636759   0.0014652944188866   0.0293851526523373   0.0161357636809627
   0.021938587659126  0.00025141456753414   0.0296488968024989    0.001482828582157   0.0295066227906508   0.0157251345141876
  0.0220482805974216 0.000252671640371805   0.0331665232561075   0.0015811686952421   0.0296404009442088   0.0153262625903662
  0.0221585220004087 0.000253934998573673    0.028494152227637   0.0014439717098812   0.0297817423273376   0.0149387574226313
  0.0222693146104108 0.000255204673566539    0.031055511793257   0.0015041150218225   0.0299261450631667   0.0145622438581636
  0.0223806611834628 0.000256480696934352   0.0283143473935085    0.001430966402589   0.0300693546639699    0.014196361364229
  0.0224925644893802 0.000257763100419023   0.0320829357499082   0.0015093078477447   0.0302073677139803   0.0138407633532361
  0.0226050273118271 0.000259051915921146   0.0281279566263962   0.0014325373275282   0.0303364347936767    0.013495116544356
  0.0227180524483862 0.000260347175500722   0.0319784999000692   0.0014735196362652   0.0304530626833007   0.0131591003594071
  0.0228316427106281 0.000261648911378217   0.0331460198746813   0.0015156658115894   0.0305540158815878   0.0128324063508873
  0.0229458009241813 0.000262957155935117   0.0325665652797466   0.0015144432454437   0.0306363174734892   0.0125147376601749
  0.0230605299288022  0.00026427194171482   0.0340784717417759   0.0015432967381698   0.0306972493780641   0.0122058085040628
  0.0231758325784462 0.000265593301423397   0.0293645583159238   0.0014403988921108   0.0307343520048302   0.0119053436879132
  0.0232917117413384 0.000266921267930488   0.0303771813507626   0.0014326038778743   0.0307454233437206   0.0116130781438434
  0.0234081703000451 0.000268255874270149   0.0289746571515213   0.0013826921824773   0.0307285175104986   0.0113287564924558
  0.0235252111515453 0.000269597153641486   0.0283777286068049   0.0014070616340073   0.0306819427660771   0.0110521326267305
   0.023642837207303 0.000270945139409724   0.0311984988448394   0.0014326588355611    0.030604259024751   0.0107829693167848
  0.0237610513933395 0.000272299865106752   0.0294225240544439   0.0013923614512697   0.0304942748629459   0.0105210378342967
  0.0238798566503062 0.000273661364432272   0.0306843052508539   0.0014101957332217   0.0303510440367643    0.010266117595464
  0.0239992559335578 0.000275029671254437   0.0312171429952033   0.0014367967698849   0.0301738615134499   0.0100179958214448
  0.0241192522132255 0.000276404819610701   0.0334114212393021   0.0014896343258297   0.0299622590189325  0.00977646721529532
  0.0242398484742917  0.00027778684370879   0.0307552333638064   0.0014431752713314   0.0297160001009252  0.00954133365447863
  0.0243610477166631 0.000279175777927304    0.030229084920953   0.0014597384409051   0.0294350747046859  0.00931240389808719
  0.0244828529552464 0.000280571656816943   0.0283247528554748   0.0014362226545718   0.0291196932565459  0.00908949330796098
  0.0246052672200227 0.000281974515101019   0.0277398725006307   0.0014939372577924   0.0287702802487495  0.00887242358294958
  0.0247282935561228 0.000283384387676561   0.0282419595121967   0.0014354980765491   0.0283874673180276  0.00866102250560236
  0.0248519350239034 0.000284801309614947   0.0285351805758719   0.0014264985595005   0.0279720858097323  0.00845512370061825
  0.0249761946990229 0.000286225316163015   0.0271681979033863   0.0013508085310321   0.0275251588193093  0.00825456640443017
   0.025101075672518 0.000287656442743822   0.0249282390176779   0.0012892658257913    0.027047892703398  0.00805919524533236
  0.0252265810508806 0.000289094724957537   0.0276120101975642   0.0013436991488525   0.0265416680539827   0.0078688600335974
   0.025352713956135 0.000290540198582335   0.0244599586852445   0.0012705112904334   0.0260080301307622  0.00768341556106179
  0.0254794775259157 0.000291992899575244   0.0235447482562879    0.001227850746671   0.0254486787492901  0.00750272140968936
  0.0256068749135453 0.000293452864073121   0.0242924200869774   0.0012429080101785    0.024865457625462  0.00732664176865176
   0.025734909288113 0.000294920128393461   0.0235833077063946   0.0012329752609395   0.0242603431805797   0.0071550452594907
  0.0258635838345535 0.000296394729035456   0.0236421359082842    0.001187246548888    0.023635432815495  0.00698780476895256
  0.0259929017537263 0.000297876702680637   0.0209350580295121   0.0011252793291478   0.0229929326672024  0.00682479728910975
  0.0261228662624949 0.000299366086194013   0.0210287342134219   0.0011589189822352   0.0223351448666655  0.00666590376440503
  0.0262534805938074 0.000300862916625011    0.019308696350014   0.0010684205506036   0.0216644543225741  0.00651100894527378
  0.0263847479967764  0.00030236723120811   0.0205478374549803   0.0011204776416907   0.0209833150621021  0.00636000124802267
  0.0265166717367603 0.000303879067364161   0.0183389606820141   0.0010373490734656   0.0202942361664414  0.00621277262065603
  0.0266492550954441 0.000305398462700977    0.019313183686832    0.001051050675551   0.0195997673459071  0.00606921841436319
  0.0267825013709213  0.00030692545501448   0.0193975809401821   0.0010551916490126   0.0189024842065698  0.00592923726039174
  0.0269164138777759 0.000308460082289554   0.0152802782732579   0.0009682782696838   0.0182049732676348  0.00579273095204956
  0.0270509959471648 0.000310002382701019   0.0164093693418199   0.0009449773608414   0.0175098167959769  0.00565960433159095
  0.0271862509269006 0.000311552394614522   0.0151195776569915   0.0009233640150257   0.0168195775312603  0.00552976518175592
  0.0273221821815351 0.000313110156587601   0.0145656841160845   0.0008889781486879    0.016136783381779  0.00540312412174344
  0.0274587930924428 0.000314675707370531   0.0126354553829597   0.0008121406485151   0.0154639121774127  0.00527959450741237
   0.027596087057905 0.000316249085907389   0.0130812945120985   0.0008364238959282   0.0148033765717559  0.00515909233551322
  0.0277340674931945   0.0003178303313369    0.013258465918838   0.0008391909518485   0.0141575091904184   0.0050415361517649
  0.0278727378306605 0.000319419482993588   0.0128069693505268   0.0008596221330467   0.0135285481265787   0.0049268469626007
  0.0280121015198138 0.000321016580408577   0.0134205552808826   0.0008449853957557   0.0129186228879597  0.00481494815041617
  0.0281521620274129 0.000322621663310616   0.0103403428426185   0.0007341832168181   0.0123297409013923  0.00470576539216008
  0.0281521620274129 0.000330712302225265   0.0127854562070689   0.0005599944411772   0.0123330721149285  0.00470617319694647
  0.0282929228375499 0.000332365863736391   0.0120341930198299   0.0005375832957343   0.0117673222357742  0.00459962372498116
  0.0282929228375499 0.000324234771627176   0.0117857965884792   0.0007807454449691   0.0117637746819259  0.00459922658111892
  0.0284343874517377 0.000325855945485308   0.0116132097360073   0.0007827660671013   0.0112224497729488  0.00449526175175101
  0.0284343874517377 0.000334027693055074   0.0111871995092312   0.0005040438307643   0.0112261919227453  0.00449564854556731
  0.0285765593889964 0.000327485225212739     0.01041391530085   0.0007344158433062   0.0107073335619519  0.00439380300743632
  0.0285765593889964 0.000335697831520382   0.0114813021607359   0.0005172636525722   0.0107112472946972   0.0043941797517959
  0.0287194421859414 0.000337376320677962   0.0108147296877925   0.0005134289853593   0.0102238862540856  0.00429515143660375
  0.0287194421859414 0.000329122651338769   0.0104036971892619   0.0007131584254388   0.0102198250733293  0.00429478445101135
  0.0288630393968711 0.000330768264595499   0.0094463849771846   0.0006841160461102  0.00976114583499393  0.00419814211796836
  0.0288630393968711 0.000339063202281359   0.0101779556207113   0.0004667015873635  0.00976532936503186  0.00419849962595596
  0.0290073545938554 0.000340758518292781   0.0092455355633448   0.0004476844968705  0.00933661189492811  0.00410416221457634
  0.0290073545938554 0.000332422105918471   0.0089351680473374   0.0006667406154398  0.00933233190954933  0.00410381391220177
  0.0291523913668247 0.000334084216448068   0.0074545196697004   0.0006793051894284  0.00893422717338067  0.00401173954419151
  0.0291523913668247 0.000342462310884246   0.0084291465454388   0.0004198566395677  0.00893857710277722  0.00401207890411551
  0.0292981533236588 0.000344174622438641   0.0087226134654359    0.000427886955147  0.00857187084879445  0.00392219114365186
  0.0292981533236588 0.000335754637530276   0.0078738639157226   0.0006195688212464  0.00856747791834652  0.00392186047151839
  0.0294446440902771 0.000337433410717919   0.0081506535085123   0.0006511377800743  0.00823252884086023  0.00383411984161087
  0.0294446440902771 0.000345895495550828   0.0073556752236679   0.0003874095865473  0.00823693758991862   0.0038344420724245
  0.0295918673107285  0.00033912057777155   0.0062081434135481    0.000588433179652  0.00792962047217316  0.00374846243662877
  0.0295918673107285  0.00034762497302862   0.0079154735409852   0.0003955309494636  0.00793401781492404  0.00374877646470385
  0.0297398266472821 0.000349363097893758   0.0073928787726149   0.0003780032839303  0.00766314696089568  0.00366514067670879
  0.0297398266472821 0.000340816180660382   0.0064387576673442   0.0005762041554931  0.00765878809172334  0.00366483462039284
  0.0298885257805185 0.000342520261563694    0.008126801201928   0.0006306667847916  0.00741986215267065  0.00358318428727409
  0.0298885257805185 0.000351109913383227   0.0075005974481972    0.000387183599532  0.00742415584011109  0.00358348259548391
  0.0300379684094211 0.000352865462950106    0.006384536129675   0.0003357371341612  0.00721667259301902  0.00350375158965531
  0.0300379684094211 0.000344232862871507   0.0075187577377903   0.0005916958764965  0.00721247023536125  0.00350346081296076
  0.0301881582514682  0.00034595402718586   0.0061257206420072   0.0005394291731821  0.00703604053063855  0.00342561500702462
  0.0301881582514682 0.000354629790264883    0.006311449822066   0.0003345754934709  0.00704012616920465  0.00342589846198595
  0.0303390990427256 0.000356402939216221   0.0062424743418238   0.0003248826347539   0.0068937513241798  0.00334987540365616
  0.0303390990427256 0.000347683797321783   0.0062460167025124   0.0005479377286342  0.00688980684084033  0.00334959906721175
  0.0304907945379392 0.000349422216308408   0.0063209049232806   0.0005412938713368  0.00677281507218637  0.00327536653538729
  0.0304907945379392 0.000358184953912272   0.0061653895565511   0.0003218816021052  0.00677659510572773   0.0032756359501985
  0.0306432485106289 0.000359975878681826    0.007246775490433   0.0003570142489719  0.00668752478955857  0.00320313493901831
  0.0306432485106289 0.000351169327389936   0.0059264580138109   0.0005637020615689  0.00668393117826248  0.00320287225506535
   0.030796464753182 0.000352925174026879   0.0063793025717367   0.0005791571206037  0.00662185050064395  0.00313207233046062
   0.030796464753182 0.000361775758075244   0.0062778328997843    0.000327950402815  0.00662523721039183  0.00313232846843632
  0.0309504470769479 0.000363584636865648    0.006067117904152   0.0003087578433336  0.00658826942144749  0.00306317385819048
  0.0309504470769479 0.000354689799897028   0.0066468560537763   0.0005511847742884  0.00658510843954311  0.00306292408699874
  0.0311051993123327 0.000356463248896518   0.0063472393957319   0.0005569425793344  0.00657209237489411  0.00299538603322756
  0.0311051993123327 0.000365402560049936   0.0063756949628334   0.0003195972256326  0.00657501060287401  0.00299562961133899
  0.0312607253088943 0.000367229572850191   0.0063001643641244   0.0003221486467129  0.00658371512801342  0.00292965537750779
  0.0312607253088943 0.000358245565140977   0.0060900681631173    0.000523359766964  0.00658105474664203  0.00292941782407242
  0.0314170289354388 0.000360036792966709   0.0067318963185597   0.0005451748751611  0.00661012719232229  0.00286498022538172
  0.0314170289354388 0.000369065720714437   0.0056963269295477     0.00029466166444  0.00661251668573582  0.00286521191742867
   0.031574114080116 0.000370911049318047   0.0056733715723379   0.0002846729114875  0.00665944334747521  0.00280226106871745
   0.031574114080116  0.00036183697693155   0.0072426089393507   0.0006110604734068  0.00665733563040432  0.00280203507971223
  0.0317319846505165 0.000363646161816178   0.0068269059525442   0.0005456631757023  0.00672061616941855  0.00274054527330428
  0.0317319846505165 0.000372765604564628   0.0062266442346585   0.0002990569120059  0.00672243345915052  0.00274076571284231
  0.0318906445737691 0.000374629432587431   0.0065547407338376   0.0003014579965885  0.00679935223092181  0.00268068974323594
  0.0318906445737691 0.000365464392625265   0.0075520096347164   0.0006155350825397  0.00679783171564704  0.00268047470420043
   0.032050097796638 0.000367291714588408   0.0063444806483973   0.0005548897651015  0.00688678914617327  0.00262178825146316
   0.032050097796638 0.000376502579750361   0.0067220377116548   0.0003022527832133  0.00688800889174769  0.00262199803450701
  0.0322103482856212  0.00037838509264913   0.0065605655011619   0.0002981500985412  0.00698617427099246  0.00256465641270748
  0.0322103482856212 0.000369128173161359   0.0060715313723837   0.0005250039746746  0.00698525690937044  0.00256445174544818
  0.0323714000270493 0.000370973814027134   0.0069294122780463   0.0006053706333091  0.00709098291144887  0.00250843193909283
  0.0323714000270493 0.000380277018112399   0.0057852111223284   0.0002722727023832  0.00709159866586812  0.00250863162661536
  0.0325332570271845  0.00038217840320293   0.0063007363479746   0.0002781710656375  0.00720202985126411  0.00245389131999365
  0.0325332570271845 0.000372828683097282    0.007955561547567    0.000582177083396  0.00720171254545683  0.00245369648018062
  0.0326959233123204 0.000374692826512781   0.0073977393843904   0.0005662592405152  0.00731520671809104  0.00240021388454399
  0.0326959233123204 0.000384089295218938   0.0067091270223559   0.0002866787203548  0.00731523108747106  0.00240040400478796
   0.032859402928882 0.000386009741695032   0.0076567747750295   0.0003112852566081  0.00742899898138626  0.00234813903522711
   0.032859402928882  0.00037656629064535   0.0088217811725063   0.0006315709565117  0.00742925972976383  0.00234795351016993
  0.0330236999435264 0.000378449122098556   0.0079353844473307   0.0006141709789949  0.00754171686452926  0.00229688553217399
  0.0330236999435264 0.000387939790403524    0.007053982229023    0.000283729345608  0.00754118105793359  0.00229706658279229
  0.0331888184432441 0.000389879489355541   0.0076896761884892   0.0003017964005101  0.00764969290056466  0.00224715761202192
  0.0331888184432441 0.000380341367709045   0.0084165995196895   0.0006258444177369  0.00765049154861497  0.00224698091860972
  0.0333547625354603 0.000382243074547601   0.0079210899067047   0.0005932097367063  0.00775358193936554  0.00219821140708246
  0.0333547625354603 0.000391828886802335   0.0069705568591235   0.0002760028997943  0.00775253472275682  0.00219838385712109
  0.0335215363481376 0.000393788031236348   0.0078384120963927   0.0002959971908623  0.00784780723631679  0.00215071779934483
  0.0335215363481376  0.00038415428992034     0.00888082904583   0.0006293447417562  0.00784908681030633  0.00215054948213698
  0.0336891440298783 0.000395756971392527    0.008180246165667    0.000297381379758  0.00793372668696236  0.00210413264512719
  0.0336891440298783 0.000386075061369936    0.007010171497895   0.0005890835926556  0.00793522060270804  0.00210396835339044
  0.0338575897500276 0.000388005436676773   0.0070345645649337   0.0005800617085005  0.00801032751942169  0.00205844193438298
  0.0338575897500276 0.000397735756249469   0.0081953420197066   0.0002970698491352  0.00800863893303621   0.0020586023049278
  0.0340268776987778  0.00038994546386017   0.0076820874620283   0.0006220330083399   0.0080728945428024   0.0020139448221191
  0.0340268776987778 0.000399724435030743    0.007592824205686    0.000278186260349  0.00807103244924954  0.00201410137276962
  0.0341970120872717  0.00040172305720586   0.0079101764308827   0.0002802722212516  0.00811955014402495  0.00197060510644288
  0.0341970120872717  0.00039189519117949   0.0082995886719959   0.0006205512345074  0.00812156326521513  0.00197045227727522
   0.034367997147708 0.000393854667135372   0.0079394560921915   0.0006325316911919    0.008155140427897  0.00192794020504813
   0.034367997147708  0.00040373167249189   0.0081553317356325   0.0002841963335872  0.00815299988628713  0.00192808940835013
  0.0345398371334466 0.000405750330854352    0.007878023181154   0.0002764925404202  0.00817036364542266  0.00188653080696953
  0.0345398371334466  0.00039582394047104   0.0071726584516322   0.0005934666905454  0.00817260707182216  0.00188638513662165
  0.0347125363191138  0.00040777908250862    0.007732653200451   0.0002756711581419  0.00817080515660813  0.00184590643891417
  0.0347125363191138 0.000397803060173418   0.0078020424987399    0.000613200601929  0.00817312621269175  0.00184576421122896
  0.0348860990007094 0.000409817977921189   0.0074975179735638   0.0002589465162861  0.00815367603280524  0.00180619403156514
  0.0348860990007094 0.000399792075474268   0.0091446494877238   0.0006663804718765  0.00815604896126672  0.00180605515878887
  0.0350605294957129 0.000401791035851635   0.0080031573312605   0.0006251299473492  0.00812091902000805  0.00176723628309578
  0.0350605294957129 0.000411867067810786   0.0077519296486229   0.0002676716512001  0.00811852025447328  0.00176737188625872
  0.0352358321431915 0.000403799991030913   0.0080055798248887   0.0006216119395671  0.00806747549742771  0.00172928644554319
  0.0352358321431915 0.000413926403149851   0.0077276793809506    0.000260635579739  0.00806507697849322  0.00172941886200697
  0.0354120113039074 0.000405818990986072   0.0074706907836059   0.0005799716187351   0.0079956539927284  0.00169218504936208
  0.0354120113039074 0.000415996035165605    0.007761343433121   0.0002650277732521  0.00799328161897883  0.00169231435973353
  0.0355890713604269 0.000418076015341401   0.0073488195681155     0.00024942932705  0.00790326516461204  0.00165603830700563
  0.0357670167172291 0.000420166395418132   0.0077948462529757   0.0002535858040502  0.00779535170992767  0.00162057114324545
  0.0359458518008152 0.000422267227395202   0.0080580634655741   0.0002563782139523  0.00767005419161696   0.0015858938054036
  0.0361255810598193 0.000424378563532187   0.0072556780258423    0.000244001671599  0.00752806833543948  0.00155198771407853
  0.0363062089651184 0.000426500456349851   0.0069872157971566   0.0002377167542271  0.00737026483473303  0.00151883476006667
   0.036487740009944 0.000428632958631592   0.0073408903039101   0.0002390020326056   0.0071976797977556  0.00148641729132796
  0.0366701787099937 0.000430776123424756   0.0070828327338995   0.0002349400546818   0.0070115035181374  0.00145471810035273
  0.0368535296035436 0.000432930004041868    0.006553875144157   0.0002209811123714  0.00681306764046349  0.00142372041191595
  0.0370377972515614 0.000435094654062081   0.0070952888295937   0.0002278058681871  0.00660383081132454  0.00139340787120557
  0.0372229862378192 0.000437270127332399   0.0066197663138665   0.0002229734693535  0.00638536292489203  0.00136376453231246
  0.0374091011690083 0.000439456477969045   0.0065341367451762   0.0002169861813108  0.00615932809097423  0.00133477484706915
  0.0375961466748533 0.000441653760358896   0.0056329240242646   0.0001982902946346  0.00592746647234825  0.00130642365422613
  0.0377841274082275 0.000443862029160722   0.0056800102005414   0.0001978147050568  0.00569157515662308  0.00127869616895395
  0.0379730480452687 0.000446081339306497   0.0055271866069318   0.0001926442844921  0.00545348824565206   0.0012515779726603
   0.038162913285495 0.000448311746003057   0.0049118875020571   0.0001770028803841   0.0052150563622032  0.00122505500311167
  0.0383537278519225 0.000450553304733036   0.0049941315164589   0.0001774899226037  0.00497812578882062  0.00119911354484917
  0.0385454964911821  0.00045280607125673   0.0046526623977274   0.0001706913712427  0.00474451746717735  0.00117374021988904
   0.038738223973638 0.000455070101612994   0.0043155105665095   0.0001629946029139  0.00451600609729642  0.00114892197869823
  0.0389319150935062 0.000457345452121062    0.004185394309526   0.0001608035118988  0.00429429958442788  0.00112464609143614
  0.0391265746689737 0.000459632179381656   0.0036910144921329   0.0001488356644859  0.00408101908671318  0.00110090013945372
  0.0393222075423186 0.000461930340278599   0.0036182763757032   0.0001450467738628  0.00387767991871335  0.00107767200704152
  0.0395188185800302 0.000464239991979958   0.0034707204238313   0.0001389900315229  0.00368567356412472  0.00105494987341865
  0.0397164126729303 0.000466561191939873   0.0036251411397985   0.0001409131122216  0.00350625104531807   0.0010327222049548
   0.039914994736295 0.000468893997899575   0.0030969112442049   0.0001312058388001  0.00334050788756206  0.00101097774761777
  0.0401145697099764 0.000471238467889087   0.0031583313702531   0.0001321336209525  0.00318937090184892 0.000989705519639336
  0.0403151425585263 0.000473594660228535    0.002817801082951   0.0001210752536044  0.00305358699214495 0.000968894804392337
  0.0405167182713189 0.000475962633529681   0.0027918390124798   0.0001212456849715   0.0029337141707641 0.000948535143472407
  0.0407193018626755 0.000478342446697325   0.0026319996990052   0.0001159445394935  0.00283011493960709 0.000928616329977625
  0.0409228983719889 0.000480734158930786   0.0025744051276237   0.0001138862058939  0.00274295216554921 0.000909128401980021
  0.0411275128638489 0.000483137829725435   0.0024596410828442   0.0001094929930449   0.0026721875456856 0.000890061636182725
  0.0413331504281681 0.000485553518874055   0.0023805151499318   0.0001067272418348  0.00261758272295361  0.00087140654175701
  0.0415398161803089  0.00048798128646845   0.0023297079511772   0.0001058961504744  0.00257870307540219 0.000853153854353501
  0.0417475152612105 0.000490421192900807   0.0022064579100633   0.0001016402276925  0.00255492416369579  0.00083529453028221
  0.0419562528375165 0.000492873298865308   0.0025986504977049   0.0001090754818814  0.00254544078198664 0.000817819740856094
  0.0421660341017041 0.000495337665359618   0.0021584072776982    9.96562777605e-05  0.00254927851776184 0.000800720866892973
  0.0423768642722126 0.000497814353686412    0.002433058677374   0.0001027629127437  0.00256530768736868 0.000783989493371106
  0.0425887485935737 0.000500303425454862   0.0022462328394377    9.99046110911e-05  0.00259225947633803  0.00076761740423348
  0.0428016923365415 0.000502804942582123   0.0023987695635367   0.0001028698641866  0.00262874407802781 0.000751596577336423
  0.0430157007982242 0.000505318967295032   0.0025906974495123    0.000104877126785  0.00267327059112275 0.000735919179537959
  0.0432307793022154 0.000507845562131507    0.002724107135648   0.0001080635498455  0.00272426840672437 0.000720577561921804
  0.0434469331987264 0.000510384789942166   0.0027214321636677   0.0001050762378351  0.00278010978965448 0.000705564255152785
    0.04366416786472  0.00051293671389189   0.0026466622667545   0.0001022430004483  0.00283913333661235 0.000690871964959641
  0.0438824887040437 0.000515501397461316   0.0027431374731299   0.0001051715887678  0.00289966797632707 0.000676493567741542
  0.0441019011475639 0.000518078904448662   0.0028003166609739   0.0001041030056658  0.00296005716411888 0.000662422106294459
  0.0443224106533017  0.00052066929897087   0.0028809622492972   0.0001044129299461  0.00301868291552788 0.000648650785653762
  0.0445440227065682 0.000523272645465732   0.0027964569636861   0.0001019156821749  0.00307398932102001 0.000635172969049728
   0.044766742820101 0.000525889008693079   0.0029519735919885   0.0001040216301772  0.00312450518630715 0.000621982173972438
  0.0449905765342015 0.000528518453736518   0.0029930179072776   0.0001045061577779  0.00316886545052131 0.000609072068342888
  0.0452155294168725 0.000531161046005223   0.0029191318702562   0.0001013454326955  0.00320583104731707 0.000596436466787169
  0.0454416070639569 0.000533816851235244   0.0030854510537258   0.0001036189889419  0.00323430689184288 0.000584069327010628
  0.0456688150992767 0.000536485935491423   0.0032776862823474   0.0001060313505292  0.00325335769928024 0.000571964746269129
   0.045897159174773 0.000539168365168875   0.0032042369419515   0.0001030482261549  0.00326222136812253 0.000560116957934508
  0.0461266449706469 0.000541864206994735   0.0031319345688877   0.0001024938644122  0.00326031969333149 0.000548520328151482
  0.0463572781955001 0.000544573528029682   0.0031207140733265   0.0001017859452523   0.0032472662107141 0.000537169352583408
  0.0465890645864776 0.000547296395669851   0.0029970992581591    9.79820551661e-05  0.00322287101400292  0.00052605865324419
    0.04682200990941 0.000550032877648195   0.0029359429198861    9.58267396541e-05  0.00318714242984926 0.000515182975413946
   0.047056119958957 0.000552783042036433   0.0030392749420683    9.59615482126e-05  0.00314028548284256 0.000504537184635958
  0.0472914005587518 0.000555546957246624    0.003138895031788    9.85958112814e-05  0.00308269713227779 0.000494116263792562
  0.0475278575615456 0.000558324692032866   0.0026863371138669    8.91476948782e-05  0.00301495831415648 0.000483915310257763
  0.0477654968493533 0.000561116315492994   0.0027381997606116    9.02351656698e-05  0.00293782287519046 0.000473929533124305
  0.0480043243336001 0.000563921897070488   0.0027571466654963    8.94905595779e-05   0.0028522035396595 0.000464154250503112
  0.0482443459552681 0.000566741506555839   0.0027351263959423    8.82007483709e-05  0.00275915510403346 0.000454584886893052
  0.0484855676850444  0.00056957521408862   0.0025878887489157    8.62926464634e-05  0.00265985510739317 0.000445216970618984
  0.0487279955234696 0.000572423090159066   0.0025145020369438    8.43930796079e-05  0.00255558227687346 0.000436046131336194
   0.048971635501087 0.000575285205609851   0.0022760423523038    7.90562675694e-05  0.00244769309552711 0.000427068097599324
  0.0492164936785924 0.000578161631637877   0.0023684025308425    8.13116684234e-05  0.00233759688403606 0.000418278694494002
  0.0494625761469853 0.000581052439796093   0.0022302295238941    8.15801366115e-05  0.00222672982640972 0.000409673841329368
  0.0497098890277203 0.000583957701995074   0.0019208007163117    7.62819995848e-05  0.00211652840204377 0.000401249549389844
  0.0499584384728589 0.000586877490505053   0.0019081913293948    7.11141665088e-05  0.00200840271113442 0.000393001919744479
  0.0502082306652232  0.00058981187795758   0.0018521805448009    6.87124151688e-05  0.00190371019640585 0.000384927141112226
  0.0504592718185493 0.000592760937347346   0.0017365652484691    6.62881946249e-05  0.00180373027048917 0.000377021487781664
   0.050711568177642 0.000595724742034098   0.0015628776932264    6.25465436965e-05  0.00170964035433004 0.000369281317583609
  0.0509651260185302 0.000598703365744246    0.001612172029255    6.34623199814e-05  0.00162249381716638 0.000361703069915171
  0.0512199516486228 0.000601696882572994   0.0013819772406258    5.83472018479e-05  0.00154320028261659  0.00035428326381385
   0.051476051406866  0.00060470536698586    0.001337681531394    5.69847588674e-05  0.00147250872825576  0.00034701849608027
  0.0517334316639003 0.000607728893820764   0.0013453821431598     5.7169950938e-05  0.00141099375804596 0.000339905439448263
  0.0519920988222198 0.000610767538289894   0.0012989813704155    5.62507020294e-05  0.00135904536876013 0.000332940840800941
  0.0522520593163309 0.000613821375981316   0.0012629634618369    5.45982478832e-05  0.00131686246406223 0.000326121519431587
  0.0525133196129125 0.000616890482861231   0.0012207630916397    5.32040786055e-05  0.00128445029444634 0.000319444365348083
  0.0527758862109771 0.000619974935275541   0.0012387078204162    5.32420009311e-05  0.00126162191935606  0.00031290633761971
   0.053039765642032 0.000623074809951932   0.0011131200527576    5.01292347171e-05  0.00124800370130581 0.000306504462765209
  0.0533049644702421 0.000626190184001699   0.0012523850790988    5.38142183163e-05   0.0012430447527104 0.000300235833180934
  0.0535714892925933 0.000629321134921698   0.0011639064950766    5.20133377829e-05  0.00124603016654334 0.000294097605608059
  0.0538393467390563 0.000632467740596306   0.0013196224958231    5.73119806625e-05  0.00125609777410665 0.000288086999637785
  0.0541085434727516 0.000635630079299278   0.0011796300582349    5.32637104317e-05  0.00127225808933636 0.000282201296253522
  0.0543790861901153 0.000638808229695754    0.001268451650969    5.22485308613e-05  0.00129341702136219 0.000276437836409055
  0.0546509816210659 0.000642002270844246   0.0012245246396685    5.04503869578e-05  0.00131840086754068 0.000270794019641745
  0.0549242365291712 0.000645212282198471   0.0012812414610005    5.11749247508e-05  0.00134598303976525 0.000265267302719844
  0.0551988577118171 0.000648438343609469   0.0012607263734049    4.98127230545e-05  0.00137491192917268 0.000259855198322989
  0.0554748520003761 0.000651680535327516   0.0013480805320208    5.20216582981e-05  0.00140393927979381 0.000254555273755033
   0.055752226260378 0.000654938938004161   0.0013851352427331    5.18064249805e-05  0.00143184842131768  0.00024936514968833
  0.0560309873916799 0.000658213632694183   0.0013157180934352    5.04800981844e-05  0.00145748170570968 0.000244282498938673
  0.0563111423286383 0.000661504700857622     0.00138074569831    5.23426210566e-05    0.001479766502372 0.000239305045270059
  0.0565926980402815 0.000664812224361911   0.0014407648024127    5.31988181007e-05  0.00149773913193911 0.000234430562228514
  0.0568756615304829 0.000668136285483737   0.0014905887578106    5.42540904821e-05  0.00151056615940739 0.000229656872004204
  0.0571600398381353 0.000671476966911168   0.0013584093330915     5.1835385405e-05  0.00151756252251369  0.00022498184432112
  0.0574458400373259 0.000674834351745732   0.0014995417357346    5.36916683617e-05  0.00151820604018435 0.000220403395353586
  0.0577330692375126 0.000678208523504459   0.0014635326042888    5.30130964082e-05  0.00151214792723614 0.000215919486668922
  0.0580217345837001 0.000681599566121953   0.0015055809783844    5.38335542838e-05  0.00149921903378302 0.000211528124195584
  0.0583118432566186 0.000685007563952569   0.0013969475433666    5.08951118955e-05  0.00147943162915026 0.000207227357216082
  0.0586034024729017 0.000688432601772357   0.0013606296510674    4.99538837222e-05  0.00145297665840772 0.000203015277384109
  0.0588964194852662 0.000691874764781189   0.0013926264130925    5.10265576528e-05  0.00142021651253544 0.000198890017765189
  0.0591909015826925 0.000695334138605096    0.001339268879924    4.91966554802e-05  0.00138167346812395 0.000194849751900283
   0.059486856090606 0.000698810809298132   0.0012131211325782     4.6462988627e-05  0.00133801406658716 0.000190892692891745
   0.059784290371059 0.000702304863344628   0.0012686315487925    4.78381835604e-05  0.00129002981317483 0.000187017092511076
  0.0600832118229143 0.000705816387661359   0.0012203116264975    4.74269117957e-05  0.00123861467956437 0.000183221240327892
  0.0603836278820289  0.00070934546959966   0.0011112129108026     4.5090345679e-05  0.00118473998741733 0.000179503462859594
   0.060685546021439 0.000712892196947643   0.0010532164582708    4.30755675244e-05   0.0011294273309935 0.000175862122741202
  0.0609889737515462 0.000716456657932399   0.0010306312145112    4.27812446005e-05   0.0010737202618752 0.000172295617914835
  0.0612939186203039 0.000720038941222038   0.0009808535904092    4.17298363474e-05  0.00101865550548408 0.000168802380838364
  0.0616003882134054 0.000723639135928153   0.0009643857421701    4.10587905759e-05 0.000965234505170565 0.000165380877712718
  0.0619083901544725 0.000727257331607813   0.0008031447188564    3.72163880297e-05  0.00091439609351878 0.000162029607727415
  0.0622179321052448  0.00073089361826586   0.0008721958774522    3.92497992267e-05 0.000866991071033124 0.000158747102323829
   0.062529021765771 0.000734548086357155   0.0009098453191528    4.04977959912e-05 0.000823759429153005 0.000155531924475753
  0.0628416668745999  0.00073822082678896   0.0006612986542911    3.44165759615e-05 0.000785310887945468 0.000152382667986845
  0.0631558752089729 0.000741911930922887   0.0006766492439669    3.43018013258e-05 0.000752109330031938 0.000149297956804512
  0.0634716545850177 0.000745621490577495   0.0007173892250032    3.49590303614e-05 0.000724461603328098 0.000146276444349833
  0.0637890128579428 0.000749349598030403   0.0006057291742184    3.21466123494e-05 0.000702511038829487 0.000143316812863119
  0.0641079579222325 0.000753096346020552   0.0006508520346775     3.3872782404e-05 0.000686235889518788 0.000140417772764731
  0.0644284977118437 0.000756861827750658   0.0006892714224717    3.42828853668e-05 0.000675452746704661 0.000137578062030758
  0.0647506402004029 0.000760646136889427   0.0005821249028356    3.20207609142e-05 0.000669824835435852 0.000134796445583214
  0.0650743934014049 0.000764449367573843   0.0006062107689922    3.34492164046e-05 0.000668874936122459 0.000132071714694368
  0.0653997653684119  0.00076827161441172    0.000639599992814    3.51157214376e-05 0.000672002530355938 0.000129402686404882
   0.065726764195254 0.000772112972483779   0.0006673676277547    3.54199965039e-05 0.000678504630333481   0.0001267882029554
  0.0660553980162302   0.0007759735373462   0.0006350010360182    3.47028766652e-05 0.000687599628212631 0.000124227131231277
  0.0663856750063114 0.000779853405032951   0.0006285957279112    3.40470550618e-05 0.000698453398676565   0.0001217183622201
  0.0667176033813429 0.000783752672058089   0.0006895512753904    3.51613368979e-05 0.000710206808908736 0.000119260810481716
  0.0670511913982496 0.000787671435418386   0.0006744487347814    3.43175218868e-05 0.000722003738234974 0.000116853413630438
  0.0673864473552409 0.000791609792595499   0.0006892736849642    3.43739352095e-05   0.0007330186871904  0.00011449513182915
  0.0677233795920171 0.000795567841558471   0.0007399028583808    3.53483367548e-05  0.00074248306403623 0.000112184947295015
  0.0680619964899772 0.000799545680766242   0.0007231203399924    3.45967032854e-05 0.000749709276083405 0.000109921863816497
   0.068402306472427 0.000803543409170064   0.0005871185790838    3.12048750343e-05 0.000754111822813791 0.000107704906281435
  0.0687443180047892 0.000807561126215923   0.0007317593755369    3.47425205579e-05 0.000755224685910558 0.000105533120215893
  0.0690880395948131 0.000811598931847006   0.0007563338185256    3.57121648192e-05  0.00075271443508686 0.000103405571333537
  0.0694334797927871 0.000815656926506242   0.0006703799232456    3.24931964486e-05 0.000746388614257718 0.000101321345095266
  0.0697806471917511 0.000819735211138769   0.0006758436215281    3.27452855012e-05 0.000736199135501703  9.9279546278864e-05
  0.0701295504277098  0.00082383388719448   0.0007417953664836    3.34394473873e-05 0.000722240583043575 9.72792985584419e-05
  0.0704801981798484 0.000827953056630446   0.0007049225391483    3.28154953755e-05 0.000704743510209543 9.53197440934026e-05
  0.0708325991707476 0.000832092821913588   0.0006353012497817       3.13242384e-05 0.000684062992607997 9.34000431267381e-05
  0.0711867621666013 0.000836253286023142    0.000602715930939    2.99524374584e-05 0.000660662874102432 9.15193735924076e-05
  0.0715426959774343 0.000840434552453291   0.0006216506522335    3.02317301444e-05 0.000635096301912319 8.96769307315954e-05
  0.0719004094573215 0.000844636725215541   0.0005594854218064    2.89154769549e-05 0.000607983287089857 8.78719267176322e-05
  0.0722599115046081 0.000848859908841613   0.0005795356669737    2.92345678228e-05 0.000579986140863106 8.61035902893725e-05
  0.0726212110621311 0.000853104208385817    0.000486341631875    2.66664890013e-05  0.00055178372084868 8.43711663928293e-05
  0.0729843171174418 0.000857369729427771   0.0004800562771191     2.6444046231e-05  0.00052404546986028 8.26739158308683e-05
   0.073349238703029 0.000861656578074904   0.0004583561117748    2.57726902067e-05 0.000497406241142728 8.10111149207761e-05
  0.0737159848965441 0.000865964860965265   0.0004123363443446     2.4718694026e-05 0.000472442875936664  7.9382055159507e-05
  0.0740845648210268 0.000870294685270106    0.000478052460784    2.61882308172e-05 0.000449653432486953 7.77860428964364e-05
  0.0744549876451319 0.000874646158696433   0.0004414333588808    2.50528608476e-05 0.000429439861755991 7.62223990134387e-05
  0.0748272625833576 0.000879019389489936   0.0003663336811268    2.27921357375e-05 0.000412094787657067 7.46904586121188e-05
  0.0752013988962744 0.000883414486437367   0.0003612752628792    2.30316508153e-05 0.000397792883628824 7.31895707080302e-05
  0.0755774058907557 0.000887831558869554   0.0003690496133722    2.26551495694e-05 0.000386587149298022 7.17190979317132e-05
  0.0759552929202095 0.000892270716663907    0.000365370993815    2.30798130591e-05 0.000378410188472792 7.02784162363946e-05
  0.0763350693848105 0.000896732070247219   0.0003696251198568    2.30140014205e-05 0.000373080381286363 6.88669146121978e-05
  0.0767167447317346 0.000901215730598471   0.0003693448669267    2.26814987042e-05 0.000370312637977385  6.7483994806701e-05
  0.0771003284553933 0.000905721809251465   0.0003639465729041    2.27387671173e-05 0.000369733228631081 6.61290710517074e-05
  0.0774858300976702 0.000910250418297707   0.0003759316692214     2.2329201319e-05 0.000370898010943907 6.48015697960731e-05
  0.0778732592481586 0.000914801670389214   0.0003527593663269    2.23007175823e-05 0.000373313234661224 6.35009294444561e-05
  0.0782626255443993 0.000919375678741147   0.0003357101772891     2.1562021843e-05 0.000376457993540889 6.22266001018525e-05
  0.0786539386721213 0.000923972557134862   0.0003730954365582    2.25243238071e-05 0.000379807328758023 6.09780433237756e-05
  0.0790472083654819 0.000928592419920552   0.0003312220689377    2.14357776895e-05 0.000382854965024576 5.97547318719598e-05
  0.0794424444073093 0.000933235382020127   0.0003329941667406    2.13110265456e-05 0.000385134683789094 5.85561494754511e-05
  0.0798396566293459 0.000937901558930234   0.0003606228641563    2.22050308681e-05 0.000386239406041719  5.7381790596966e-05
  0.0802388549124926 0.000942591066724883    0.000375339697989    2.20428482125e-05 0.000385837167704426 5.62311602043957e-05
  0.0806400491870551 0.000947304022058514   0.0003439100710617    2.14119893583e-05 0.000383683318550382 5.51037735473352e-05
  0.0810432494329903  0.00095204054216879   0.0003907062026519    2.26385658985e-05 0.000379628454456447 5.39991559385267e-05
  0.0814484656801553  0.00095680074487966   0.0003709394790463    2.20915238205e-05 0.000373621794386225  5.2916842540097e-05
   0.081855708008556 0.000961584748604034   0.0003528221686152    2.15810984452e-05 0.000365709928466289 5.18563781544889e-05
   0.081855708008556  0.00096044680492518   0.0003263223939012     1.7992624564e-05 0.000365721252616185 5.18562130778685e-05
  0.0822649865485988 0.000965249038949809   0.0003420091873355    1.78862268031e-05  0.00035604094963542 5.08171553044203e-05
  0.0822649865485988 0.000966392672347049   0.0003967127888714    2.24287784167e-05  0.00035603108171282 5.08173170199674e-05
  0.0826763114813418  0.00097122463570879   0.0003185042898618    2.08958092987e-05 0.000344805248932593 4.97992226106077e-05
  0.0826763114813418 0.000970075284144586    0.000316352583685    1.71337848921e-05 0.000344813218666626  4.9799064186699e-05
  0.0830896930387485 0.000974925660565308   0.0003340240844969     1.8268572825e-05 0.000332326486438509 4.88015122404134e-05
  0.0830896930387485 0.000976080758887346   0.0003210583333827     2.0176871882e-05 0.000332320749785069 4.88016674406543e-05
  0.0835051415039422  0.00097980028886811   0.0003365867828834    1.70466782764e-05 0.000318921208050712 4.78240808300441e-05
  0.0835051415039422 0.000980961162681783   0.0003094056286883    2.00065667327e-05 0.000318917919365283 4.78242328731546e-05
  0.0839226672114619 0.000985865968495202   0.0002625212588926     1.8911977506e-05 0.000304970780547697 4.68665089327703e-05
  0.0839226672114619 0.000984699290312442   0.0003098421695311    1.69955439977e-05 0.000304971533209703 4.68663599816547e-05
  0.0843422805475192 0.000989622786764034   0.0002871693517193     1.5922109995e-05 0.000290865888832441 4.59279481997861e-05
  0.0843422805475192 0.000990795298337665   0.0002751254884232    1.90436926053e-05  0.00029086763295846 4.59280941226711e-05
  0.0847639919502568 0.000994570900697834   0.0002754764706554    1.55169919153e-05 0.000276987454855684 4.50084522883391e-05
  0.0847639919502568 0.000995749274829342   0.0002487796090342    1.79136954001e-05 0.000276991535092396  4.5008595245416e-05
  0.0851878119100081 0.000999543755201317   0.0002633623953513    1.57344572114e-05 0.000263695502373853 4.41074871753566e-05
  0.0851878119100081  0.00100072802120348   0.0002539747113887    1.86291616054e-05 0.000263701648377521 4.41076272277351e-05
  0.0856137509695581  0.00100573166130951     0.00025252205524    1.79358607788e-05 0.000251316355064915 4.32248129491209e-05
  0.0856137509695581  0.00100454147397732   0.0002631119043893    1.54459746564e-05 0.000251308506285046 4.32246757416152e-05
  0.0860418197244059  0.00100956418134722   0.0002111629976497    1.31095366198e-05 0.000240089841202384 4.23596486529415e-05
  0.0860418197244059  0.00101076031961605   0.0002161666692981    1.72142078416e-05 0.000240098958434065 4.23597830741433e-05
  0.0864720288230279  0.00101581412121414   0.0001986519138183     1.6266368909e-05  0.00023024662921974 4.15121758884058e-05
  0.0864720288230279  0.00101461200225397   0.0002221421331742    1.34881571743e-05 0.000230236724754307 4.15120441961682e-05
  0.0869043889671431  0.00101968506226522   0.0002212899555232    1.31778964457e-05 0.000221872894111273 4.06815081186481e-05
  0.0869043889671431  0.00102089319182021   0.0002050554669372    1.63969612463e-05 0.000221883083942299 4.06816371380582e-05
  0.0873389109119788  0.00102478348757656   0.0002036052284934    1.20244748992e-05 0.000215045299117958 3.98676934712455e-05
  0.0873389109119788  0.00102599765777932    0.000205789797335    1.62385216765e-05 0.000215055278436148 3.98678198727879e-05
  0.0877756054665386  0.00102990740501444    0.000194794493389    1.20853552698e-05 0.000209724879685231 3.90702604547264e-05
  0.0877756054665386   0.0010311276460682   0.0001980846655667    1.63871295819e-05 0.000209734184222773 3.90703842922093e-05
  0.0882144834938713  0.00103628328429856   0.0001678851078017    1.52490900573e-05 0.000205819498197477 3.82889975955765e-05
  0.0882144834938713  0.00103505694203949   0.0001941523298855    1.19640546808e-05 0.000205811277841449 3.82888762694718e-05
  0.0886555559113407  0.00104023222674972   0.0001819894203211    1.13480095055e-05 0.000203141127961627 3.75232149684394e-05
  0.0886555559113407  0.00104146470072004   0.0001912740365022    1.58287697895e-05 0.000203147929292083 3.75233338347447e-05
  0.0890988336908974  0.00104543338788344   0.0001804247157349    1.16190464492e-05 0.000201499383570538 3.67729573132997e-05
  0.0890988336908974  0.00104667202422365   0.0001940862391595    1.60670140088e-05 0.000201504520719439 3.67730737703055e-05
  0.0895443278593518  0.00105190538434476   0.0001961987893418    1.63056831041e-05 0.000200636313290012  3.6037904730827e-05
  0.0895443278593518  0.00105066055482289   0.0002028711232437    1.16245663809e-05 0.000200632985945754 3.60377906336766e-05
  0.0899920494986486   0.0010571649112665   0.0002057659106506    1.61274619429e-05 0.000200267542507955 3.53175204751275e-05
  0.0899920494986486  0.00105591385759699   0.0001937346885061      1.173414218e-05 0.000200266066924533 3.53174086894215e-05
  0.0904420097461418  0.00106119342688497   0.0001947678199323    1.16942063284e-05 0.000200115811932625 3.46115115358559e-05
  0.0904420097461418  0.00106245073582284   0.0001925684372671    1.63566837793e-05 0.000200115495790065 3.46116210575176e-05
  0.0908942197948725  0.00106649939401941   0.0002187125378366     1.2086623393e-05 0.000199908092712313  3.3919805391912e-05
  0.0908942197948725  0.00106776298950195   0.0001727252682494    1.55539680486e-05 0.000199906139613157 3.39199126959401e-05
  0.0913486908938469  0.00107183189098951   0.0001989133977172    1.12655225865e-05 0.000199392013046789 3.32420025111102e-05
  0.0913486908938469  0.00107310180444943    0.000191565865855    1.63007480366e-05 0.000199388660199012 3.32421076429475e-05
  0.0918054343483161  0.00107846731347168   0.0001850150450051    1.61259624673e-05 0.000198348143075043 3.25779240594509e-05
  0.0918054343483161  0.00107719105044446   0.0001881994519994    1.04254350853e-05 0.000198352592541338 3.25778210553094e-05
  0.0922644615200577  0.00108257700569665   0.0001874731404065    1.05530367522e-05  0.00019662093801733  3.1926984971166e-05
  0.0922644615200577  0.00108385965003907    0.000201634274755    1.67920123154e-05 0.000196615741293824 3.19270858911798e-05
  0.0927257838276579  0.00108927894828926   0.0001938555254343    1.68686144059e-05 0.000194075841560326 3.12893227477922e-05
  0.0927257838276579  0.00108798989072514   0.0001867328452434    1.08287437181e-05 0.000194081411604387 3.12892238692454e-05
  0.0931894127467962  0.00109342984017877   0.0001892456684587    1.01264349417e-05 0.000190675489453509 3.06642729057232e-05
  0.0931894127467962   0.0010947253430307   0.0001667872856436    1.55423099525e-05 0.000190669922280105 3.06643697845755e-05
  0.0936553598105302  0.00109889698937966   0.0001945581047437    1.02202424395e-05 0.000186402203969436 3.00518726666214e-05
  0.0936553598105302  0.00110019896974586   0.0001613032144941    1.50798997755e-05 0.000186396996439262 3.00519675866827e-05
  0.0941236366095829  0.00110439147432658   0.0001895486576754     9.8945197928e-06 0.000181315263634094  2.9451769054522e-05
  0.0941236366095829  0.00110569996459456   0.0001700890945893    1.57234606726e-05 0.000181310733322434 2.94518620558453e-05
  0.0945942547926308  0.00110991343169822   0.0001638355598593     9.3740685676e-06  0.00017551713587791 2.88637131777033e-05
  0.0950672260665939  0.00111546299885669    0.000158234475471     9.2769522344e-06 0.000169150548749156  2.8287461241645e-05
  0.0955425621969268  0.00112104031385096   0.0001557228137307     9.0161483012e-06 0.000162388006406626 2.77227744428514e-05
  0.0960202750079115  0.00112664551542021    0.000160042665913     9.1709767614e-06 0.000155420013778693 2.71694188649388e-05
   0.096500376382951  0.00113227874299732   0.0001450430234714     8.1909884628e-06 0.000148442761630964   2.662716537694e-05
  0.0969828782648658  0.00113794013671231   0.0001381971476276     8.3206829302e-06 0.000141646032118701 2.60957895337746e-05
  0.0974677926561901  0.00114362983739588   0.0001420078095097     8.2581450181e-06 0.000135202046995049 2.55750714788391e-05
   0.097955131619471  0.00114934798658284     0.00012306308564     7.6207218648e-06 0.000129255899266467 2.50647958486694e-05
  0.0984449072775684  0.00115509472651575   0.0001292172613591     7.7662017393e-06 0.000123918090209904 2.45647516796303e-05
  0.0989371318139562  0.00116087020014837   0.0001148810927964     7.0392245817e-06 0.000119259545574413 2.40747323165879e-05
   0.099431817473026  0.00116667455114909   0.0001169720152386     7.5239482947e-06 0.000115309317510046 2.35945353235201e-05
  0.0999289765603911  0.00117250792390484     0.00011550796578     7.1587084872e-06 0.000112055003392997 2.31239623960254e-05
   0.100428621443193  0.00117837046352437    9.56401304202e-05     6.7059652866e-06  0.00010944574066164 2.26628192756849e-05
   0.100930764550409    0.001184262315842    9.97130073287e-05     6.6668180424e-06 0.000107397479014084 2.22109156662401e-05
   0.101435418373161  0.00119018362742119   0.0001041427558473     6.4258872627e-06 0.000105800097645722 2.17680651515455e-05
   0.101942595465027   0.0011961345455583    9.96336889636e-05     6.2206767112e-06 0.000104525833622909 2.13340851152564e-05
   0.102452308442352  0.00120211521828607     8.8398129033e-05     6.2167286865e-06 0.000103438423689404 2.09087966622162e-05
   0.102964569984564  0.00120812579437749    9.60401017475e-05      6.248672164e-06 0.000102402338841468 2.04920245415043e-05
   0.103479392834486  0.00121416642334938    9.13901188705e-05     5.8782889509e-06 0.000101291509161232 2.00835970711094e-05
   0.103996789798659  0.00122023725546616   0.0001092223272069      6.535743859e-06 9.99969932132935e-05  1.9683346064192e-05
   0.104516773747652  0.00122633844174348    9.61736500806e-05     5.7444260576e-06 9.84331368430244e-05 1.92911067569035e-05
    0.10503935761639  0.00123247013395219    9.43805473631e-05     5.6878005563e-06 9.65418834344996e-05 1.89067177377254e-05
   0.105564554404472  0.00123863248462195    9.04676049322e-05     5.7689714844e-06 9.42950330023179e-05 1.85300208782978e-05
   0.106092377176495  0.00124482564704505    9.31799720251e-05     5.6943505479e-06 9.16943913802828e-05 1.81608612657038e-05
   0.106622839062377   0.0012510497752803    8.80902444327e-05     5.6361420203e-06 8.87698934343264e-05 1.77990871361789e-05
   0.107155953257689  0.00125730502415669    7.73746431366e-05     4.9874330031e-06 8.55759162580899e-05 1.74445498102137e-05
   0.107691733023977  0.00126359154927749    8.47945185579e-05     5.2065641263e-06  8.2186111296308e-05 1.70971036290217e-05
   0.108230191689097  0.00126990950702386    8.47495906523e-05     5.2029038091e-06 7.86871713935677e-05 1.67566058923395e-05
   0.108771342647543  0.00127625905455898    6.43892008773e-05      4.706557532e-06  7.5172004919396e-05 1.64229167975343e-05
   0.109315199360781  0.00128264034983176    7.18053206413e-05     4.7314409141e-06 7.17328115988738e-05 1.60958993799877e-05
   0.109861775357584  0.00128905355158093    6.53655654758e-05     4.5424408175e-06 6.84545430064342e-05 1.57754194547296e-05
   0.110411084234372  0.00129549881933885    6.10103164539e-05     4.3837433608e-06 6.54091866460925e-05 1.54613455592955e-05
   0.110963139655544  0.00130197631343554    5.83387113177e-05     4.4696050323e-06 6.26512400105394e-05 1.51535488977797e-05
   0.111517955353822  0.00130848619500272    5.41831463325e-05     4.2575841759e-06 6.02146456230591e-05 1.48519032860602e-05
   0.112075545130591  0.00131502862597771    5.22780433014e-05     3.9917093716e-06  5.8111346823317e-05 1.45562850981686e-05
   0.112635922856244   0.0013216037691076    5.11659952461e-05     3.8446322764e-06 5.63315048489136e-05 1.42665732137819e-05
   0.113199102470525  0.00132821178795316    5.47072005162e-05     3.9097663184e-06 5.48452988424064e-05 1.39826489668111e-05
   0.113765097982878  0.00133485284689291    6.00244328853e-05     4.1537623065e-06 5.36061198672624e-05 1.37043960950634e-05
   0.114333923472792  0.00134152711112739    5.24151060387e-05     3.8481930097e-06 5.25548752623366e-05 1.34317006909556e-05
   0.114905593090156  0.00134823474668301     4.6455804883e-05     3.6706894237e-06 5.16250469859111e-05 1.31644511532547e-05
   0.115480121055607  0.00135497592041643    4.45267033729e-05     3.5672973063e-06 5.07481017564991e-05 1.29025381398257e-05
   0.116057521660885  0.00136175080001851    4.41330517504e-05     3.4787646848e-06 4.98588347241859e-05 1.26458545213637e-05
   0.116637809269189   0.0013685595540186     4.1319784355e-05     3.2662155551e-06 4.89002430198044e-05 1.23942953360895e-05
   0.117220998315535   0.0013754023517887    4.25965025111e-05     3.4907243721e-06 4.78275696478607e-05 1.21477577453889e-05
   0.117807103307113  0.00138227936354764    3.91340317881e-05     3.2507002862e-06 4.66112285761601e-05 1.19061409903745e-05
   0.118396138823648  0.00138919076036539    4.45993253592e-05     3.3558307899e-06 4.52384134091531e-05 1.16693463493509e-05
   0.118988119517767  0.00139613671416722    4.09259970995e-05      3.267685612e-06 4.37132980015024e-05 1.14372770961648e-05
   0.119583060115355  0.00140311739773805    3.80861814847e-05      3.231880461e-06 4.20558498832378e-05 1.12098384594193e-05
   0.120180975415932  0.00141013298472675    3.91947482976e-05     3.0928359061e-06 4.02993878742897e-05 1.09869375825362e-05
   0.120781880293012  0.00141718364965036    3.39917164143e-05     2.8178522709e-06 3.84871151409986e-05 1.07684834846467e-05
   0.121385789694477  0.00142426956789864    3.49792612755e-05     2.8673315068e-06 3.66679401404427e-05 1.05543870222933e-05
   0.121992718642949  0.00143139091573813    3.32584765591e-05     2.9747758998e-06 3.48919535825081e-05 1.03445608519268e-05
   0.122602682236164  0.00143854787031682    2.85448245524e-05     2.6990173677e-06  3.3205954715814e-05 1.01389193931794e-05
   0.123215695647345  0.00144574060966841    2.68166644104e-05      2.576758824e-06 3.16494122518883e-05 9.93737879289957e-06
   0.123831774125582  0.00145296931271673    2.69428549566e-05     2.5034146344e-06 3.02512041185546e-05 9.73985688993124e-06
    0.12445093299621   0.0014602341592803    1.99434333209e-05     2.3585746301e-06 2.90274088667951e-05 9.54627318062222e-06
    0.12507318766119  0.00146753533007673    2.44213501251e-05     2.5657687489e-06 2.79803256016427e-05 9.35654878504607e-06
   0.125698553599496  0.00147487300672709    2.63886515918e-05     2.4359976565e-06 2.70987868469055e-05 9.17060641392246e-06
   0.126327046367494  0.00148224737176072    2.37823063339e-05     2.4689676572e-06 2.63597096893671e-05 8.98837033622154e-06
   0.126958681599331  0.00148965860861953    2.57068532766e-05     2.4091252197e-06 2.57307157839415e-05 8.80976634743728e-06
   0.127593475007328  0.00149710690166263     2.4583939018e-05     2.3043687257e-06 2.51735512525679e-05 8.63472173851629e-06
   0.128231442382365  0.00150459243617096    2.39766545224e-05     2.3423502192e-06 2.46479630381379e-05 8.46316526542797e-06
   0.128872599594276   0.0015121153983518     2.7136418421e-05     2.3399971739e-06 2.41156466494481e-05 8.29502711936268e-06
   0.129516962592248  0.00151967597534357    2.12544781927e-05     2.2099425344e-06 2.35438762316744e-05 8.13023889754438e-06
   0.130164547405209   0.0015272743552203    2.60013342349e-05     2.2292274998e-06 2.29084626577612e-05 7.96873357464511e-06
   0.130815370142235  0.00153491072699639     2.0777171083e-05     2.1339035404e-06 2.21957560554076e-05 7.81044547478886e-06
   0.131469446992946  0.00154258528063138    1.89295729383e-05     2.0308584002e-06 2.14035092187406e-05 7.65531024413162e-06
   0.132126794227911  0.00155029820703452    1.65018013041e-05     1.8912768499e-06 2.05405377522112e-05 7.50326482400656e-06
   0.132787428199051  0.00155804969806968    1.74790519763e-05     1.9487462337e-06 1.96252392297533e-05 7.35424742462162e-06
   0.133451365340046  0.00156583994656004    2.06101408694e-05      1.957787613e-06 1.86831536768928e-05  7.2081974992985e-06
   0.134118622166746  0.00157366914629282    1.48506867351e-05     1.9222791212e-06 1.77438481822991e-05 7.06505571924142e-06
    0.13478921527758  0.00158153749202429    1.76388758633e-05     1.8642298646e-06 1.68374781314359e-05 6.92476394882446e-06
   0.135463161353968  0.00158944517948442    1.65507084869e-05     1.7656874998e-06 1.59914083298683e-05   6.787265221387e-06
   0.136140477160737  0.00159739240538187    1.48172653499e-05     1.8049969514e-06 1.52272652892361e-05 6.65250371552626e-06
   0.136821179546541  0.00160537936740875    1.64159428508e-05     1.8162618439e-06 1.45587381642647e-05 6.52042473187667e-06
   0.137505285444274  0.00161340626424582    1.22902969596e-05     1.6626272267e-06 1.39903561131941e-05 6.39097467036599e-06
   0.138192811871495  0.00162147329556705     8.8872787813e-06     1.5889684369e-06 1.35173543953488e-05 6.26410100793804e-06
   0.138883775930853  0.00162958066204488    1.09450173415e-05      1.669880635e-06 1.31266137337865e-05 6.13975227673239e-06
   0.139578194810507  0.00163772856535507    1.37739325841e-05     1.6623729473e-06 1.27985324553568e-05 6.01787804271161e-06
   0.140276085784559  0.00164591720818187    1.05249440993e-05     1.5947881797e-06 1.25095836431622e-05 5.89842888472631e-06
   0.140977466213482  0.00165414679422276     8.1307604698e-06     1.4971649723e-06 1.22352329798682e-05 5.78135637400953e-06
   0.141682353544549  0.00166241752819389    1.22379416241e-05     1.5515446858e-06 1.19528564579264e-05 5.66661305409068e-06
   0.142390765312272  0.00167072961583486    1.07419367892e-05     1.5793411261e-06 1.16443051223486e-05 5.55415242112118e-06
   0.143102719138834  0.00167908326391401    1.28264686444e-05     1.4892259497e-06 1.12978153848654e-05 5.44392890460251e-06
   0.143818232734528  0.00168747868023359    1.01986300193e-05     1.4579294307e-06 1.09090516030025e-05 5.33589784850869e-06
     0.1445373238982  0.00169591607363478    1.02049986807e-05     1.6235962087e-06 1.04811812292101e-05 5.23001549279488e-06
   0.145260010517691  0.00170439565400293      8.579434248e-06     1.4184449259e-06 1.00240072664507e-05 5.12623895528408e-06
    0.14598631057028  0.00171291763227295     9.1154034632e-06     1.3630296428e-06 9.55230194535117e-06 5.02452621392404e-06
   0.146716242123131  0.00172148222043431     9.7251441356e-06      1.341926403e-06 9.08358406158864e-06 4.92483608940672e-06
   0.147449823333747  0.00173008963153648     9.1365611243e-06     1.3235323527e-06 8.63564759930902e-06 4.82712822814282e-06
   0.148187072450416  0.00173874007969418      7.918904968e-06     1.3112179842e-06  8.2241728738261e-06 4.73136308558391e-06
   0.148928007812668  0.00174743378009265     9.5208224052e-06     1.3875180123e-06 7.86073078790953e-06 4.63750190988508e-06
   0.149672647851731  0.00175617094899312     6.9312681459e-06      1.247961942e-06 7.55142921080723e-06  4.5455067259009e-06
    0.15042101109099  0.00176495180373809      5.917088054e-06     1.2695184692e-06 7.29635679820561e-06 4.45534031950798e-06
   0.151173116146444  0.00177377656275677     7.6222571112e-06     1.3020828739e-06 7.08986695613395e-06 4.36696622224706e-06
   0.151928981727177  0.00178264544557053     6.4107019969e-06      1.204430295e-06 6.92162881888597e-06 4.28034869627847e-06
   0.152688626635813  0.00179155867279839     8.9348127257e-06     1.1873126568e-06  6.7782691055001e-06   4.195452719644e-06
   0.153452069768992  0.00180051646616238     5.0657290205e-06     1.1537418133e-06 6.64535267376694e-06 4.11224397182922e-06
   0.154219330117837  0.00180951904849321     5.9615848833e-06     1.1807356785e-06 6.50941072942858e-06  4.0306888196197e-06
   0.154990426768426  0.00181856664373567     7.6590411003e-06     1.2179489203e-06 6.35972883708584e-06 3.95075430324543e-06
   0.155765378902268  0.00182765947695435     5.5632922364e-06     1.1037475585e-06 6.18965093688072e-06 3.87240812280711e-06
   0.156544205796779  0.00183679777433911     7.8338892544e-06     1.0983591638e-06  5.9972334497608e-06 3.79561862497885e-06
   0.157326926825763  0.00184598176321083     3.8087526395e-06     1.1915919035e-06 5.78518337548861e-06 3.72035478998129e-06
   0.158113561459892  0.00185521167202688      5.909839297e-06     1.1159207637e-06 5.56012108872673e-06 3.64658621881965e-06
   0.158904129267191  0.00186448773038701     5.1137857155e-06      9.800217011e-07 5.33130648185314e-06  3.5742831207814e-06
   0.159698649913527  0.00187381016903894     4.5894873242e-06      9.666703838e-07 5.10904182614554e-06 3.50341630118792e-06
   0.160497143163095  0.00188317921988412     6.5077727416e-06     1.0996158498e-06 4.90300548031938e-06 3.43395714939518e-06
    0.16129962887891  0.00189259511598357     5.1122569021e-06      9.978576302e-07 4.72077184906388e-06 3.36587762703811e-06
   0.162106127023305  0.00190205809156348     5.8946446234e-06     1.0185595329e-06 4.56673532137935e-06 3.29915025651383e-06
   0.162916657658421  0.00191156838202127     4.0594613907e-06      9.870024429e-07 4.44158580059823e-06 3.23374810969861e-06
   0.163731240946713  0.00192112622393138     5.2997866188e-06      9.650280642e-07 4.34239233116317e-06 3.16964479689399e-06
   0.164549897151447  0.00193073185505104     3.0884924777e-06       9.77489444e-07 4.26325385621464e-06 3.10681445599711e-06
   0.165372646637204  0.00194038551432633     4.9530790844e-06      9.678121235e-07  4.1963878004781e-06 3.04523174189087e-06
    0.16619950987039  0.00195008744189792     3.4054742861e-06      9.747963107e-07  4.1334618751492e-06 2.98487181604919e-06
   0.167030507419742  0.00195983787910743      5.083617083e-06      8.624470773e-07 4.06694234233342e-06 2.92571033635317e-06
   0.167865659956841  0.00196963706850297     3.3582542219e-06      9.588969912e-07 3.99123760158283e-06 2.86772344711355e-06
   0.168704988256625  0.00197948525384548     4.7443583629e-06      9.398706684e-07 3.90345779429732e-06 2.81088776929557e-06
   0.169548513197908  0.00198938268011469     3.2777314518e-06      9.355485662e-07 3.80368160945352e-06 2.75518039094178e-06
   0.170396255763898  0.00199932959351529     4.8671007205e-06      9.296284988e-07 3.69470832507079e-06 2.70057885778887e-06
   0.171248237042717  0.00200932624148285     3.8490805636e-06      8.685937007e-07 3.58136135954631e-06 2.64706116407458e-06
   0.172104478227931  0.00201937287269028     3.6603241478e-06      8.867488761e-07 3.46948411852179e-06 2.59460574353073e-06
    0.17296500061907  0.00202946973705372     5.8406671664e-06      9.179646266e-07 3.36481705142605e-06 2.54319146055854e-06
   0.173829825622166  0.00203961708573898     4.7341431136e-06      9.201109895e-07 3.27195860249196e-06 2.49279760158259e-06
   0.174698974750276  0.00204981517116769     3.7451466996e-06      8.558867317e-07 3.19359028969597e-06 2.44340386657967e-06
   0.175572469624028  0.00206006424702352     3.8490526126e-06      8.678671015e-07 3.13009208378013e-06 2.39499036077908e-06
   0.176450331972148  0.00207036456825864     3.0678305104e-06      7.981076962e-07  3.0795988802181e-06 2.34753758653061e-06
   0.177332583632009  0.00208071639109992     2.4666061617e-06      8.269442631e-07 3.03846628406964e-06 2.30102643533714e-06
   0.178219246550169  0.00209111997305541     3.5138242077e-06      8.156352446e-07 3.00203953001592e-06 2.25543818004815e-06
    0.17911034278292  0.00210157557292072     4.0769332288e-06      8.010930869e-07  2.9655668851108e-06 2.21075446721101e-06
   0.180005894496834  0.00211208345078531     3.9842243864e-06       8.05975459e-07 2.92507784828364e-06 2.16695730957693e-06
   0.180905923969318  0.00212264386803924      2.160395498e-06      8.031181328e-07 2.87806031592134e-06 2.12402907875809e-06
   0.181810453589165  0.00213325708737945     2.4881522651e-06      8.335227016e-07  2.8238163090963e-06 2.08195249803333e-06
   0.182719505857111  0.00214392337281635     2.1283426429e-06      8.212061279e-07 2.76344339412054e-06 2.04071063529882e-06
   0.183633103386396  0.00215464298968042     2.9632066413e-06      8.119542732e-07 2.69946482163873e-06 2.00028689616131e-06
   0.184551268903328  0.00216541620462883     4.0293446011e-06      7.959399024e-07 2.63520035833436e-06 1.96066501717058e-06
   0.185474025247845  0.00217624328565197     1.8031574975e-06      7.649039956e-07  2.5740180335949e-06 1.92182905918853e-06
   0.186401395374084  0.00218712450208021     1.8411691043e-06      7.425540572e-07 2.51862518118567e-06 1.88376340089206e-06
   0.187333402350954  0.00219806012459062     2.3705566299e-06      7.754646761e-07 2.47054214695146e-06 1.84645273240699e-06
   0.188270069362709  0.00220905042521359     1.7326748512e-06      7.221937875e-07 2.42985773906679e-06 1.80988204907027e-06
   0.189211419709523  0.00222009567733962     2.8950305743e-06      7.772398796e-07 2.39530192803165e-06 1.77403664531815e-06
    0.19015747680807  0.00223119615572633     1.7996305935e-06      8.094144083e-07 2.36460244645197e-06 1.73890210869734e-06
    0.19110826419211  0.00224235213650497     2.1944500897e-06      8.186764459e-07 2.33503272156228e-06 1.70446431399703e-06
   0.192063805513071  0.00225356389718747     2.7664524484e-06      7.685347729e-07 2.30402159993539e-06 1.67070941749908e-06
   0.193024124540636  0.00226483171667342     3.2719140614e-06      8.202956055e-07 2.26968810154778e-06 1.63762385134405e-06
    0.19398924516334  0.00227615587525682     1.9493206722e-06      7.630259401e-07 2.23118773644167e-06 1.60519431801071e-06
   0.194959191389156  0.00228753665463308      2.786912258e-06      7.964248653e-07 2.18880463228779e-06 1.57340778490676e-06
   0.195933987346102  0.00229897433790624     3.5700488078e-06      7.315577767e-07 2.14378433331624e-06  1.5422514790684e-06
   0.196913657282832   0.0023104692095958     2.1720844938e-06      7.764435312e-07 2.09796139527733e-06 1.51171288196667e-06
   0.197898225569247  0.00232202155564374     2.0526452239e-06      7.520197099e-07 2.05328018588886e-06 1.48177972441828e-06
   0.198887716697093  0.00233363166342195     2.1885521503e-06      7.424810129e-07 2.01132677875248e-06 1.45243998159884e-06
   0.199882155280578  0.00234529982173907     1.0566334743e-06      7.678207646e-07  1.9729807592501e-06 1.42368186815649e-06
   0.200881566056981  0.00235702632084777     1.2849168186e-06      6.986999199e-07 1.93826129903121e-06 1.39549383342373e-06
   0.201885973887266  0.00236881145245202       1.63306451e-06      7.301154851e-07 1.90639118978747e-06 1.36786455672564e-06
   0.202895403756702  0.00238065550971427     2.8741372274e-06       7.52086105e-07 1.87604854056653e-06 1.34078294278237e-06
   0.203909880775486  0.00239255878726285     1.1032745221e-06      7.133455266e-07 1.84573187772085e-06 1.31423811720413e-06
   0.204929430179363  0.00240452158119915     2.0103184899e-06       6.85339499e-07 1.81414091620486e-06 1.28821942207672e-06
    0.20595407733026  0.00241654418910514     2.2594552093e-06      6.980176551e-07 1.78047732606256e-06 1.26271641163572e-06
   0.206983847716911   0.0024286269100507     2.2841363957e-06      6.798654924e-07 1.74459582292923e-06 1.23771884802772e-06
   0.208018766955496  0.00244077004460093     1.8395994653e-06      6.180799404e-07 1.70697823075509e-06 1.21321669715662e-06
   0.209058860790273  0.00245297389482395     2.5177008983e-06      6.952329925e-07 1.66855021501247e-06 1.18920012461341e-06
   0.210104155094225  0.00246523876429805     1.2748712406e-06      6.643693636e-07  1.6303997500519e-06 1.16565949168771e-06
   0.211154675869696  0.00247756495811953      7.341856546e-07      6.721306544e-07 1.59347810882185e-06 1.14258535145934e-06
   0.212210449249044  0.00248995278291015     1.7957871736e-06      6.592093882e-07 1.55836333215091e-06 1.11996844496849e-06
   0.213271501495289  0.00250240254682471      9.713214345e-07       6.57176893e-07 1.52514405552855e-06 1.09779969746265e-06
   0.214337859002766  0.00251491455955881     2.4769300079e-06      6.701911965e-07 1.49344524056065e-06 1.07607021471889e-06
    0.21540954829778   0.0025274891323566     1.3354468611e-06      6.490359489e-07  1.4625773785257e-06 1.05477127944003e-06
   0.216486596039269  0.00254012657801839     2.1941710309e-06      6.585267612e-07 1.43175827337309e-06 1.03389434772305e-06
   0.217569029019465  0.00255282721090849      1.854464716e-06      6.253929341e-07  1.4003401743657e-06 1.01343104559835e-06
   0.218656874164562  0.00256559134696301     3.4304830642e-06      6.463347276e-07 1.36797851719434e-06 9.93373165638483e-07
   0.219750158535385  0.00257841930369783     1.3191534523e-06      6.890180652e-07 1.33469976727661e-06 9.73712663634841e-07
   0.220848909328062  0.00259131140021635      6.510703991e-07      6.668495353e-07 1.30085778225537e-06 9.54441655341039e-07
   0.221953153874702  0.00260426795721741     1.8728000281e-06      6.221951089e-07 1.26700091427615e-06  9.3555241328156e-07
   0.223062919644076  0.00261728929700352      4.421336701e-07      6.772196554e-07 1.23369616956542e-06 9.17037363624388e-07
   0.224178234242296  0.00263037574348853     1.1775154069e-06      6.147982309e-07 1.20136558636996e-06 8.98889083116336e-07
   0.225299125413507  0.00264352762220594     1.3217615301e-06      6.561244906e-07 1.17018190012656e-06 8.81100296079785e-07
   0.226425621040575  0.00265674526031699     1.2648614289e-06      6.398445552e-07 1.14004901841545e-06 8.63663871469609e-07
   0.227557749145778  0.00267002898661856      6.954652028e-07      6.534920142e-07 1.11066519148091e-06 8.46572819989063e-07
   0.228695537891507  0.00268337913155168      1.029283651e-06      6.459260265e-07 1.08164185297515e-06 8.29820291263456e-07
   0.229839015580964  0.00269679602720943      6.243022825e-07      5.717142017e-07 1.05263639660136e-06  8.1339957107043e-07
   0.230988210658869  0.00271028000734548     1.7444230898e-06      6.368259468e-07 1.02345651650887e-06   7.973040786257e-07
   0.232143151712163  0.00272383140738221      4.795818461e-07      6.129970825e-07 9.94106394075644e-07 7.81527363923177e-07
   0.233303867470724  0.00273745056441911     1.1667476563e-06      6.553637313e-07 9.64766018361157e-07  7.6606310512831e-07
   0.234470386808078  0.00275113781724119      2.786890061e-07      6.054078354e-07 9.35716977664263e-07 7.50905106023636e-07
   0.235642738742118  0.00276489350632743     -3.280054925e-07      5.941326982e-07 9.07243979983597e-07 7.36047293505456e-07
   0.236820952435829  0.00277871797385907      1.598406921e-07      5.716871068e-07  8.7954644060863e-07 7.21483715130614e-07
   0.238005057198008  0.00279261156372837     1.2728187145e-06      6.110859528e-07 8.52687882660591e-07 7.07208536712359e-07
   0.239195082483998  0.00280657462154701     1.1705796648e-06      6.354692055e-07 8.26595726003064e-07 6.93216039964329e-07
   0.240391057896418  0.00282060749465473      6.145553221e-07      5.868489081e-07 8.01106040056004e-07 6.79500620191651e-07
     0.2415930131859  0.00283471053212798      6.184387344e-07      6.729231689e-07 7.76033299127051e-07 6.66056784028247e-07
   0.242800978251829  0.00284888408478862     1.2218151428e-06      5.857471943e-07 7.51238757451424e-07  6.5287914721938e-07
   0.244014983143088  0.00286312850521257        5.1678596e-09      5.746157338e-07 7.26674270759575e-07 6.39962432448558e-07
   0.245235058058804  0.00287744414773864      8.131595168e-07      5.901935789e-07  7.0238929223245e-07 6.27301467207889e-07
   0.246461233349098  0.00289183136847732      9.563634295e-07      6.414296324e-07  6.7850288441515e-07 6.14891181711015e-07
   0.247693539515843   0.0029062905253197     1.7599509741e-06       6.63562727e-07 6.55154659519827e-07 6.02726606847775e-07
   0.248932007213422  0.00292082197794633      1.376089056e-06       5.90863345e-07   6.324544878053e-07 5.90802872179741e-07
    0.25017666724949  0.00293542608783605     -5.368461406e-07      5.826655073e-07 6.10449043138451e-07 5.79115203975831e-07
   0.251427550585737  0.00295010321827524     1.0884718931e-06      6.196677752e-07 5.89115151928186e-07 5.67658923287171e-07
   0.252684688338665  0.00296485373436662     1.3504272553e-06      5.798069015e-07 5.68379037139786e-07 5.56429444060431e-07
   0.253948111780359  0.00297967800303843      2.661487014e-07      6.391670201e-07 5.48151171129527e-07  5.4542227128885e-07
   0.255217852339261  0.00299457639305363       5.47649509e-08      5.851214641e-07 5.28361898005048e-07 5.34632999200213e-07
   0.256493941600957   0.0030095492750189     1.4684685463e-06      6.037660758e-07 5.08984473447474e-07 5.24057309481005e-07
   0.257776411308962  0.00302459702139397      8.007049699e-07      6.023379967e-07 4.90038516449867e-07 5.13690969536055e-07
   0.259065293365506  0.00303972000650098      5.835738652e-07       5.56591312e-07 4.71575152465849e-07 5.03529830782914e-07
   0.260360619832334  0.00305491860653346      2.041442151e-07       6.11082895e-07 4.53651967920409e-07  4.9356982698031e-07
   0.261662422931496  0.00307019319956611     -9.692251964e-07      6.351782129e-07 4.36308802018896e-07 4.83806972589974e-07
   0.262970735046153  0.00308554416556395      9.433502811e-07       6.02498521e-07 4.19553670633382e-07 4.74237361171167e-07
   0.264285588721384  0.00310097188639176       4.30212417e-07       5.99122851e-07 4.03388451533831e-07  4.6487269280131e-07
   0.265607016664991  0.00311647674582374      8.433326269e-07      5.991402657e-07 3.87818377059446e-07 4.55739076589844e-07
   0.266935051748316  0.00313205912955287      5.787906939e-07      5.967173976e-07 3.72939212962378e-07 4.46920197318847e-07
   0.268269727007057  0.00314771942520064      2.035377009e-07      6.083482572e-07 3.58995190639684e-07 4.38585901450218e-07
   0.269611075642092  0.00316345802232662        6.8609283e-08       6.33389377e-07 3.46366332116106e-07 4.30983728234135e-07
   0.270959131020303  0.00317927531243826      7.335009881e-07      6.330367979e-07 3.35434687209504e-07 4.24360752133335e-07
   0.272313926675404  0.00319517168900047       5.42470328e-07      6.467277837e-07 3.26407961985215e-07 4.18858553749877e-07
   0.273675496308781  0.00321114754744544      4.581509419e-07      6.202896685e-07  3.1924173825427e-07 4.14464919885991e-07
   0.275043873790325  0.00322720328518268        7.1324131e-08      6.100592924e-07 3.13697946272046e-07 4.11047124560824e-07
