# Experiment IPTS-36897 Run 226670
# Reduction 2.9.0rc3
# Run title: Sample7_agapie-coating-H2O-226670-1.
# Run start time: 2026-03-30T18:20:53.974962667
# Reduction time: Mon Mar 30 14:25:43 2026
# Q summing: False
# TOF weighted: False
# Bck in Q: False
# Theta offset: 0.0
# Stitching type: None
# DataRun   NormRun   TwoTheta(deg)  LambdaMin(A)   LambdaMax(A) Qmin(1/A)    Qmax(1/A)    SF_A         SF_B          SF
# 226670    226559    0.740145       2.74975        9.4987       0.0085       0.0295       4.0          0            1.0         
# 226671    226560    2.40079        2.74978        9.49867      0.0277       0.0957       25.0         0            1.0         
# 226672    226561    7.00031        2.74977        9.49868      0.0807       0.2790       196.0        0            1.0         
# Q [1/Angstrom]        R                     dR                    dQ [FWHM]            
  0.0085899187375132    0.4549731288453377    0.0378373494666959    0.0001884227422214
  0.0086328683312008    0.3829485591924611    0.0265697715515674    0.0001893648559326
  0.0086760326728568    0.3897615670870097    0.0269366885524236    0.0001903116802122
  0.0087194128362210    0.4156643256484999    0.0292026990002774    0.0001912632386133
  0.0087630099004021    0.4087136488131035    0.0274942242883307    0.0001922195548063
  0.0088068249499042    0.4127033448384599    0.0279247532487834    0.0001931806525804
  0.0088508590746537    0.4145790859260181    0.0273226681560067    0.0001941465558433
  0.0088951133700269    0.4037100443814995    0.0266903007400822    0.0001951172886225
  0.0089395889368771    0.4123402682409716    0.0272844177113761    0.0001960928750656
  0.0089842868815615    0.3767805268365217    0.0239448314439287    0.0001970733394409
  0.0090292083159693    0.3934060734286078    0.0247939002618711    0.0001980587061381
  0.0090743543575491    0.4090427633024195    0.0264725505961870    0.0001990489996688
  0.0091197261293369    0.4338625880107822    0.0278472575118076    0.0002000442446672
  0.0091653247599835    0.4383104224808783    0.0288496102439231    0.0002010444658905
  0.0092111513837835    0.3924765674784617    0.0236241383229794    0.0002020496882200
  0.0092572071407024    0.4087589163729537    0.0258775657036839    0.0002030599366611
  0.0093034931764059    0.4280441372939927    0.0267521638550985    0.0002040752363444
  0.0093500106422879    0.4194387548893888    0.0254384953349321    0.0002050956125261
  0.0093967606954993    0.4131266587628997    0.0241236595887452    0.0002061210905887
  0.0094437444989768    0.3768131092477617    0.0219312129851447    0.0002071516960417
  0.0094909632214717    0.3737191575537631    0.0214744343802181    0.0002081874545219
  0.0095384180375791    0.3675118697867885    0.0206279022511594    0.0002092283917945
  0.0095861101277670    0.3478840288171257    0.0188968743348321    0.0002102745337535
  0.0096340406784058    0.3811807715368867    0.0217132173701554    0.0002113259064222
  0.0096822108817978    0.3590246058779871    0.0193205574651403    0.0002123825359543
  0.0097306219362068    0.3607212516234750    0.0195695718052672    0.0002134444486341
  0.0097792750458879    0.3897476587421801    0.0217172146705027    0.0002145116708773
  0.0098281714211173    0.3662144954147520    0.0198065278570882    0.0002155842292317
  0.0098773122782229    0.3799012957853271    0.0203410618955263    0.0002166621503778
  0.0099266988396140    0.3669373408179128    0.0191207368929362    0.0002177454611297
  0.0099763323338121    0.3832746809239641    0.0202166021565431    0.0002188341884354
  0.0100262139954811    0.3763550785799860    0.0197085411028375    0.0002199283593775
  0.0100763450654585    0.3500419641628778    0.0176617457753187    0.0002210280011744
  0.0101267267907858    0.3842228338347081    0.0198045735381100    0.0002221331411803
  0.0101773604247398    0.3640321985090098    0.0184305439803587    0.0002232438068862
  0.0102282472268634    0.3416834691998357    0.0161720676280389    0.0002243600259206
  0.0102793884629978    0.3364873002453385    0.0160776980623620    0.0002254818260502
  0.0103307854053128    0.3445238054453300    0.0166499329396697    0.0002266092351805
  0.0103824393323393    0.3469817634572577    0.0165953898656889    0.0002277422813564
  0.0104343515290010    0.3440961839393122    0.0161763892293706    0.0002288809927632
  0.0104865232866460    0.3582333322239340    0.0168626223688230    0.0002300253977270
  0.0105389559030792    0.3580918104272749    0.0165037146904888    0.0002311755247156
  0.0105916506825946    0.3340666128037927    0.0152515429345033    0.0002323314023392
  0.0106446089360076    0.3585752106107615    0.0166168313119027    0.0002334930593509
  0.0106978319806876    0.3175999247808825    0.0139933495918224    0.0002346605246476
  0.0107513211405911    0.3208198613257112    0.0140354600549286    0.0002358338272709
  0.0108050777462940    0.3169423014981504    0.0137756272269482    0.0002370129964072
  0.0108591031350255    0.3086472310510907    0.0132667986896771    0.0002381980613893
  0.0109133986507006    0.3290850936164699    0.0139994073568010    0.0002393890516962
  0.0109679656439541    0.3252915677799977    0.0141147177408618    0.0002405859969547
  0.0110228054721739    0.3325401816388803    0.0141635416884422    0.0002417889269395
  0.0110779194995348    0.3398075708355239    0.0145363804617765    0.0002429978715742
  0.0111333090970324    0.3217637242560469    0.0132071599141882    0.0002442128609320
  0.0111889756425176    0.3215149930850437    0.0131967117005599    0.0002454339252367
  0.0112449205207302    0.3176125556617692    0.0128562311029320    0.0002466610948629
  0.0113011451233338    0.3471101439674519    0.0142911137895564    0.0002478944003372
  0.0113576508489505    0.3109478291439603    0.0124321802293110    0.0002491338723389
  0.0114144391031953    0.3119175357355234    0.0120874881445898    0.0002503795417006
  0.0114715112987112    0.3029923147979690    0.0117768403876703    0.0002516314394091
  0.0115288688552048    0.3048301090608512    0.0117743185975195    0.0002528895966061
  0.0115865131994808    0.3133704952637756    0.0119530499379751    0.0002541540445892
  0.0116444457654782    0.2911072339643516    0.0109022321397373    0.0002554248148121
  0.0117026679943056    0.3076865150940062    0.0116021800117413    0.0002567019388862
  0.0117611813342771    0.2883631419130564    0.0105188208302302    0.0002579854485806
  0.0118199872409485    0.3018057292893575    0.0113424988437458    0.0002592753758235
  0.0118790871771533    0.3024557582544139    0.0110322338055679    0.0002605717527026
  0.0119384826130390    0.2834775454049061    0.0101337988690178    0.0002618746114661
  0.0119981750261042    0.2730056616969357    0.0096738149868551    0.0002631839845235
  0.0120581659012347    0.2783594262233448    0.0096997926957104    0.0002644999044461
  0.0121184567307409    0.2852161985036613    0.0101530769978483    0.0002658224039683
  0.0121790490143946    0.2917459545872721    0.0102011260631174    0.0002671515159881
  0.0122399442594666    0.2779342946165252    0.0094885106233399    0.0002684872735681
  0.0123011439807639    0.2743402766096065    0.0093417076709182    0.0002698297099359
  0.0123626497006677    0.2899838070168156    0.0098564575157845    0.0002711788584856
  0.0124244629491711    0.2791872176197207    0.0094192544500812    0.0002725347527780
  0.0124865852639169    0.2710231506016388    0.0089112496293567    0.0002738974265419
  0.0125490181902365    0.2524842311936138    0.0082202782428430    0.0002752669136746
  0.0126117632811877    0.2746970088075467    0.0089649397201109    0.0002766432482430
  0.0126748220975936    0.2860915771496050    0.0095419397511399    0.0002780264644842
  0.0127381962080816    0.2759170479269054    0.0088880199016889    0.0002794165968066
  0.0128018871891220    0.2977601713561097    0.0097631850378138    0.0002808136797907
  0.0128658966250676    0.2745540040667133    0.0087782211890128    0.0002822177481896
  0.0129302261081930    0.2612532689230020    0.0082423351139722    0.0002836288369306
  0.0129948772387339    0.2807890314603687    0.0087653032953781    0.0002850469811152
  0.0130598516249276    0.2581511575685431    0.0079431948120650    0.0002864722160208
  0.0131251508830522    0.2591148391275407    0.0080745348125321    0.0002879045771009
  0.0131907766374675    0.2643265650706983    0.0081710739647377    0.0002893440999864
  0.0132567305206548    0.2540139206079963    0.0076929379182186    0.0002907908204863
  0.0133230141732581    0.2454099450947242    0.0073890633666128    0.0002922447745888
  0.0133896292441244    0.2499273802520891    0.0075299073291181    0.0002937059984617
  0.0134565773903450    0.2540758886388273    0.0075796951085268    0.0002951745284540
  0.0135238602772967    0.2503284462167211    0.0074403859764881    0.0002966504010963
  0.0135914795786832    0.2558653865496412    0.0075563461297625    0.0002981336531018
  0.0136594369765766    0.2452631603848764    0.0072564690909037    0.0002996243213673
  0.0137277341614595    0.2341006139430543    0.0066924113360308    0.0003011224429741
  0.0137963728322668    0.2388198426793171    0.0068614495145381    0.0003026280551890
  0.0138653546964281    0.2462630147742757    0.0069847349332003    0.0003041411954649
  0.0139346814699103    0.2373015915446953    0.0066763992494069    0.0003056619014423
  0.0140043548772598    0.2394605403379310    0.0067182257161757    0.0003071902109495
  0.0140743766516461    0.2259306566208986    0.0062284038361266    0.0003087261620042
  0.0141447485349043    0.2181314676658496    0.0059496893736050    0.0003102697928142
  0.0142154722775789    0.2252853871837177    0.0061044148991876    0.0003118211417783
  0.0142865496389668    0.2241504178771973    0.0060144597027057    0.0003133802474872
  0.0143579823871616    0.2212193410331000    0.0059121206145393    0.0003149471487246
  0.0144297722990974    0.2325544917187696    0.0062613672014320    0.0003165218844683
  0.0145019211605929    0.2130808557665335    0.0056452766985986    0.0003181044938906
  0.0145744307663958    0.2241734437470546    0.0059347370351814    0.0003196950163601
  0.0146473029202278    0.2185926187160080    0.0057213723600897    0.0003212934914419
  0.0147205394348290    0.2166020243593268    0.0057050634366829    0.0003228999588991
  0.0147941421320031    0.2171985958605456    0.0056394318264762    0.0003245144586936
  0.0148681128426631    0.2209044113755407    0.0057021697435772    0.0003261370309870
  0.0149424534068764    0.2212413434381643    0.0057077540755068    0.0003277677161420
  0.0150171656739108    0.2022061717901127    0.0051485001131558    0.0003294065547227
  0.0150922515022804    0.2073515371728038    0.0053091829234383    0.0003310535874963
  0.0151677127597918    0.2137279308038532    0.0055978193302791    0.0003327088554338
  0.0152435513235907    0.2039128130731644    0.0054763549631123    0.0003343723997109
  0.0153197690802087    0.1995941759508417    0.0050666199680470    0.0003360442617095
  0.0153963679256097    0.1987511431095935    0.0048411889636416    0.0003377244830180
  0.0154733497652378    0.1904049831322028    0.0046469097000939    0.0003394131054331
  0.0155507165140639    0.1979496918720769    0.0048740102918086    0.0003411101709603
  0.0156284700966343    0.1961216564767002    0.0047695970140024    0.0003428157218151
  0.0157066124471174    0.1885181108737510    0.0045416410810031    0.0003445298004242
  0.0157851455093530    0.1795969616232384    0.0043275715065845    0.0003462524494263
  0.0158640712368998    0.1779771036256329    0.0042800250359384    0.0003479837116734
  0.0159433915930843    0.1876252423398482    0.0044901889581264    0.0003497236302318
  0.0160231085510497    0.1880659212813583    0.0044586329022887    0.0003514722483830
  0.0161032240938049    0.1895371060431048    0.0044964906602242    0.0003532296096249
  0.0161837402142740    0.1914884735234497    0.0044078521789360    0.0003549957576730
  0.0162646589153453    0.1796309677261435    0.0042030443993233    0.0003567707364614
  0.0163459822099221    0.1871486047081931    0.0043850149681093    0.0003585545901437
  0.0164277121209717    0.1794462301945511    0.0041918374255698    0.0003603473630944
  0.0165098506815765    0.1679079418745824    0.0039486536552851    0.0003621490999099
  0.0165923999349844    0.1738222326810741    0.0041673215610921    0.0003639598454094
  0.0166753619346593    0.1708337979066480    0.0041020623427611    0.0003657796446365
  0.0167587387443326    0.1728308264013305    0.0039350177888908    0.0003676085428596
  0.0168425324380543    0.1657280494020941    0.0036996763418580    0.0003694465855739
  0.0169267451002446    0.1623462675313845    0.0035973254316525    0.0003712938185018
  0.0170113788257458    0.1656440776007850    0.0036798942915268    0.0003731502875943
  0.0170964357198745    0.1648909402745029    0.0036094432322813    0.0003750160390323
  0.0171819178984739    0.1624172162447151    0.0035626212781513    0.0003768911192274
  0.0172678274879662    0.1646585163758747    0.0036430905215087    0.0003787755748236
  0.0173541666254061    0.1645960001844665    0.0036008593341660    0.0003806694526977
  0.0174409374585331    0.1599864072448145    0.0035034728378115    0.0003825727999612
  0.0175281421458258    0.1574117770237305    0.0035122432756365    0.0003844856639610
  0.0176157828565549    0.1556317162458515    0.0034352563393083    0.0003864080922808
  0.0177038617708377    0.1582327918436015    0.0035167144156540    0.0003883401327422
  0.0177923810796918    0.1508586829463262    0.0032757908760649    0.0003902818334059
  0.0178813429850903    0.1538059949825326    0.0033202467231491    0.0003922332425729
  0.0179707497000158    0.1545848222688130    0.0033648375139180    0.0003941944087858
  0.0180606034485158    0.1469018964586342    0.0031867639732141    0.0003961653808297
  0.0181509064657584    0.1495005536213277    0.0032493389222783    0.0003981462077339
  0.0182416609980872    0.1480259336981567    0.0031844871838256    0.0004001369387726
  0.0183328693030776    0.1433430348799767    0.0030632500256716    0.0004021376234664
  0.0184245336495930    0.1443907487073646    0.0031110184104109    0.0004041483115838
  0.0185166563178410    0.1411421693950076    0.0030451600628464    0.0004061690531417
  0.0186092395994302    0.1449451306181403    0.0031471571035706    0.0004081998984074
  0.0187022857974273    0.1344269056125858    0.0028966470169734    0.0004102408978994
  0.0187957972264145    0.1305254808153447    0.0028241655244663    0.0004122921023889
  0.0188897762125465    0.1346264413087161    0.0028951353172328    0.0004143535629009
  0.0189842250936093    0.1347975612576319    0.0028971034920173    0.0004164253307154
  0.0190791462190773    0.1325084437256049    0.0028416792261424    0.0004185074573689
  0.0191745419501727    0.1277608465660969    0.0027468193718966    0.0004205999946558
  0.0192704146599236    0.1283998118772207    0.0027507926554232    0.0004227029946291
  0.0193667667332232    0.1265704963117795    0.0027211369307729    0.0004248165096022
  0.0194636005668893    0.1277793271840235    0.0027313742404857    0.0004269405921502
  0.0195609185697237    0.1225300466467587    0.0026116014578181    0.0004290752951110
  0.0196587231625724    0.1241994701352594    0.0026716678906035    0.0004312206715865
  0.0197570167783852    0.1176280770227062    0.0025377675993645    0.0004333767749445
  0.0198558018622771    0.1210089527834194    0.0026315966036112    0.0004355436588192
  0.0199550808715885    0.1129710267003628    0.0024727694171496    0.0004377213771133
  0.0200548562759465    0.1170056812307751    0.0026091719660106    0.0004399099839988
  0.0201551305573262    0.1130315155462115    0.0025889730463871    0.0004421095339188
  0.0202559062101128    0.1169788481003864    0.0026983205786991    0.0004443200815884
  0.0203571857411634    0.1142787292741532    0.0025819186280438    0.0004465416819964
  0.0204589716698692    0.1118012922146990    0.0025231320060643    0.0004487743904064
  0.0205612665282185    0.1115815398241150    0.0025197239658994    0.0004510182623584
  0.0206640728608596    0.1104105341697850    0.0024769819620188    0.0004532733536702
  0.0207673932251639    0.1129963826013715    0.0024833074217407    0.0004555397204385
  0.0208712301912897    0.1067937006421782    0.0023470997648854    0.0004578174190407
  0.0209755863422462    0.1060660992778802    0.0023699207746501    0.0004601065061359
  0.0210804642739574    0.1108712874397929    0.0024445682368706    0.0004624070386666
  0.0211858665953272    0.1013290506533462    0.0022338366545425    0.0004647190738599
  0.0212917959283038    0.0983155481416405    0.0021808779298820    0.0004670426692292
  0.0213982549079454    0.0994595743385035    0.0021827902656182    0.0004693778825754
  0.0215052461824851    0.0976839629121137    0.0021458603475604    0.0004717247719883
  0.0216127724133975    0.0975247091721500    0.0021064584648040    0.0004740833958482
  0.0217208362754645    0.0908961921858165    0.0019783099208119    0.0004764538128274
  0.0218294404568418    0.0951131063584708    0.0020510435989481    0.0004788360818916
  0.0219385876591260    0.0947695113487520    0.0020336289009002    0.0004812302623010
  0.0220482805974216    0.0917335193446203    0.0019726449376369    0.0004836364136125
  0.0221585220004087    0.0919790395066570    0.0019777503246649    0.0004860545956806
  0.0222693146104108    0.0894978582170030    0.0019241871968650    0.0004884848686590
  0.0223806611834628    0.0882674180545168    0.0019043731873602    0.0004909272930023
  0.0224925644893802    0.0898751295972050    0.0019418037277971    0.0004933819294673
  0.0226050273118271    0.0901858410382709    0.0019455883557707    0.0004958488391147
  0.0227180524483862    0.0856515616233546    0.0018562208077246    0.0004983280833102
  0.0228316427106281    0.0845352243991641    0.0018294658659988    0.0005008197237268
  0.0229458009241813    0.0821438851158337    0.0017888781942282    0.0005033238223454
  0.0230605299288022    0.0828868345571495    0.0017998439121130    0.0005058404414571
  0.0231758325784462    0.0822866160251176    0.0017899479204380    0.0005083696436644
  0.0232917117413384    0.0782280709763993    0.0016914181797825    0.0005109114918827
  0.0234081703000451    0.0780771389035165    0.0016945581117750    0.0005134660493422
  0.0235252111515453    0.0751372571160440    0.0016437812099124    0.0005160333795889
  0.0236428372073030    0.0739070897184433    0.0016291733878734    0.0005186135464868
  0.0237610513933395    0.0751292278414852    0.0016308332346532    0.0005212066142192
  0.0238798566503062    0.0727095169365267    0.0015917789391294    0.0005238126472903
  0.0239992559335578    0.0719117955195980    0.0015777867978318    0.0005264317105268
  0.0241192522132255    0.0701414451849318    0.0015362552498476    0.0005290638690794
  0.0242398484742917    0.0681548949367988    0.0015159252315064    0.0005317091884248
  0.0243610477166631    0.0710564750346128    0.0015603670708107    0.0005343677343669
  0.0244828529552464    0.0674114218155839    0.0014817902317745    0.0005370395730388
  0.0246052672200227    0.0645478690654721    0.0014343275481770    0.0005397247709040
  0.0247282935561228    0.0663430756904429    0.0014702388043137    0.0005424233947585
  0.0248519350239034    0.0629665321325374    0.0013966573663889    0.0005451355117323
  0.0249761946990229    0.0638851145559624    0.0014222288285567    0.0005478611892910
  0.0251010756725180    0.0601999370182809    0.0013603640335111    0.0005506004952374
  0.0252265810508806    0.0594574033515831    0.0013439967308905    0.0005533534977136
  0.0253527139561350    0.0586997967124197    0.0013383192375740    0.0005561202652022
  0.0254794775259157    0.0595027198471065    0.0013335127654120    0.0005589008665282
  0.0256068749135453    0.0601153498279128    0.0013441706667613    0.0005616953708608
  0.0257349092881130    0.0593812010059091    0.0013466803377782    0.0005645038477151
  0.0258635838345535    0.0548686877557895    0.0012557498099066    0.0005673263669537
  0.0259929017537263    0.0535748051187434    0.0012200055405102    0.0005701629987885
  0.0261228662624949    0.0519626083353883    0.0012053442848255    0.0005730138137824
  0.0262534805938074    0.0504671505438498    0.0011763384474139    0.0005758788828513
  0.0263847479967764    0.0510189425816276    0.0011918208536961    0.0005787582772656
  0.0265166717367603    0.0492036653857490    0.0011653060622553    0.0005816520686519
  0.0266492550954441    0.0484372694302849    0.0011486073032711    0.0005845603289952
  0.0267825013709213    0.0470830484420574    0.0011205087965554    0.0005874831306401
  0.0269164138777759    0.0472540732338506    0.0011294871467473    0.0005904205462933
  0.0270509959471648    0.0462387400334015    0.0011028918729814    0.0005933726490248
  0.0271862509269006    0.0462692031943412    0.0011026436142114    0.0005963395122699
  0.0273221821815351    0.0462690872926296    0.0011161018914547    0.0005993212098313
  0.0274587930924428    0.0443093682242541    0.0010794455127282    0.0006023178158804
  0.0275960870579050    0.0426209331044207    0.0010611232818261    0.0006053294049598
  0.0277340674931945    0.0422711225598866    0.0010497025464370    0.0006083560519846
  0.0278727378306605    0.0407492558150780    0.0010253445469393    0.0006113978322446
  0.0280121015198138    0.0404401490989566    0.0010238141097775    0.0006144548214058
  0.0280121015198138    0.0421226960700417    0.0023155622883643    0.0006142727639700
  0.0281521620274129    0.0389671879966310    0.0009909653250218    0.0006175270955128
  0.0281521620274129    0.0432798485009133    0.0022556187072326    0.0006173441277899
  0.0282929228375499    0.0386417117588985    0.0010014979751385    0.0006206147309904
  0.0282929228375499    0.0404534561704838    0.0020593083808123    0.0006204308484288
  0.0284343874517377    0.0389368505773749    0.0010154967872125    0.0006237178046453
  0.0284343874517377    0.0423789879086768    0.0021754873935485    0.0006235330026710
  0.0285765593889964    0.0374316860289204    0.0010049228334463    0.0006268363936685
  0.0285765593889964    0.0408349108302497    0.0020681548690088    0.0006266506676843
  0.0287194421859414    0.0345017122193829    0.0009697839034011    0.0006299705756369
  0.0287194421859414    0.0400864527060883    0.0020218079308285    0.0006297839210228
  0.0288630393968711    0.0371560135131949    0.0018477810644022    0.0006329328406279
  0.0288630393968711    0.0339123400932714    0.0009429725286145    0.0006331204285151
  0.0290073545938554    0.0327729419576891    0.0008985994880182    0.0006362860306577
  0.0290073545938554    0.0396174875898778    0.0020117197155170    0.0006360975048310
  0.0291523913668247    0.0376999670002395    0.0019055234203714    0.0006392779923552
  0.0291523913668247    0.0330061578473330    0.0009113733591314    0.0006394674608109
  0.0292981533236588    0.0355678684156655    0.0017156052139633    0.0006424743823169
  0.0292981533236588    0.0326902671275898    0.0009003681060287    0.0006426647981150
  0.0294446440902771    0.0344875869150632    0.0016555115969601    0.0006456867542285
  0.0295918673107285    0.0338598490550551    0.0016173031725366    0.0006489151879997
  0.0297398266472821    0.0311787934969765    0.0014451388164130    0.0006521597639397
  0.0298885257805185    0.0325510501705783    0.0015354757303037    0.0006554205627594
  0.0300379684094211    0.0306287459500055    0.0014252323932938    0.0006586976655732
  0.0301881582514682    0.0301439479168497    0.0014003227654924    0.0006619911539010
  0.0303390990427256    0.0299505574925502    0.0013798625361742    0.0006653011096705
  0.0304907945379392    0.0291601484170171    0.0013203087719142    0.0006686276152189
  0.0306432485106289    0.0281146314633366    0.0012893445339178    0.0006719707532950
  0.0307964647531820    0.0268786866956545    0.0011824584987273    0.0006753306070615
  0.0309504470769479    0.0269504983435177    0.0012040540039116    0.0006787072600968
  0.0311051993123327    0.0244327765369383    0.0010503260147164    0.0006821007963972
  0.0312607253088943    0.0256038188355598    0.0011207952710141    0.0006855113003792
  0.0314170289354388    0.0245641984047390    0.0010786679137197    0.0006889388568811
  0.0315741140801160    0.0238753210615537    0.0010228413615723    0.0006923835511655
  0.0317319846505165    0.0235777769985656    0.0009968733202126    0.0006958454689214
  0.0318906445737691    0.0222492430555521    0.0009574680423268    0.0006993246962660
  0.0320500977966380    0.0226537860713506    0.0009801410755002    0.0007028213197473
  0.0322103482856212    0.0205903717321010    0.0008573099953438    0.0007063354263460
  0.0323714000270493    0.0205088123991203    0.0008546982487670    0.0007098671034778
  0.0325332570271845    0.0190682953195740    0.0007722090572965    0.0007134164389952
  0.0326959233123204    0.0202316820981979    0.0008385613721945    0.0007169835211901
  0.0328594029288820    0.0186000039430825    0.0007664310194770    0.0007205684387961
  0.0330236999435264    0.0161457509602103    0.0006516138273898    0.0007241712809901
  0.0331888184432441    0.0168915830992204    0.0006688640575523    0.0007277921373950
  0.0333547625354603    0.0166648838448379    0.0006655029737068    0.0007314310980820
  0.0335215363481376    0.0157776206823164    0.0006283637022791    0.0007350882535724
  0.0336891440298783    0.0163091794596606    0.0006486325480990    0.0007387636948403
  0.0338575897500276    0.0149700440502153    0.0005955897827530    0.0007424575133145
  0.0340268776987778    0.0150787739525487    0.0005888252813543    0.0007461698008810
  0.0341970120872717    0.0142812507748196    0.0005666689115394    0.0007499006498854
  0.0343679971477080    0.0129944770050117    0.0005019529386613    0.0007536501531349
  0.0345398371334466    0.0131553137866143    0.0005163016668530    0.0007574184039005
  0.0347125363191138    0.0114519847024453    0.0004504214793586    0.0007612054959200
  0.0348860990007094    0.0118381413965680    0.0004564438916876    0.0007650115233996
  0.0350605294957129    0.0122258188283999    0.0004746676457330    0.0007688365810166
  0.0352358321431915    0.0107278098455656    0.0004148820086027    0.0007726807639217
  0.0354120113039074    0.0096422560838530    0.0003734816430757    0.0007765441677413
  0.0355890713604269    0.0099860238519469    0.0003910113070867    0.0007804268885800
  0.0357670167172291    0.0090187241538825    0.0003503606046532    0.0007843290230229
  0.0359458518008152    0.0086241737945443    0.0003374864784223    0.0007882506681381
  0.0361255810598193    0.0089566173097530    0.0003468896460408    0.0007921919214787
  0.0363062089651184    0.0080162451804121    0.0003087853831323    0.0007961528810861
  0.0364877400099440    0.0067933032624854    0.0002645876686264    0.0008001336454916
  0.0366701787099937    0.0072859642302150    0.0002888220996519    0.0008041343137190
  0.0368535296035436    0.0072281917724278    0.0002811075933027    0.0008081549852876
  0.0370377972515614    0.0061573679819461    0.0002413534401484    0.0008121957602141
  0.0372229862378192    0.0061370208161215    0.0002433414592107    0.0008162567390151
  0.0374091011690083    0.0053821145353117    0.0002162077655857    0.0008203380227102
  0.0375961466748533    0.0055086657774435    0.0002249346191272    0.0008244397128238
  0.0377841274082275    0.0048458514091688    0.0001947368262167    0.0008285619113879
  0.0379730480452687    0.0048149920486021    0.0001974500171946    0.0008327047209448
  0.0381629132854950    0.0047935198082261    0.0001933645608265    0.0008368682445495
  0.0383537278519225    0.0045918336677194    0.0001924492772819    0.0008410525857723
  0.0385454964911821    0.0037653670756069    0.0001574953193084    0.0008452578487011
  0.0387382239736380    0.0035483077214651    0.0001556331669059    0.0008494841379447
  0.0389319150935062    0.0038130182177929    0.0001618920224920    0.0008537315586344
  0.0391265746689737    0.0030124193979366    0.0001350508583219    0.0008580002164275
  0.0393222075423186    0.0030284696523593    0.0001367850508644    0.0008622902175097
  0.0395188185800302    0.0028651766016199    0.0001291438155213    0.0008666016685972
  0.0397164126729303    0.0022667969795638    0.0001090506480176    0.0008709346769402
  0.0399149947362950    0.0021647651452732    0.0001056742338644    0.0008752893503249
  0.0401145697099764    0.0021490092628800    0.0001053911852898    0.0008796657970765
  0.0403151425585263    0.0020508508293320    0.0001021310561193    0.0008840641260619
  0.0405167182713189    0.0016002225175143    0.0000860926270858    0.0008884844466922
  0.0407193018626755    0.0014635796890057    0.0000820436350589    0.0008929268689257
  0.0409228983719889    0.0014099778466658    0.0000802032397925    0.0008973915032703
  0.0411275128638489    0.0012992028465223    0.0000753034962853    0.0009018784607867
  0.0413331504281681    0.0011101572039425    0.0000684361864436    0.0009063878530906
  0.0415398161803089    0.0009733630272075    0.0000644719392547    0.0009109197923561
  0.0417475152612105    0.0008907267940127    0.0000589881511830    0.0009154743913178
  0.0419562528375165    0.0007688569590967    0.0000541486430202    0.0009200517632744
  0.0421660341017041    0.0006961513790054    0.0000513953244743    0.0009246520220908
  0.0423768642722126    0.0006294218627025    0.0000478734146363    0.0009292752822013
  0.0425887485935737    0.0005900967024386    0.0000464971362419    0.0009339216586123
  0.0428016923365415    0.0003706620355601    0.0000373063399133    0.0009385912669053
  0.0430157007982242    0.0003929414645890    0.0000376837545401    0.0009432842232399
  0.0432307793022154    0.0003331303570169    0.0000360193639397    0.0009480006443561
  0.0434469331987264    0.0002972888289347    0.0000323892250729    0.0009527406475778
  0.0436641678647200    0.0002401132523909    0.0000293663553001    0.0009575043508157
  0.0438824887040437    0.0001474555384562    0.0000248157554866    0.0009622918725698
  0.0441019011475639    0.0002081313784237    0.0000254628413112    0.0009671033319327
  0.0443224106533017    0.0001490937023061    0.0000224465019427    0.0009719388485923
  0.0445440227065682    0.0001190922956515    0.0000209244432465    0.0009767985428353
  0.0447667428201010    0.0000996909549478    0.0000200404383913    0.0009816825355495
  0.0449905765342015    0.0000907888040786    0.0000189214771539    0.0009865909482272
  0.0452155294168725    0.0000777391649899    0.0000184830763529    0.0009915239029683
  0.0454416070639569    0.0000837090186501    0.0000181657415965    0.0009964815224832
  0.0456688150992767    0.0001368429303143    0.0000219535126080    0.0010014639300956
  0.0458971591747730    0.0001117239975418    0.0000191418412309    0.0010064712497461
  0.0461266449706469    0.0001263038967764    0.0000196363438712    0.0010115036059948
  0.0463572781955001    0.0001509290646275    0.0000206843787985    0.0010165611240248
  0.0465890645864776    0.0001253982228885    0.0000211278497193    0.0010216439296449
  0.0468220099094100    0.0001799978990909    0.0000226045516782    0.0010267521492931
  0.0470561199589570    0.0002319132952596    0.0000253268307807    0.0010318859100396
  0.0472914005587518    0.0002526904992943    0.0000263554308905    0.0010370453395898
  0.0475278575615456    0.0002721186326439    0.0000261726478223    0.0010422305662877
  0.0477654968493533    0.0003571063690654    0.0000305201510483    0.0010474417191192
  0.0480043243336001    0.0004393832417756    0.0000325505771442    0.0010526789277148
  0.0482443459552681    0.0003974469766688    0.0000317526945073    0.0010579423223533
  0.0484855676850444    0.0004898670974012    0.0000335266224479    0.0010632320339651
  0.0487279955234696    0.0005160356616735    0.0000358156298666    0.0010685481941349
  0.0489716355010870    0.0005455326776499    0.0000358196729160    0.0010738909351056
  0.0492164936785924    0.0006761677321846    0.0000403147483302    0.0010792603897811
  0.0494625761469853    0.0007354875215216    0.0000429836822498    0.0010846566917300
  0.0497098890277203    0.0007316465680070    0.0000417825908839    0.0010900799751887
  0.0499584384728589    0.0007701749880601    0.0000406188489524    0.0010955303750646
  0.0502082306652232    0.0009009301394383    0.0000438345977189    0.0011010080269400
  0.0504592718185493    0.0009159381262333    0.0000444928667858    0.0011065130670747
  0.0507115681776420    0.0009066168678865    0.0000430714500223    0.0011120456324100
  0.0509651260185302    0.0009512105059266    0.0000446883826450    0.0011176058605721
  0.0512199516486228    0.0010442130382759    0.0000465043984667    0.0011231938898749
  0.0514760514068660    0.0010066858737230    0.0000453260138185    0.0011288098593243
  0.0517334316639003    0.0012118595636799    0.0000503252801464    0.0011344539086209
  0.0519920988222198    0.0010931266643925    0.0000471992058628    0.0011401261781640
  0.0522520593163309    0.0012655342588853    0.0000506205834362    0.0011458268090549
  0.0525133196129125    0.0013511191271816    0.0000517710534236    0.0011515559431001
  0.0527758862109771    0.0013798083331863    0.0000526535712639    0.0011573137228156
  0.0530397656420320    0.0015540691393862    0.0000557164271514    0.0011631002914297
  0.0533049644702421    0.0014255995880997    0.0000526310563335    0.0011689157928869
  0.0535714892925933    0.0014996664953471    0.0000551077315283    0.0011747603718513
  0.0538393467390563    0.0014766487909888    0.0000548127509359    0.0011806341737106
  0.0541085434727516    0.0016998123999076    0.0000601480987332    0.0011865373445791
  0.0543790861901153    0.0016742398686673    0.0000572675733260    0.0011924700313020
  0.0546509816210659    0.0017135493886543    0.0000561472283629    0.0011984323814585
  0.0549242365291712    0.0017624420161107    0.0000567405856014    0.0012044245433658
  0.0551988577118171    0.0017667912778304    0.0000564549485671    0.0012104466660826
  0.0554748520003761    0.0016998452631803    0.0000540831091346    0.0012164988994130
  0.0557522262603780    0.0018498456127919    0.0000574535571136    0.0012225813939101
  0.0560309873916799    0.0019697340076101    0.0000599697532441    0.0012286943008797
  0.0563111423286383    0.0019526960344916    0.0000591059844431    0.0012348377723841
  0.0565926980402815    0.0019494415723217    0.0000591235910989    0.0012410119612460
  0.0568756615304829    0.0018815198722860    0.0000583064572855    0.0012472170210522
  0.0571600398381353    0.0020020659907539    0.0000603314907961    0.0012534531061575
  0.0574458400373259    0.0020239274900613    0.0000597306705858    0.0012597203716883
  0.0577330692375126    0.0020142038950795    0.0000585308440070    0.0012660189735467
  0.0580217345837001    0.0019597357943320    0.0000571919748362    0.0012723490684144
  0.0583118432566186    0.0019378300433086    0.0000575614616978    0.0012787108137565
  0.0586034024729017    0.0019604671296628    0.0000576444937610    0.0012851043678253
  0.0588964194852662    0.0019948155199233    0.0000567030490124    0.0012915298896644
  0.0591909015826925    0.0019577902690173    0.0000571228514881    0.0012979875391127
  0.0594868560906060    0.0019555677777486    0.0000562290905273    0.0013044774768083
  0.0597842903710590    0.0020348672545848    0.0000579390022294    0.0013109998641923
  0.0600832118229143    0.0020136657648251    0.0000570138461333    0.0013175548635133
  0.0603836278820289    0.0020194989669061    0.0000573651072616    0.0013241426378309
  0.0606855460214390    0.0019816951607506    0.0000559683469388    0.0013307633510200
  0.0609889737515462    0.0019563708899023    0.0000556207295330    0.0013374171677751
  0.0612939186203039    0.0019758299710375    0.0000560932521054    0.0013441042536140
  0.0616003882134054    0.0018449154533938    0.0000534105682073    0.0013508247748821
  0.0619083901544725    0.0018555631029362    0.0000536451439092    0.0013575788987565
  0.0622179321052448    0.0018445213048426    0.0000531974911620    0.0013643667932503
  0.0625290217657710    0.0019162107861663    0.0000544465388437    0.0013711886272165
  0.0628416668745999    0.0018902775158155    0.0000542669630025    0.0013780445703526
  0.0631558752089729    0.0017719161216740    0.0000512461800797    0.0013849347932044
  0.0634716545850177    0.0018157820760343    0.0000524789205319    0.0013918594671704
  0.0637890128579428    0.0016944513019354    0.0000502519653349    0.0013988187645062
  0.0641079579222325    0.0016103263914920    0.0000485748905498    0.0014058128583288
  0.0644284977118437    0.0016826280861294    0.0000497378286664    0.0014128419226204
  0.0647506402004029    0.0015403799210129    0.0000482613033815    0.0014199061322335
  0.0650743934014049    0.0015097358754188    0.0000481120602191    0.0014270056628947
  0.0653997653684119    0.0015386776400689    0.0000497397309020    0.0014341406912091
  0.0657267641952540    0.0014502961177688    0.0000482430777178    0.0014413113946652
  0.0660553980162302    0.0014034683016410    0.0000468798599016    0.0014485179516385
  0.0663856750063114    0.0014288413194625    0.0000465512435133    0.0014557605413967
  0.0667176033813429    0.0014047488924819    0.0000456767665464    0.0014630393441037
  0.0670511913982496    0.0012788007640542    0.0000430291258114    0.0014703545408242
  0.0673864473552409    0.0012419392118516    0.0000417008752583    0.0014777063135283
  0.0677233795920171    0.0012263426903025    0.0000413618441365    0.0014850948450960
  0.0680619964899772    0.0011936817722976    0.0000407636874978    0.0014925203193215
  0.0684023064724270    0.0011297135402538    0.0000398130381215    0.0014999829209181
  0.0687443180047892    0.0010251154717102    0.0000371957863297    0.0015074828355227
  0.0690880395948131    0.0009772371138346    0.0000360295979833    0.0015150202497003
  0.0694334797927871    0.0009955715746015    0.0000357977467181    0.0015225953509488
  0.0697806471917511    0.0008584704198245    0.0000333232773679    0.0015302083277035
  0.0701295504277098    0.0008868086950924    0.0000337766245590    0.0015378593693420
  0.0704801981798484    0.0008262957508920    0.0000328835737036    0.0015455486661887
  0.0708325991707476    0.0007540351844538    0.0000304798909864    0.0015532764095197
  0.0711867621666013    0.0007528966632952    0.0000301821692584    0.0015610427915673
  0.0715426959774343    0.0007214831854702    0.0000292005323927    0.0015688480055251
  0.0719004094573215    0.0006708081627696    0.0000286579786854    0.0015766922455527
  0.0722599115046081    0.0006364227673790    0.0000276245646519    0.0015845757067805
  0.0726212110621311    0.0005331422908122    0.0000250574231311    0.0015924985853144
  0.0729843171174418    0.0005218745184393    0.0000245553837909    0.0016004610782410
  0.0733492387030290    0.0005086137054141    0.0000246510691869    0.0016084633836322
  0.0737159848965441    0.0004735804084017    0.0000235167796213    0.0016165057005503
  0.0740845648210268    0.0004389307983276    0.0000227202355682    0.0016245882290531
  0.0744549876451319    0.0003407867595167    0.0000199961194694    0.0016327111701984
  0.0748272625833576    0.0003557649505520    0.0000198716606281    0.0016408747260494
  0.0752013988962744    0.0003150742646802    0.0000187594087990    0.0016490790996796
  0.0755774058907557    0.0002762404692850    0.0000179863782919    0.0016573244951780
  0.0759552929202095    0.0002603351737818    0.0000172761460895    0.0016656111176539
  0.0763350693848105    0.0002483873286084    0.0000169442290342    0.0016739391732422
  0.0767167447317346    0.0002375246094701    0.0000163693578643    0.0016823088691084
  0.0771003284553933    0.0001602696129723    0.0000137196322047    0.0016907204134539
  0.0774858300976702    0.0001805141953319    0.0000145015776548    0.0016991740155212
  0.0778732592481586    0.0001624471702047    0.0000138959547734    0.0017076698855988
  0.0782626255443993    0.0001177824897806    0.0000124501714688    0.0017162082350268
  0.0786539386721213    0.0000944704349720    0.0000117946685933    0.0017247892762019
  0.0790472083654819    0.0001220221553889    0.0000123902593626    0.0017334132225829
  0.0794424444073093    0.0001185250788526    0.0000121233485215    0.0017420802886958
  0.0798396566293459    0.0000906768359227    0.0000108978125123    0.0017507906901393
  0.0802388549124926    0.0000791808462444    0.0000101420584181    0.0017595446435900
  0.0806400491870551    0.0000730506621269    0.0000100497675377    0.0017683423668080
  0.0810432494329903    0.0000620036182123    0.0000094479946130    0.0017771840786420
  0.0814484656801553    0.0000604043671250    0.0000185111970062    0.0017829600701965
  0.0814484656801553    0.0000730062955663    0.0000097344250236    0.0017860699990352
  0.0818557080085560    0.0000614610043945    0.0000091127044593    0.0017950003490304
  0.0818557080085560    0.0000708204065909    0.0000086881027330    0.0017918748705475
  0.0822649865485988    0.0000396997521771    0.0000066611490114    0.0018008342449002
  0.0822649865485988    0.0000558886710877    0.0000086123766882    0.0018039753507755
  0.0826763114813418    0.0000464419874419    0.0000089368295745    0.0018129952275294
  0.0826763114813418    0.0000370411638090    0.0000066034634005    0.0018098384161247
  0.0830896930387485    0.0000385033025255    0.0000064564096471    0.0018188876082053
  0.0830896930387485    0.0000694049541441    0.0000098093360632    0.0018220602036671
  0.0835051415039422    0.0000423066450693    0.0000088006229546    0.0018311705046854
  0.0835051415039422    0.0000469479106445    0.0000072301686332    0.0018279820462464
  0.0839226672114619    0.0000358246596090    0.0000060745814112    0.0018371219564776
  0.0839226672114619    0.0000419986719108    0.0000082994818154    0.0018403263572088
  0.0843422805475192    0.0000738501115620    0.0000094717174705    0.0018495279889949
  0.0843422805475192    0.0000579273368865    0.0000073786947303    0.0018463075662600
  0.0847639919502568    0.0000599345653673    0.0000098329694748    0.0018587756289398
  0.0847639919502568    0.0000392872212175    0.0000063580115155    0.0018555391040913
  0.0851878119100081    0.0000627238835198    0.0000073567859569    0.0018648167996117
  0.0851878119100081    0.0000513450098425    0.0000097610884113    0.0018680695070845
  0.0856137509695581    0.0000795822603609    0.0000106907055628    0.0018774098546200
  0.0856137509695581    0.0000639065272315    0.0000071781413416    0.0018741408836098
  0.0860418197244059    0.0000771203091189    0.0000106164937447    0.0018867969038931
  0.0860418197244059    0.0000607353658600    0.0000073658062925    0.0018835115880279
  0.0864720288230279    0.0000660329822107    0.0000073117643068    0.0018929291459680
  0.0864720288230279    0.0000865837799266    0.0000106878881197    0.0018962308884125
  0.0869043889671431    0.0001095704782395    0.0000110693721816    0.0019057120428546
  0.0869043889671431    0.0000774904994487    0.0000082988455760    0.0019023937916978
  0.0873389109119788    0.0000903760269742    0.0000084124822046    0.0019119057606563
  0.0873389109119788    0.0001001331533321    0.0000105330890434    0.0019152406030689
  0.0877756054665386    0.0001150532897488    0.0000113843884931    0.0019248168060842
  0.0877756054665386    0.0000891758064576    0.0000082569525737    0.0019214652894596
  0.0882144834938713    0.0001057709832365    0.0000092267721606    0.0019310726159069
  0.0882144834938713    0.0001096196620770    0.0000116787270127    0.0019344408901146
  0.0886555559113407    0.0000970408261676    0.0000114167945031    0.0019441130945652
  0.0886555559113407    0.0001082462160241    0.0000091065016684    0.0019407279789864
  0.0890988336908974    0.0000964596266728    0.0000084580389548    0.0019504316188814
  0.0890988336908974    0.0001202379292736    0.0000124125834408    0.0019538336600380
  0.0895443278593518    0.0001351454663172    0.0000124109282023    0.0019636028283382
  0.0895443278593518    0.0001194735581336    0.0000092033547637    0.0019601837769758
  0.0899920494986486    0.0001403661607381    0.0000126040387749    0.0019734208424799
  0.0899920494986486    0.0001436245453211    0.0000103124730955    0.0019699846958607
  0.0904420097461418    0.0001250774132540    0.0000091753251179    0.0019798346193400
  0.0904420097461418    0.0001709937469025    0.0000131748861735    0.0019832879466923
  0.0908942197948725    0.0001761487330784    0.0000138171390183    0.0019932043864258
  0.0908942197948725    0.0001399326871244    0.0000096351511180    0.0019897337924367
  0.0913486908938469    0.0001575169841471    0.0000100954477048    0.0019996824613988
  0.0913486908938469    0.0001443877293734    0.0000129402272218    0.0020031704083579
  0.0918054343483161    0.0001954334068674    0.0000145445034354    0.0020131862603997
  0.0918054343483161    0.0001738850553621    0.0000106941153761    0.0020096808737058
  0.0922644615200577    0.0001729564403627    0.0000107388970882    0.0020197292780744
  0.0922644615200577    0.0001690248423637    0.0000141358149806    0.0020232521917017
  0.0927257838276579    0.0001581045696790    0.0000137019112279    0.0020333684526602
  0.0927257838276579    0.0001768176820856    0.0000108903859347    0.0020298279244647
  0.0931894127467962    0.0001689706362877    0.0000104512203531    0.0020399770640871
  0.0931894127467962    0.0001892510980633    0.0000149030435818    0.0020435352949235
  0.0936553598105302    0.0001918998048435    0.0000151698220439    0.0020537529713981
  0.0936553598105302    0.0001898631126472    0.0000110869814485    0.0020501769494075
  0.0941236366095829    0.0001715094878229    0.0000098439614802    0.0020604278341545
  0.0941236366095829    0.0002020563693269    0.0000143228217721    0.0020640217362551
  0.0945942547926308    0.0001863688801502    0.0000140839915361    0.0020743418449364
  0.0945942547926308    0.0001778728188688    0.0000102986490245    0.0020707299733253
  0.0950672260665939    0.0001701790481724    0.0000138661231780    0.0020847135541611
  0.0950672260665939    0.0001950121054129    0.0000107189055559    0.0020810836231919
  0.0955425621969268    0.0001755158860299    0.0000099103210910    0.0020914890413079
  0.0960202750079115    0.0001997786259024    0.0000106642601636    0.0021019464865144
  0.0965003763829510    0.0001968902971274    0.0000107860277554    0.0021124562189470
  0.0969828782648658    0.0001832691412777    0.0000097722618323    0.0021230185000417
  0.0974677926561901    0.0001869037023328    0.0000098034452855    0.0021336335925419
  0.0979551316194710    0.0001845190636046    0.0000099509482208    0.0021443017605046
  0.0984449072775684    0.0001774607285927    0.0000093063008446    0.0021550232693072
  0.0989371318139562    0.0001801993379040    0.0000094129146301    0.0021657983856537
  0.0994318174730260    0.0001794289018390    0.0000091669932115    0.0021766273775820
  0.0999289765603911    0.0001662622547236    0.0000086468640343    0.0021875105144699
  0.1004286214431930    0.0001809200010887    0.0000091630096005    0.0021984480670422
  0.1009307645504090    0.0001782406007184    0.0000091195982153    0.0022094403073774
  0.1014354183731610    0.0001654723911800    0.0000081394357194    0.0022204875089143
  0.1019425954650268    0.0001619844747336    0.0000083176081894    0.0022315899464589
  0.1024523084423520    0.0001581311637168    0.0000082488632598    0.0022427478961912
  0.1029645699845637    0.0001363448830285    0.0000073746202521    0.0022539616356722
  0.1034793928344865    0.0001293014832586    0.0000071326187452    0.0022652314438505
  0.1039967897986589    0.0001293493778731    0.0000072124591664    0.0022765576010698
  0.1045167737476522    0.0001248089925849    0.0000068188619111    0.0022879403890751
  0.1050393576163905    0.0001208217012726    0.0000066820096437    0.0022993800910205
  0.1055645544044724    0.0001048422305561    0.0000061468393450    0.0023108769914756
  0.1060923771764948    0.0000915094748934    0.0000055813300681    0.0023224313764330
  0.1066228390623772    0.0000918420662269    0.0000056105259668    0.0023340435333151
  0.1071559532576891    0.0000868651081869    0.0000056020065060    0.0023457137509817
  0.1076917330239775    0.0000849983733284    0.0000053713608589    0.0023574423197366
  0.1082301916890974    0.0000719874656416    0.0000048275268834    0.0023692295313353
  0.1087713426475429    0.0000596838309396    0.0000044821497226    0.0023810756789920
  0.1093151993607806    0.0000597425981750    0.0000043703892147    0.0023929810573869
  0.1098617753575845    0.0000548111272378    0.0000042262870877    0.0024049459626739
  0.1104110842343724    0.0000481319831072    0.0000039320565949    0.0024169706924872
  0.1109631396555442    0.0000401313971831    0.0000036232165894    0.0024290555459497
  0.1115179553538219    0.0000390267155475    0.0000035152595519    0.0024412008236794
  0.1120755451305910    0.0000275595513353    0.0000033656383016    0.0024534068277978
  0.1126359228562440    0.0000247697613441    0.0000029243444939    0.0024656738619368
  0.1131991024705252    0.0000267106954833    0.0000031496611601    0.0024780022312465
  0.1137650979828778    0.0000208718533280    0.0000029514257052    0.0024903922424027
  0.1143339234727922    0.0000150317002803    0.0000028307651225    0.0025028442036147
  0.1149055930901561    0.0000192693442084    0.0000028021550213    0.0025153584246328
  0.1154801210556069    0.0000136429716975    0.0000026270902007    0.0025279352167560
  0.1160575216608849    0.0000134713718012    0.0000025144788417    0.0025405748928398
  0.1166378092691893    0.0000078812022260    0.0000023490308461    0.0025532777673040
  0.1172209983155353    0.0000016865783395    0.0000023471718603    0.0025660441561405
  0.1178071033071129    0.0000079015497699    0.0000023499256213    0.0025788743769212
  0.1183961388236485    0.0000021117044923    0.0000022702958626    0.0025917687488058
  0.1189881195177667    0.0000008704979939    0.0000023160967285    0.0026047275925498
  0.1195830601153555    0.0000005954485606    0.0000021860937816    0.0026177512305126
  0.1201809754159323    0.0000003764620075    0.0000022443781296    0.0026308399866651
  0.1207818802930119    0.0000041446729804    0.0000022960664480    0.0026439941865984
  0.1213857896944770    0.0000000271891679    0.0000023237662428    0.0026572141575314
  0.1219927186429494    0.0000056089404362    0.0000021420607388    0.0026705002283191
  0.1226026822361641    0.0000069548094687    0.0000021945155684    0.0026838527294607
  0.1232156956473449    0.0000029322860429    0.0000020299458459    0.0026972719931080
  0.1238317741255816    0.0000067635791700    0.0000022334221077    0.0027107583530735
  0.1244509329962095    0.0000100423949896    0.0000021534275885    0.0027243121448389
  0.1250731876611905    0.0000077886867461    0.0000021006591709    0.0027379337055631
  0.1256985535994965    0.0000129723118793    0.0000022119917554    0.0027516233740909
  0.1263270463674940    0.0000113436325946    0.0000022400158514    0.0027653814909614
  0.1269586815993314    0.0000108672610909    0.0000022924666319    0.0027792083984162
  0.1275934750073280    0.0000171058472922    0.0000022754417933    0.0027931044404083
  0.1282314423823647    0.0000167917665507    0.0000022199786609    0.0028070699626103
  0.1288725995942765    0.0000188109751485    0.0000023294019024    0.0028211053124233
  0.1295169625922478    0.0000182320574061    0.0000022669343709    0.0028352108389855
  0.1301645474052091    0.0000175961612172    0.0000021953051678    0.0028493868931804
  0.1308153701422351    0.0000218309002123    0.0000023307314744    0.0028636338276463
  0.1314694469929463    0.0000191026270935    0.0000022313413749    0.0028779519967845
  0.1321267942279110    0.0000173482574639    0.0000022293423055    0.0028923417567684
  0.1327874281990505    0.0000226645068018    0.0000022467913018    0.0029068034655523
  0.1334513653400458    0.0000186105722888    0.0000021639284965    0.0029213374828800
  0.1341186221667460    0.0000202819753132    0.0000020929279943    0.0029359441702944
  0.1347892152775797    0.0000227260995930    0.0000022298137942    0.0029506238911459
  0.1354631613539676    0.0000145577590414    0.0000019876369533    0.0029653770106016
  0.1361404771607374    0.0000227712174781    0.0000021485377953    0.0029802038956547
  0.1368211795465411    0.0000194025079754    0.0000020748702469    0.0029951049151329
  0.1375052854442738    0.0000136236545326    0.0000019364638141    0.0030100804397086
  0.1381928118714951    0.0000159478475054    0.0000019890470761    0.0030251308419071
  0.1388837759308526    0.0000120634869302    0.0000019465846259    0.0030402564961167
  0.1395781948105068    0.0000121186278853    0.0000017920116238    0.0030554577785973
  0.1402760857845594    0.0000101628217452    0.0000018004025351    0.0030707350674902
  0.1409774662134821    0.0000129701546925    0.0000018678234856    0.0030860887428277
  0.1416823535445495    0.0000120169004586    0.0000018550552734    0.0031015191865418
  0.1423907653122723    0.0000090216108920    0.0000017898309966    0.0031170267824745
  0.1431027191388336    0.0000063862294075    0.0000017487465470    0.0031326119163869
  0.1438182327345278    0.0000075817841886    0.0000017540441023    0.0031482749759688
  0.1445373238982004    0.0000052441351506    0.0000017527531039    0.0031640163508487
  0.1452600105176914    0.0000027723711108    0.0000015932617302    0.0031798364326029
  0.1459863105702798    0.0000030799351015    0.0000015062532683    0.0031957356147659
  0.1467162421231312    0.0000028030055585    0.0000015752927745    0.0032117142928398
  0.1474498233337468    0.0000032918574050    0.0000014709161955    0.0032277728643040
  0.1481870724504156    0.0000018013851335    0.0000014312919793    0.0032439117286255
  0.1489280078126676   -0.0000006389933671    0.0000014978249391    0.0032601312872686
  0.1496726478517310   -0.0000009051067361    0.0000014411177427    0.0032764319437050
  0.1504210110909896    0.0000013037273161    0.0000014776246008    0.0032928141034235
  0.1511731161464445    0.0000014641734097    0.0000013983173659    0.0033092781739406
  0.1519289817271767    0.0000017062566253    0.0000014544241498    0.0033258245648103
  0.1526886266358126    0.0000022586946984    0.0000014209638363    0.0033424536876344
  0.1534520697689916    0.0000013213360174    0.0000014104367038    0.0033591659560725
  0.1542193301178366    0.0000043271224790    0.0000014837181639    0.0033759617858529
  0.1549904267684257    0.0000039630590595    0.0000014557194867    0.0033928415947822
  0.1557653789022678    0.0000042455060140    0.0000014525764364    0.0034098058027561
  0.1565442057967792    0.0000046567825309    0.0000014676001568    0.0034268548317698
  0.1573269268257630    0.0000048395677356    0.0000014867497096    0.0034439891059287
  0.1581135614598919    0.0000054091451822    0.0000015044920277    0.0034612090514583
  0.1589041292671913    0.0000096773949741    0.0000015135034583    0.0034785150967156
  0.1596986499135272    0.0000078954699528    0.0000014257353834    0.0034959076721992
  0.1604971431630948    0.0000075482299459    0.0000014740172324    0.0035133872105602
  0.1612996288789103    0.0000078894974109    0.0000015123542717    0.0035309541466130
  0.1621061270233048    0.0000117451279705    0.0000015359477766    0.0035486089173461
  0.1629166576584213    0.0000105401518654    0.0000015058889652    0.0035663519619328
  0.1637312409467134    0.0000145807453050    0.0000015254550610    0.0035841837217425
  0.1645498971514470    0.0000117852080767    0.0000015681567167    0.0036021046403512
  0.1653726466372042    0.0000135827834002    0.0000015156924296    0.0036201151635529
  0.1661995098703902    0.0000137822913493    0.0000015572052064    0.0036382157393707
  0.1670305074197421    0.0000139502937311    0.0000015147784027    0.0036564068180675
  0.1678656599568408    0.0000117049717522    0.0000014802326978    0.0036746888521579
  0.1687049882566250    0.0000124731159186    0.0000015509821268    0.0036930622964187
  0.1695485131979081    0.0000122508395644    0.0000014921194360    0.0037115276079008
  0.1703962557638976    0.0000100502547961    0.0000014495548649    0.0037300852459403
  0.1712482370427171    0.0000110808246569    0.0000014341907317    0.0037487356721700
  0.1721044782279307    0.0000125235692351    0.0000014547560802    0.0037674793505308
  0.1729650006190703    0.0000104553812358    0.0000014592973705    0.0037863167472835
  0.1738298256221656    0.0000124373296502    0.0000014357358209    0.0038052483310199
  0.1746989747502765    0.0000092888045571    0.0000014455739210    0.0038242745726750
  0.1755724696240278    0.0000079063196843    0.0000013981181115    0.0038433959455384
  0.1764503319721480    0.0000080836918014    0.0000013789351234    0.0038626129252661
  0.1773325836320087    0.0000066522620733    0.0000013992931853    0.0038819259898924
  0.1782192465501687    0.0000074358491138    0.0000013900932551    0.0039013356198418
  0.1791103427829195    0.0000065263330601    0.0000013852668944    0.0039208422979411
  0.1800058944968341    0.0000069022301581    0.0000013268598676    0.0039404465094308
  0.1809059239693183    0.0000057796850682    0.0000013441838601    0.0039601487419779
  0.1818104535891648    0.0000073423669159    0.0000013198838432    0.0039799494856878
  0.1827195058571106    0.0000031355196939    0.0000013151190472    0.0039998492331162
  0.1836331033863962    0.0000057478036496    0.0000012843189093    0.0040198484792818
  0.1845512689033281    0.0000043074752769    0.0000012777403527    0.0040399477216782
  0.1854740252478447    0.0000041197044525    0.0000013033167111    0.0040601474602866
  0.1864013953740840    0.0000038526308003    0.0000013079656209    0.0040804481975881
  0.1873334023509544    0.0000028502076254    0.0000013472380617    0.0041008504385760
  0.1882700693627091    0.0000056792733898    0.0000013560425042    0.0041213546907689
  0.1892114197095226    0.0000049271543482    0.0000013374513321    0.0041419614642227
  0.1901574768080702    0.0000081979065441    0.0000014471807253    0.0041626712715438
  0.1911082641921105    0.0000069324968777    0.0000014870412652    0.0041834846279015
  0.1920638055130711    0.0000043249173837    0.0000014328997001    0.0042044020510411
  0.1930241245406364    0.0000078401746310    0.0000013940269172    0.0042254240612963
  0.1939892451633396    0.0000071170061862    0.0000014392827445    0.0042465511816027
  0.1949591913891562    0.0000057783425824    0.0000014233193723    0.0042677839375108
  0.1959339873461020    0.0000091910531314    0.0000014046164359    0.0042891228571983
  0.1969136572828325    0.0000093672147513    0.0000014007361487    0.0043105684714843
  0.1978982255692466    0.0000089874495638    0.0000013560208016    0.0043321213138417
  0.1988877166970929    0.0000105345172523    0.0000014290887095    0.0043537819204109
  0.1998821552805783    0.0000129358598160    0.0000014396218372    0.0043755508300130
  0.2008815660569812    0.0000119288725786    0.0000014164600654    0.0043974285841630
  0.2018859738872660    0.0000103610500708    0.0000013981739377    0.0044194157270839
  0.2028954037567023    0.0000095328698024    0.0000013694802699    0.0044415128057193
  0.2039098807754859    0.0000118183421969    0.0000014082930187    0.0044637203697479
  0.2049294301793633    0.0000087426612344    0.0000013044658188    0.0044860389715966
  0.2059540773302601    0.0000102067007887    0.0000013623477388    0.0045084691664546
  0.2069838477169113    0.0000097198577934    0.0000013572829355    0.0045310115122869
  0.2080187669554959    0.0000098472470820    0.0000013094944479    0.0045536665698483
  0.2090588607902733    0.0000091785343249    0.0000012716066117    0.0045764349026975
  0.2101041550942246    0.0000073397518330    0.0000012899872579    0.0045993170772110
  0.2111546758696958    0.0000093232932937    0.0000013107035728    0.0046223136625971
  0.2122104492490442    0.0000051811466595    0.0000012608498811    0.0046454252309101
  0.2132715014952894    0.0000071496218902    0.0000011873055881    0.0046686523570646
  0.2143378590027659    0.0000058149746892    0.0000012766069286    0.0046919956188499
  0.2154095482977796    0.0000045453926677    0.0000012353267918    0.0047154555969442
  0.2164865960392685    0.0000034183068709    0.0000012091444822    0.0047390328749289
  0.2175690290194648    0.0000056144528294    0.0000011986839965    0.0047627280393036
  0.2186568741645621    0.0000042172134193    0.0000012086457730    0.0047865416795001
  0.2197501585353849    0.0000029331191196    0.0000011871808209    0.0048104743878976
  0.2208489093280618    0.0000022372406591    0.0000011528726427    0.0048345267598371
  0.2219531538747021    0.0000014487139775    0.0000011573032074    0.0048586993936362
  0.2230629196440756    0.0000031408901420    0.0000011915911768    0.0048829928906044
  0.2241782342422960    0.0000025822727352    0.0000011630710227    0.0049074078550575
  0.2252991254135074    0.0000031340350580    0.0000011673589671    0.0049319448943327
  0.2264256210405749    0.0000013879426367    0.0000011803323958    0.0049566046188044
  0.2275577491457778    0.0000055983054190    0.0000011622563994    0.0049813876418984
  0.2286955378915067    0.0000049662483744    0.0000012046580133    0.0050062945801079
  0.2298390155809641    0.0000035887052011    0.0000011737048300    0.0050313260530085
  0.2309882106588690    0.0000056702969812    0.0000011985778680    0.0050564826832735
  0.2321431517121633    0.0000041662518761    0.0000011856458366    0.0050817650966899
  0.2333038674707241    0.0000045842832644    0.0000011571735852    0.0051071739221733
  0.2344703868080777    0.0000051048115853    0.0000011590998103    0.0051327097917842
  0.2356427387421181    0.0000024212706966    0.0000011966481585    0.0051583733407431
  0.2368209524358286    0.0000040220518659    0.0000011799347427    0.0051841652074468
  0.2380050571980077    0.0000026579828551    0.0000011714089224    0.0052100860334840
  0.2391950824839977    0.0000040010979559    0.0000011475757510    0.0052361364636515
  0.2403910578964177    0.0000024709488011    0.0000011754163360    0.0052623171459697
  0.2415930131858998    0.0000033841166503    0.0000011719974009    0.0052886287316996
  0.2428009782518292    0.0000057271441772    0.0000011792152284    0.0053150718753581
  0.2440149831430883    0.0000048830396603    0.0000011365822602    0.0053416472347349
  0.2452350580588037    0.0000019612852023    0.0000011584733636    0.0053683554709085
  0.2464612333490978    0.0000030739101979    0.0000011432143575    0.0053951972482631
  0.2476935395158432    0.0000009077295331    0.0000011164873064    0.0054221732345044
  0.2489320072134224    0.0000018547429845    0.0000011428613746    0.0054492841006769
  0.2501766672494895   -0.0000002020151950    0.0000011075399237    0.0054765305211803
  0.2514275505857369    0.0000027150462555    0.0000011475374123    0.0055039131737862
  0.2526846883386655   -0.0000009432950283    0.0000011285212630    0.0055314327396551
  0.2539481117803589    0.0000014819737861    0.0000011137597698    0.0055590899033534
  0.2552178523392606    0.0000007709570161    0.0000011091078333    0.0055868853528702
  0.2564939416009570    0.0000000299965044    0.0000011123641185    0.0056148197796345
  0.2577764113089617   -0.0000001518356057    0.0000011293431193    0.0056428938785327
  0.2590652933655064   -0.0000006599042279    0.0000011067525789    0.0056711083479254
  0.2603606198323339    0.0000007988654530    0.0000011019176869    0.0056994638896650
  0.2616624229314956    0.0000007470907213    0.0000011074214849    0.0057279612091133
  0.2629707350461531    0.0000019277385922    0.0000011232942926    0.0057566010151589
  0.2642855887213838   -0.0000009624255666    0.0000011200302626    0.0057853840202347
  0.2656070166649907    0.0000004164398446    0.0000011237315117    0.0058143109403358
  0.2669350517483157    0.0000002473420821    0.0000011347051466    0.0058433824950375
  0.2682697270070572    0.0000001162152533    0.0000011341473792    0.0058725994075127
  0.2696110756420924    0.0000004271550875    0.0000011364615388    0.0059019624045503
  0.2709591310203028    0.0000025976059669    0.0000011405409158    0.0059314722165730
  0.2723139266754043    0.0000009384945651    0.0000011707373173    0.0059611295776559
  0.2736754963087813   -0.0000002929572477    0.0000011374003583    0.0059909352255442
  0.2750438737903252    0.0000006284084137    0.0000011808904708    0.0060208899016719
  0.2764190931592768    0.0000014520529878    0.0000011454456375    0.0060509943511802
  0.2778011886250731    0.0000004952942111    0.0000011480177123    0.0060812493229361
